18
18
18
18
18
18
18
18
18
18
18
27
27
27
27
28
30
30
30
30
30
30
30
30
31
31
31
31
31
31
31
31
32
32
32
32
32
32
32
32
33
33
33
33
33
33
33
33
34
34
34
34
34
34
34
34
35
35
35
35
35
35
35
35
36
36
36
36
36
36
36
36
37
37
37
37
37
37
37
37
38
38
38
38
38
38
38
38
39
39
39
39
39
39
39
39
40
40
40
40
40
40
40
40
41
41
41
41
41
41
41
41
42
42
42
42
42
42
42
42
43
43
43
43
43
43
43
43
44
44
44
44
44
44
44
44
45
45
45
45
45
45
45
45
46
46
46
46
46
46
46
46
47
47
47
47
47
47
47
47
48
48
48
48
48
48
48
48
49
49
49
49
49
49
49
49
50
50
50
50
50
50
50
50
62
62
62
62
62
62
62
62
62
63
64
64
64
64
64
64
64
64
64
65
77
77
77
77
77
77
77
77
77
78
79
79
79
79
79
79
79
79
79
80
92
92
92
92
92
92
92
92
92
93
94
94
94
94
94
94
94
94
94
95
110
110
110
110
110
110
110
110
110
111
112
112
112
112
112
112
112
112
112
113
130
130
130
130
130
130
130
130
130
131
132
132
132
132
132
132
132
132
132
133
136
136
136
136
137
137
139
140
