17
17
17
17
17
17
17
17
17
17
17
17
17
19
19
19
19
19
19
19
21
21
21
21
21
21
21
21
21
21
21
22
22
22
22
22
22
22
22
22
22
22
22
22
23
23
23
23
23
23
23
23
23
23
23
23
23
24
24
24
24
24
24
24
24
24
24
24
24
24
24
24
25
25
25
25
25
25
25
25
25
25
25
25
25
25
25
26
26
26
26
26
26
26
26
26
26
26
26
26
26
26
27
27
27
27
27
27
27
27
27
27
27
27
27
27
27
33
33
33
33
33
33
34
34
34
34
34
35
35
35
35
35
35
36
36
36
36
36
36
37
37
37
37
37
37
38
38
38
38
38
39
39
39
39
39
39
40
40
40
40
40
40
40
40
48
48
48
48
48
48
48
48
48
48
48
49
49
49
49
49
50
50
50
50
50
51
51
51
51
51
51
52
52
52
52
52
52
53
55
55
56
56
56
56
56
56
57
57
57
58
60
60
61
61
61
61
61
61
62
62
62
62
62
62
62
62
62
62
62
62
62
63
63
63
64
65
65
65
66
68
68
69
69
69
69
69
69
70
70
70
70
70
70
71
71
71
71
72
74
74
75
75
75
75
75
75
75
75
75
76
76
76
76
76
76
76
76
76
77
77
77
77
78
80
80
80
80
80
80
80
80
80
81
81
81
81
81
81
81
81
82
82
82
83
84
85
85
85
86
88
88
89
89
89
89
89
89
90
90
90
90
90
90
91
91
91
91
92
92
92
92
92
92
92
93
93
93
93
93
93
93
94
95
95
96
96
96
96
96
96
97
98
98
98
98
98
98
98
98
99
99
99
99
99
99
99
100
100
100
100
100
100
100
100
100
100
101
101
101
101
102
102
102
102
103
103
104
104
105
105
105
105
106
107
107
107
107
107
107
107
107
107
107
107
107
108
108
108
109
109
109
110
111
112
114
114
114
114
114
114
114
114
114
114
115
115
115
115
115
115
115
115
115
115
115
115
115
116
116
116
116
116
116
116
116
116
116
116
116
116
116
116
116
117
117
117
117
117
117
117
117
118
118
118
118
118
118
118
118
119
119
119
119
119
119
119
119
119
119
120
120
120
120
121
121
121
121
122
122
123
123
124
124
124
124
125
126
126
126
126
126
126
126
126
126
126
127
127
127
128
128
128
129
130
131
132
132
135
135
135
135
135
135
136
137
138
138
138
139
146
146
146
146
146
146
147
147
147
147
147
147
147
147
147
147
148
148
148
148
148
148
148
148
148
148
148
148
148
148
148
148
148
148
148
148
149
149
149
149
149
149
149
149
149
149
149
149
149
149
150
150
150
150
150
150
150
150
150
150
151
151
151
151
151
151
151
151
151
151
151
151
151
151
151
152
152
152
153
154
155
155
155
156
157
158
