17
17
17
17
17
17
17
17
17
17
17
19
19
19
19
19
19
19
19
19
19
19
20
20
20
20
20
20
20
20
20
20
20
21
21
21
21
21
21
21
21
21
21
21
22
22
22
22
22
22
22
22
22
22
22
23
23
23
23
23
23
23
23
23
23
23
24
24
24
24
24
24
24
24
24
24
24
25
25
25
25
25
25
25
25
25
25
25
25
25
31
31
31
31
35
35
35
35
35
36
36
37
37
37
37
43
43
43
43
43
43
43
44
44
44
44
44
44
45
47
47
47
47
47
47
47
47
47
47
48
48
48
48
49
49
49
49
49
49
49
49
49
49
49
49
49
49
49
49
49
49
49
50
50
50
50
50
50
50
50
51
51
51
51
51
51
51
52
52
52
53
55
55
55
55
55
55
55
55
55
55
56
56
56
56
57
57
57
57
57
57
57
57
57
57
57
57
58
59
68
68
68
68
68
68
68
68
68
69
69
69
69
69
69
69
69
69
70
70
70
70
70
70
70
71
72
73
