17
17
17
17
17
17
17
17
17
17
17
17
17
17
17
19
19
19
19
19
19
19
19
19
19
19
20
20
20
20
20
20
20
20
20
20
20
21
21
21
21
21
21
21
21
21
21
21
22
22
22
22
22
22
22
22
22
22
22
23
23
23
23
23
23
23
23
23
23
23
23
23
24
24
24
24
24
24
24
24
24
24
24
24
24
24
24
28
28
28
28
28
28
30
30
30
30
30
30
31
31
31
31
31
31
33
33
33
33
33
33
33
33
39
39
39
39
39
39
39
40
40
40
40
40
41
43
43
43
43
43
43
44
44
44
44
44
44
44
45
47
47
47
47
47
47
47
47
48
50
50
50
50
50
50
51
51
51
52
54
54
54
54
54
54
55
55
55
56
58
58
58
58
58
58
59
59
59
60
62
62
62
62
62
62
63
63
63
64
66
66
66
66
66
66
67
67
67
67
67
67
67
67
67
67
67
67
67
67
67
68
70
70
70
70
70
70
71
71
71
72
74
74
74
74
74
74
75
75
75
76
78
78
78
78
78
78
79
79
79
80
82
82
82
82
82
82
82
82
83
83
83
83
83
83
83
83
83
83
83
83
83
84
84
84
84
85
86
86
86
86
87
87
87
87
88
89
89
89
89
89
90
90
90
90
90
90
90
91
91
91
91
91
91
94
94
94
95
95
95
95
95
95
95
95
95
95
95
96
96
96
96
96
96
96
97
97
97
97
97
97
97
98
99
99
100
100
100
100
101
102
102
102
102
103
103
103
103
104
105
107
107
107
107
107
107
107
107
108
108
108
108
108
108
108
108
108
108
109
109
109
109
109
109
109
110
110
110
110
110
110
110
110
110
110
110
110
111
112
112
112
112
112
112
112
112
112
112
112
112
112
112
113
113
113
113
113
113
113
113
113
113
114
128
128
128
128
128
128
128
129
129
129
129
129
129
129
129
130
130
130
130
130
130
130
130
131
132
132
132
132
132
132
132
132
132
132
132
132
132
132
132
132
133
135
135
135
135
135
135
135
135
135
135
135
136
136
136
136
136
136
136
136
136
136
137
137
137
137
137
137
137
138
138
138
138
138
138
138
138
138
138
138
138
138
138
139
139
139
139
139
139
139
140
140
140
141
142
142
142
142
142
142
142
142
142
142
142
142
142
142
143
143
143
143
143
143
143
143
143
143
144
145
145
145
145
145
145
145
146
146
146
146
146
146
146
146
147
147
147
147
147
147
147
147
148
149
149
149
149
149
149
149
149
149
149
149
149
149
149
149
149
150
152
152
152
152
152
152
152
152
152
152
152
152
152
152
153
153
153
153
153
153
153
153
153
153
153
153
153
153
153
154
156
156
156
156
156
156
156
156
156
156
157
157
157
157
157
157
157
158
158
158
158
158
158
158
158
158
158
158
158
158
158
158
158
158
159
161
161
161
161
161
161
162
162
162
163
165
165
165
165
165
165
165
165
166
166
166
166
166
166
167
173
173
173
173
173
173
173
173
174
174
174
174
174
174
175
175
175
175
176
178
178
178
178
178
178
179
179
179
179
179
179
179
180
182
182
182
182
182
182
183
183
183
184
186
186
186
186
186
186
186
186
187
187
187
187
187
187
187
188
190
190
190
190
190
190
191
191
191
191
191
191
192
192
192
192
192
192
192
193
194
194
194
194
194
194
194
194
195
195
195
195
195
195
195
195
195
195
195
195
195
196
196
196
196
196
196
196
197
197
197
197
197
197
197
197
197
197
197
197
198
198
198
198
198
198
198
199
199
199
199
199
199
199
200
200
200
200
200
200
200
200
200
200
200
200
200
200
200
200
200
200
200
201
202
202
202
202
202
202
202
203
210
210
210
210
210
210
210
210
211
211
211
211
211
211
211
212
212
212
212
212
212
213
213
213
213
214
215
216
