18
18
18
18
18
18
18
18
18
18
18
18
18
20
20
20
20
20
20
20
21
21
21
21
21
21
21
23
23
23
23
23
23
23
23
23
23
23
23
23
24
24
24
24
24
24
24
24
24
24
24
24
24
38
38
38
38
39
41
41
41
41
41
41
41
41
41
41
41
42
44
44
44
44
44
44
44
44
45
46
47
48
48
48
48
48
48
48
48
49
50
50
50
50
50
50
51
52
52
52
52
52
52
53
53
53
53
53
53
53
54
55
56
56
56
56
56
56
56
56
56
56
56
56
56
56
56
56
56
56
56
57
58
59
60
60
60
60
60
60
60
60
61
62
62
62
62
62
62
63
64
64
64
64
64
64
65
65
65
65
65
65
65
66
67
68
69
70
70
70
70
70
70
70
70
70
71
71
71
71
71
71
71
72
74
76
76
76
76
76
76
76
76
76
76
76
77
78
78
78
78
78
78
78
78
78
79
79
81
81
81
81
81
81
81
82
82
82
82
82
82
82
83
83
83
83
83
83
83
83
83
83
83
83
83
84
84
84
85
85
85
85
85
85
86
87
89
89
89
89
89
89
89
89
89
89
89
90
91
91
91
91
91
91
91
91
91
94
94
94
94
94
94
94
95
95
95
95
95
95
96
96
96
96
96
96
96
96
96
96
96
96
96
96
96
96
96
96
96
97
97
97
97
97
97
98
100
102
