1
1
1
1
1
1
1
1
1
1
1
3
3
3
3
3
3
3
5
5
5
5
5
5
5
5
5
6
6
6
6
6
6
6
6
6
7
7
7
7
7
7
7
7
7
8
8
8
8
8
8
8
8
8
10
10
10
10
10
10
10
10
10
10
10
11
11
11
11
11
11
11
11
11
11
11
11
11
12
12
12
12
12
12
12
12
12
12
12
13
13
13
13
13
13
13
13
13
13
13
13
13
14
14
14
14
14
14
14
14
14
14
14
14
14
15
15
15
15
15
15
15
15
15
15
15
15
15
16
16
16
16
16
16
16
16
16
16
16
16
16
17
17
17
17
17
17
17
17
17
17
17
17
17
18
18
18
18
18
18
18
18
18
18
18
18
18
19
19
19
19
19
19
19
19
19
19
19
19
19
20
20
20
20
20
20
20
20
20
20
20
20
20
20
20
21
21
21
21
21
21
21
21
21
21
21
21
21
21
21
22
22
22
22
22
22
22
22
22
22
22
22
22
22
22
23
23
23
23
23
23
23
23
23
23
23
23
23
23
23
24
24
24
24
24
24
24
24
24
24
24
24
24
24
24
25
25
25
25
25
25
25
25
25
25
25
25
25
25
25
38
38
38
38
38
39
41
41
41
41
41
41
41
41
48
48
48
48
48
48
48
48
48
48
48
49
50
50
50
50
50
50
50
51
51
51
51
51
52
54
54
54
54
54
54
54
54
54
54
54
55
55
55
55
55
55
55
55
55
55
56
56
56
56
56
56
56
57
58
58
58
59
61
61
61
61
61
61
61
61
61
61
61
62
62
62
62
62
62
62
62
62
62
63
63
63
63
63
63
63
64
65
65
65
66
68
68
68
68
68
68
68
68
68
68
68
68
69
70
70
70
70
70
71
71
71
71
71
71
71
72
72
72
73
73
73
73
73
73
73
74
75
75
75
76
78
78
78
78
78
78
78
78
78
78
78
79
79
79
79
79
79
79
79
79
79
80
80
80
80
80
80
80
81
82
82
82
83
85
85
85
85
85
85
85
85
85
85
85
86
86
86
86
86
86
86
86
86
86
87
87
87
87
87
87
87
88
89
89
89
90
92
92
92
92
92
92
92
92
92
92
92
92
93
94
94
94
94
94
95
95
95
95
95
95
95
96
96
96
97
97
97
97
97
97
97
98
99
99
99
100
102
102
102
102
102
102
102
102
103
103
103
103
103
103
103
104
104
104
105
107
107
107
107
107
107
107
107
108
108
108
108
108
108
108
109
109
109
110
115
115
115
115
115
115
115
115
116
116
116
116
116
116
116
117
117
117
118
119
121
121
121
121
121
121
121
121
121
121
121
123
123
123
123
123
123
123
123
123
123
123
126
126
126
126
126
134
134
134
134
134
135
135
135
135
135
135
135
135
136
141
141
141
141
141
141
141
141
141
141
142
142
142
142
142
142
142
142
142
142
142
143
148
148
148
148
148
148
148
149
149
149
149
149
149
149
149
149
150
152
152
152
152
152
152
152
153
153
153
153
153
153
153
154
156
156
156
156
156
156
156
157
157
157
157
157
157
157
157
157
157
158
160
160
160
160
160
160
160
160
160
161
164
164
164
164
164
164
164
164
164
164
164
164
164
165
165
165
165
165
165
165
165
165
166
166
166
166
168
168
168
168
168
168
168
169
169
169
169
169
170
172
172
172
172
172
172
172
172
172
175
175
175
175
175
175
175
180
180
180
180
180
180
180
184
184
184
186
186
186
186
186
186
186
188
188
188
188
188
188
188
188
188
188
188
189
192
192
192
192
192
192
193
193
193
193
193
193
193
193
193
193
193
193
194
194
194
194
194
194
195
195
195
195
195
195
195
195
195
195
195
195
196
196
196
196
196
196
197
197
197
197
197
197
197
197
197
197
197
197
198
203
203
203
203
203
203
203
204
204
204
204
204
205
205
205
205
205
205
206
208
208
209
209
209
209
209
210
211
211
211
211
211
211
211
212
212
212
212
212
212
212
213
218
218
218
218
218
218
218
218
218
219
219
219
219
219
219
219
219
219
219
219
219
220
225
225
225
225
225
225
225
225
225
226
226
226
226
226
226
226
226
226
226
226
226
227
232
232
232
232
232
232
232
232
232
232
232
233
233
233
233
233
233
233
233
233
233
233
233
233
234
236
236
237
237
237
237
237
237
238
238
238
238
238
239
247
247
248
248
248
248
248
248
248
248
248
248
249
249
249
249
250
250
250
250
250
250
250
250
250
251
269
269
270
270
270
270
270
270
270
270
271
271
271
271
271
271
271
271
271
271
271
271
272
279
279
280
280
280
280
280
280
280
280
282
282
282
282
282
282
282
282
282
282
282
283
283
283
283
283
283
283
283
283
283
283
283
284
284
284
284
284
284
284
285
285
285
285
285
285
285
285
285
285
285
285
286
287
288
288
288
289
294
294
294
294
294
294
294
294
295
295
295
295
295
295
295
295
295
295
295
295
296
304
304
305
305
305
305
305
305
306
306
306
306
306
306
307
309
309
309
309
309
309
309
309
309
309
309
309
309
310
310
310
310
310
310
310
310
310
310
310
310
310
310
311
311
311
312
314
314
314
314
314
314
314
314
314
314
314
314
314
315
315
315
315
315
315
315
315
315
315
315
315
315
315
316
316
316
317
319
319
319
319
319
319
319
319
319
319
320
320
320
320
320
320
320
320
320
320
320
320
321
321
321
322
324
324
324
324
324
324
324
324
324
324
325
325
325
325
325
325
325
325
325
325
325
325
326
326
326
327
329
329
329
329
329
329
329
329
329
329
330
330
330
330
330
330
330
330
330
330
330
330
331
331
331
332
334
334
334
334
334
334
334
334
334
334
335
335
335
335
335
335
335
335
335
335
335
335
336
336
336
337
352
352
352
352
352
352
352
352
352
352
352
352
352
352
352
352
352
352
352
353
353
353
353
353
353
353
353
353
353
353
353
353
354
363
363
363
363
363
363
363
363
363
363
363
363
363
363
363
363
363
363
363
364
364
364
364
364
364
364
364
364
364
364
364
364
365
374
374
374
374
374
375
375
375
375
375
375
375
375
375
375
375
375
375
375
375
376
377
377
377
377
377
377
377
377
377
377
377
377
378
378
378
378
378
378
378
378
378
378
379
388
388
388
388
388
388
388
388
388
388
388
388
388
389
389
389
389
389
390
390
390
390
390
390
390
390
390
390
390
390
391
391
391
391
391
391
391
391
391
394
395
396
