17
17
17
17
17
17
17
17
17
17
17
17
17
17
17
19
19
19
19
19
19
19
19
19
19
19
20
20
20
20
20
20
20
20
20
20
20
21
21
21
21
21
21
21
21
21
21
21
22
22
22
22
22
22
22
22
22
22
22
23
23
23
23
23
23
23
23
23
23
23
23
23
24
24
24
24
24
24
24
24
24
24
24
24
24
24
24
25
25
25
25
25
25
25
25
25
25
25
25
25
31
31
31
31
31
31
31
32
32
32
32
32
32
32
32
34
34
34
34
34
34
34
34
34
34
37
37
37
37
37
37
40
40
40
40
47
47
47
47
47
47
47
47
48
48
48
48
48
49
55
55
55
55
55
55
56
56
56
57
63
63
63
63
63
63
63
63
63
64
64
64
64
64
64
64
65
65
65
65
66
66
66
66
66
67
68
74
74
74
74
74
74
75
75
75
75
75
75
75
76
76
76
76
76
76
76
76
76
76
77
78
78
78
79
81
81
82
82
82
82
82
82
83
83
83
83
83
83
83
83
83
83
83
84
90
90
90
90
90
90
90
96
96
96
96
96
96
96
96
96
102
102
102
102
102
102
102
108
108
108
108
108
108
108
108
108
114
114
114
114
114
114
114
116
116
117
117
117
117
117
117
118
118
118
118
118
118
118
118
119
119
119
120
122
122
122
122
122
122
122
123
125
125
125
125
125
125
125
125
125
125
125
127
127
127
127
127
127
129
129
130
130
130
130
130
130
131
131
131
131
131
131
131
132
132
132
132
132
132
132
132
132
132
132
132
132
132
133
133
133
133
133
133
133
133
133
133
133
133
134
135
135
135
136
138
138
139
139
139
139
139
139
140
140
140
140
140
140
140
140
141
141
141
141
141
141
141
141
141
141
141
141
142
144
144
145
145
145
145
145
145
146
146
146
146
146
146
146
146
147
147
147
147
147
147
147
147
147
147
147
147
147
147
147
147
147
147
147
147
148
155
155
156
156
156
156
156
156
157
157
157
157
157
157
157
157
158
158
158
158
158
158
158
158
158
158
158
158
158
158
159
166
166
167
167
167
167
167
167
168
168
168
168
168
169
169
169
169
169
169
169
169
169
170
170
170
170
171
171
171
171
171
172
174
174
175
175
175
175
175
175
175
175
175
176
176
176
176
176
176
176
176
176
177
177
177
177
177
177
177
177
177
178
178
178
178
178
178
178
178
178
178
178
178
179
179
179
179
180
180
180
180
181
181
182
182
183
183
183
183
184
184
184
184
185
185
185
186
186
186
186
186
186
187
187
187
187
187
187
187
188
188
188
188
188
188
188
188
189
190
191
191
191
192
194
194
195
195
195
195
195
195
195
195
195
195
195
195
195
197
197
197
197
197
197
197
197
197
197
197
197
197
198
198
198
198
198
199
200
200
200
200
200
201
201
201
202
204
204
205
205
205
205
206
206
206
206
207
207
207
207
208
208
208
208
209
209
209
209
209
210
210
210
210
210
210
210
210
210
210
210
211
211
211
211
211
211
211
212
212
212
212
212
212
212
212
212
212
212
213
214
214
214
214
214
214
214
215
215
215
215
215
215
215
215
215
215
216
218
218
219
219
219
219
220
220
220
220
221
221
221
221
222
222
222
222
222
223
223
223
223
223
223
223
223
223
223
223
224
224
224
224
224
224
224
225
225
225
225
225
225
225
225
225
225
225
226
227
227
227
227
227
227
227
228
228
228
228
228
228
228
228
229
231
231
232
232
232
232
232
232
233
233
233
233
233
233
233
233
233
233
233
233
233
234
236
236
237
237
237
237
237
237
237
237
237
238
238
238
238
238
238
238
239
239
239
240
242
242
242
242
242
242
242
242
242
242
243
243
243
244
246
246
246
246
246
246
246
246
246
247
247
247
247
247
247
247
247
247
247
247
247
247
247
247
247
247
247
247
247
247
247
247
247
247
248
248
248
249
251
251
251
251
251
251
251
251
251
251
251
252
252
252
252
252
252
252
252
252
252
252
252
252
252
252
252
253
253
253
254
256
256
256
256
256
256
256
256
256
256
256
256
257
257
257
257
257
257
257
257
257
257
257
257
257
257
257
257
258
258
258
258
258
259
261
261
262
262
262
262
263
263
263
263
264
264
264
264
264
265
265
265
265
265
265
265
265
265
265
265
265
266
268
269
