1
1
1
1
1
1
1
3
3
3
3
3
3
3
4
4
4
4
4
4
4
7
7
7
7
7
9
9
9
9
9
9
9
9
11
11
11
11
11
11
11
11
11
12
12
12
12
12
12
13
15
15
15
15
15
15
15
16
16
16
16
16
16
16
16
16
16
16
16
17
19
19
19
19
19
19
20
20
20
20
20
20
20
20
20
20
20
20
21
23
23
23
23
23
25
25
25
25
25
25
25
27
27
27
27
27
27
27
27
27
28
28
28
28
28
28
29
31
31
31
31
31
31
31
32
32
32
32
32
32
33
33
33
33
33
33
33
33
33
33
33
33
33
33
33
33
33
33
33
34
34
34
34
34
34
34
34
34
34
35
35
35
35
35
35
35
35
35
35
36
36
36
36
36
36
36
37
37
37
37
37
37
37
37
37
37
37
37
37
37
37
38
38
38
38
38
38
38
38
38
38
38
38
38
38
38
38
38
38
38
39
39
39
39
40
40
41
41
41
41
41
41
41
41
41
41
41
41
41
41
41
42
42
42
42
42
42
42
42
42
42
42
42
42
42
42
42
42
42
42
43
43
43
43
44
44
45
45
45
45
45
45
45
45
45
45
45
45
45
46
46
46
46
46
46
46
46
46
46
46
46
46
46
46
47
47
47
47
48
48
49
50
51
51
51
51
51
51
51
51
52
52
52
52
52
52
52
52
52
52
52
52
52
53
53
53
53
53
53
53
53
53
53
53
53
53
53
53
54
54
54
54
54
54
54
54
54
54
55
55
55
55
55
55
55
55
55
55
55
55
56
56
56
56
56
56
56
56
56
56
56
56
56
56
56
56
56
58
58
58
58
58
58
58
58
58
58
58
58
58
58
58
58
58
58
58
58
58
58
58
59
59
59
59
59
59
59
59
59
60
61
62
64
64
64
64
64
65
65
65
65
65
65
65
66
67
69
69
69
69
69
69
69
69
69
70
70
70
71
73
73
73
73
73
73
73
73
73
73
73
74
74
74
74
74
74
74
74
74
74
74
76
76
76
76
76
76
76
76
76
76
76
76
76
76
76
77
77
77
77
77
77
77
78
79
79
79
79
79
79
79
80
82
82
82
82
82
82
84
84
84
84
84
84
85
86
86
86
86
86
86
86
87
87
87
87
87
87
87
87
87
87
87
87
87
87
87
87
87
87
87
88
88
88
88
88
88
88
88
88
88
88
88
88
88
88
88
88
88
88
88
88
88
88
88
88
88
88
89
89
89
89
89
89
89
90
90
90
90
91
91
91
91
91
91
92
93
94
95
95
95
95
95
95
95
95
96
96
96
96
96
96
96
96
96
96
96
96
96
96
96
96
96
96
96
96
97
97
97
97
97
97
97
97
97
97
97
97
97
97
97
98
98
98
98
98
98
98
98
98
98
98
98
99
100
100
100
100
100
100
100
100
101
101
101
101
101
101
101
101
101
101
101
101
101
101
101
101
101
101
101
101
101
101
101
101
101
101
102
102
102
102
102
102
102
102
102
102
102
102
102
102
102
102
102
102
102
102
102
103
103
103
103
103
103
103
103
103
103
103
103
104
105
105
105
105
105
105
105
106
106
106
107
107
107
108
109
111
111
111
111
111
111
112
112
112
112
112
112
112
113
115
116
