18
18
18
18
18
18
18
18
18
18
18
20
20
20
20
20
20
20
21
21
21
21
21
21
21
22
22
22
22
22
22
22
24
24
24
24
24
24
24
24
24
24
24
25
25
25
25
25
25
25
25
25
25
25
25
25
53
53
53
53
53
53
54
56
56
56
56
56
56
56
56
58
58
58
58
58
58
58
58
60
60
60
60
60
60
60
60
62
62
62
62
62
62
62
62
64
64
64
64
64
64
64
64
66
66
66
66
66
66
66
67
67
67
67
67
68
68
68
68
68
75
75
75
75
76
78
78
78
78
78
78
78
78
79
79
79
79
79
79
79
79
79
79
79
79
80
80
80
80
80
80
80
80
80
80
80
80
81
92
92
92
92
92
92
92
92
92
93
94
94
94
94
95
95
95
95
95
95
97
97
97
97
97
97
97
99
99
99
99
99
99
99
99
99
99
99
99
99
99
100
100
100
100
100
100
100
100
100
100
100
100
100
100
100
102
102
102
103
109
109
109
109
109
109
109
109
109
109
110
111
111
111
111
111
111
111
112
123
123
123
123
123
123
123
123
123
123
123
123
123
123
124
125
125
125
125
125
125
125
126
126
126
126
126
126
126
127
127
127
127
127
127
127
128
130
132
