18
18
18
18
18
18
18
18
18
18
18
18
18
20
20
20
20
20
20
20
21
21
21
21
21
21
21
23
23
23
23
23
23
23
23
23
23
23
23
23
24
24
24
24
24
24
24
24
24
24
24
24
24
32
32
32
32
32
34
34
34
34
34
34
34
34
34
34
34
34
35
35
35
35
35
35
35
35
35
38
38
38
38
38
38
38
39
39
39
39
39
39
39
40
40
40
40
40
40
40
40
40
40
40
40
40
40
40
40
40
41
41
41
41
41
41
42
44
44
44
44
44
44
44
44
44
44
44
44
45
45
45
45
45
45
45
45
45
48
48
48
48
48
48
48
49
49
49
49
49
49
50
50
50
50
50
50
50
50
50
50
50
50
50
50
50
50
50
50
50
50
50
50
50
51
51
51
51
51
51
52
54
54
54
54
54
54
54
54
54
54
54
54
56
56
56
56
56
56
56
56
56
57
57
58
58
58
58
58
58
58
58
59
59
59
59
59
59
59
59
60
60
60
60
60
60
61
61
61
61
61
61
61
62
63
63
63
63
63
63
63
63
63
63
63
63
63
63
63
63
63
63
63
63
63
64
64
65
65
65
65
65
65
65
65
66
66
66
66
66
66
66
66
67
67
67
67
67
67
68
68
68
68
68
68
68
69
70
70
70
71
71
71
71
71
71
71
71
71
72
72
72
72
72
72
72
73
75
77
78
