18
18
18
18
18
18
18
18
18
18
18
20
20
20
20
20
20
20
21
21
21
21
21
21
21
22
22
22
22
22
22
22
24
24
24
24
24
24
24
24
24
24
24
25
25
25
25
25
25
25
25
25
25
25
25
25
35
35
35
35
35
35
37
37
37
37
37
37
37
37
39
39
39
39
39
41
41
41
41
41
42
42
42
42
42
42
42
42
42
42
42
42
43
53
53
53
53
53
53
53
53
53
53
53
53
53
53
53
53
53
54
54
54
54
54
54
54
54
54
54
54
54
54
55
66
66
66
66
66
66
66
66
66
66
66
66
66
66
66
66
66
66
66
66
66
67
67
67
67
67
67
67
67
67
67
67
68
79
79
79
79
79
79
79
79
79
79
79
79
79
79
79
79
79
79
79
79
79
79
79
79
79
80
80
80
80
80
80
80
81
81
81
81
81
81
81
82
82
82
82
82
82
82
83
83
83
83
83
83
83
84
84
84
84
84
84
84
85
87
88
