18
18
18
18
18
18
18
18
18
18
18
20
20
20
20
20
20
20
21
21
21
21
21
21
21
22
22
22
22
22
22
22
23
23
23
23
23
23
23
24
24
24
24
24
24
24
25
25
25
25
25
25
25
26
26
26
26
26
26
26
34
34
34
34
34
34
36
36
36
36
36
36
36
36
39
39
39
39
39
39
39
39
42
42
42
42
42
42
42
42
45
45
45
45
45
45
45
45
48
48
48
48
48
48
48
48
51
51
51
51
51
51
51
51
54
54
54
54
54
54
54
54
57
57
57
57
57
57
57
57
60
60
60
60
60
60
60
60
63
63
63
63
63
63
63
63
67
67
67
67
67
67
67
67
69
69
69
69
69
69
72
72
72
72
75
75
75
75
75
75
75
76
76
76
76
77
77
77
77
77
77
78
78
78
78
78
78
79
79
79
79
80
80
80
80
83
83
83
83
86
86
86
86
86
86
86
86
86
89
89
89
89
89
90
90
90
90
90
90
90
90
90
90
90
91
99
99
99
99
99
99
99
100
100
100
100
100
100
101
101
101
101
101
101
102
104
104
104
104
104
104
105
105
105
105
105
106
106
106
107
107
107
108
108
108
109
109
109
110
110
110
111
111
111
112
112
113
113
113
114
115
122
122
122
122
122
122
123
123
123
124
131
131
131
131
131
131
132
132
132
133
140
140
140
140
140
140
141
141
141
142
149
149
149
149
149
149
150
150
150
151
158
158
158
158
158
158
159
159
159
160
167
167
167
167
167
167
168
168
168
169
176
176
176
176
176
176
177
177
177
178
186
186
186
186
186
186
187
187
187
187
187
187
187
187
187
187
187
187
187
188
195
195
195
195
195
195
196
196
196
197
204
204
204
204
204
204
205
205
205
206
217
217
217
217
217
217
217
217
217
217
217
217
217
218
218
218
218
218
218
218
219
219
219
220
221
221
221
221
221
221
221
221
221
222
229
229
229
229
229
229
230
230
230
230
230
231
238
238
238
238
238
238
239
239
239
239
239
240
247
247
247
247
247
247
248
248
248
248
248
249
256
256
256
256
256
256
257
257
257
257
257
258
269
269
269
269
269
269
270
270
270
270
270
271
273
273
273
273
273
273
273
273
273
274
274
274
274
274
274
274
274
274
275
275
275
275
275
275
275
275
275
275
276
276
276
276
276
276
276
277
277
277
278
278
278
278
278
278
278
279
280
280
280
280
280
280
280
280
280
280
281
281
281
281
281
281
281
282
282
282
283
283
283
283
283
283
283
284
285
285
285
285
285
285
285
285
285
285
286
286
286
286
286
286
286
287
287
287
288
288
288
288
288
288
288
289
290
290
290
290
290
290
290
291
298
298
298
298
298
298
298
298
298
299
299
299
299
299
299
300
307
307
307
307
307
307
307
307
307
308
308
308
308
308
308
309
316
316
316
316
316
316
316
316
316
317
317
317
317
317
317
318
325
325
325
325
325
325
325
325
325
326
326
326
326
326
326
327
338
338
338
338
338
338
338
338
338
338
338
338
338
338
338
338
338
339
339
339
339
339
339
339
339
339
339
340
347
347
347
347
347
347
347
347
347
348
348
348
348
348
348
349
356
356
356
356
356
356
356
356
356
357
357
357
357
357
357
358
365
365
365
365
365
365
365
365
365
366
366
366
366
366
366
367
374
374
374
374
374
374
374
374
374
375
375
375
375
375
375
376
383
383
383
383
383
383
383
383
383
384
384
384
384
384
384
385
397
397
397
397
397
397
398
398
398
398
398
398
399
413
413
413
413
413
413
413
413
413
415
415
415
415
415
415
415
415
416
416
416
417
418
418
418
418
418
418
418
418
418
419
419
419
419
419
419
419
419
419
419
419
419
419
420
420
420
420
420
420
420
420
420
421
421
421
421
421
421
421
421
421
421
422
422
422
422
422
422
422
422
422
422
423
423
423
423
423
423
423
423
423
423
424
424
424
424
424
424
424
424
424
424
424
424
424
424
424
424
425
425
425
425
425
425
425
425
425
425
425
425
425
425
425
426
426
426
426
426
426
426
426
426
426
426
426
426
426
426
426
427
427
427
427
427
427
427
428
428
428
428
428
428
428
429
429
429
429
429
429
429
430
430
430
430
430
430
430
430
430
430
430
431
431
431
431
431
431
431
431
431
431
431
431
431
431
431
432
432
432
432
432
432
432
432
432
432
433
433
433
433
433
433
433
433
433
433
433
434
434
434
434
434
434
434
435
435
435
435
436
437
438
438
438
438
438
438
438
438
438
440
440
440
440
440
440
440
440
440
440
440
440
441
441
441
441
441
441
441
441
441
442
442
442
442
442
442
442
442
442
442
442
442
443
443
443
443
443
443
443
443
443
444
444
444
444
444
444
444
444
444
444
444
444
445
445
445
445
445
445
445
445
445
446
446
446
446
446
446
446
446
446
446
446
446
447
447
447
447
447
447
447
447
447
448
449
450
451
451
451
451
451
451
451
451
451
452
453
454
454
454
454
454
454
454
455
455
455
455
455
455
455
455
455
456
457
457
457
457
457
457
457
458
465
465
466
466
466
466
466
466
467
467
467
467
467
468
474
474
474
474
474
474
474
474
474
474
474
474
474
474
474
475
475
475
475
475
475
475
476
478
478
478
478
478
478
478
478
478
478
478
478
478
478
478
478
478
479
479
479
479
479
479
479
480
482
483
