18
18
18
18
18
18
18
18
18
18
18
20
20
20
20
20
20
20
21
21
21
21
21
21
21
22
22
22
22
22
22
22
23
23
23
23
23
23
23
24
24
24
24
24
24
24
26
26
26
26
26
26
26
26
26
26
26
28
28
28
28
29
30
30
30
30
30
30
30
32
32
32
32
32
32
32
34
34
34
34
34
34
34
34
35
35
35
35
35
35
35
35
35
35
35
35
35
36
36
38
38
38
38
38
38
38
38
39
39
39
39
39
39
39
39
39
39
39
39
39
40
40
42
42
42
42
42
42
42
42
43
43
43
43
43
43
43
43
43
43
43
43
43
44
44
46
46
46
46
46
46
46
46
47
47
47
47
47
47
47
47
47
47
47
47
47
48
48
50
50
50
50
50
50
50
50
51
51
51
51
51
51
51
51
51
51
51
51
51
52
52
54
54
54
54
54
54
54
54
55
55
55
55
55
55
55
55
55
55
55
55
55
56
56
58
58
58
58
58
58
58
59
59
59
59
59
59
59
60
60
60
60
60
60
60
61
61
61
61
61
61
61
64
64
64
64
64
64
64
70
70
70
70
70
70
70
70
74
74
74
74
74
74
74
74
78
78
78
78
78
78
78
78
83
83
83
83
83
83
83
83
84
84
84
84
84
84
84
84
84
85
85
91
91
91
91
91
91
91
91
92
92
92
92
92
92
92
92
92
92
92
92
92
93
93
95
95
95
95
95
95
95
97
97
97
97
97
97
97
99
99
99
99
99
99
99
104
104
104
104
113
113
113
113
113
113
113
118
118
118
118
118
118
118
118
118
118
123
123
123
123
123
123
123
129
129
129
129
129
134
134
134
134
138
138
138
139
140
140
140
140
140
141
141
141
141
141
141
141
141
141
141
141
141
142
142
142
142
142
142
142
142
142
142
142
142
143
143
143
143
143
143
143
143
143
143
143
143
144
144
145
145
145
145
145
145
145
145
145
145
146
154
154
154
154
154
154
155
156
156
156
156
156
157
157
157
157
157
157
157
157
157
157
157
157
158
158
158
158
158
158
158
158
158
158
158
158
159
159
159
159
159
159
159
159
159
159
159
159
160
160
160
160
161
161
162
162
162
162
162
162
162
162
162
162
163
171
171
172
172
172
172
172
172
172
173
175
175
175
175
175
175
175
175
175
175
175
175
175
175
175
175
175
175
176
177
177
177
177
177
177
177
178
178
178
178
178
178
178
179
179
179
179
179
179
179
180
180
180
180
180
180
180
180
180
181
182
182
182
182
182
182
182
182
182
182
183
183
183
183
183
183
183
183
183
183
184
185
188
188
188
188
188
188
189
189
189
189
189
189
189
189
190
190
190
190
190
190
190
190
193
193
193
193
193
193
193
193
193
193
193
193
193
193
193
193
193
193
194
195
195
195
195
195
195
195
195
195
196
197
197
197
197
197
197
197
197
197
197
197
198
199
199
199
199
199
199
199
199
199
199
199
199
200
202
202
202
202
202
202
202
202
202
202
202
203
204
204
204
204
204
204
204
204
204
204
204
204
205
206
207
209
219
219
219
219
219
219
219
220
221
221
221
221
222
234
234
234
234
234
234
234
234
235
235
235
235
235
235
236
237
237
237
237
237
238
238
238
238
239
240
240
240
240
241
242
242
242
242
243
243
243
243
243
243
243
244
244
244
244
244
244
245
246
246
246
246
246
246
246
247
247
247
247
247
248
249
249
249
249
250
251
252
253
253
253
253
254
255
257
257
257
258
268
268
268
268
268
268
268
268
268
268
268
269
270
270
270
270
270
270
270
270
270
271
271
271
271
271
271
271
272
272
272
272
272
272
273
282
282
282
282
282
282
282
282
282
282
282
283
283
284
285
285
285
285
286
287
287
287
287
287
287
287
287
287
288
288
288
288
288
288
289
290
290
290
290
290
290
290
290
290
290
290
290
290
290
291
292
293
293
293
293
293
293
294
295
295
295
295
295
295
295
297
297
297
297
297
297
297
297
298
299
299
299
299
299
299
299
299
299
300
300
300
300
300
300
300
300
300
300
300
300
301
301
301
301
301
301
301
302
303
303
303
303
303
303
303
304
305
305
305
305
305
305
305
308
308
308
308
308
308
310
311
318
318
318
318
319
320
320
320
320
321
330
330
330
330
330
330
330
331
331
331
331
332
333
333
333
333
333
333
333
333
333
333
334
334
334
334
334
334
334
334
334
334
334
335
335
335
335
336
336
336
336
336
337
338
338
338
338
338
338
338
338
338
338
339
339
339
339
340
340
340
340
340
341
342
342
342
342
342
342
342
343
343
343
343
343
343
344
345
345
345
345
345
345
345
345
346
347
347
347
347
347
348
350
350
350
350
350
350
350
350
351
352
352
352
352
352
353
354
355
364
364
364
364
364
364
364
365
365
365
365
366
367
367
367
367
367
367
367
367
367
367
367
368
368
368
368
369
369
369
369
369
370
371
371
371
371
371
371
371
371
371
372
373
373
373
373
374
374
374
374
374
375
376
376
376
376
376
376
376
376
376
377
377
377
377
377
377
377
379
379
379
379
379
379
379
379
380
381
381
381
381
381
382
384
384
384
384
384
384
384
384
385
386
386
386
386
386
387
388
395
395
395
395
395
395
396
397
397
397
397
397
398
399
399
399
399
400
401
401
401
401
402
402
402
402
402
402
403
404
405
413
413
413
413
413
413
413
414
415
415
415
415
416
417
417
417
417
417
417
417
417
417
417
417
418
420
420
420
420
420
420
421
422
422
422
422
423
423
423
423
423
423
423
424
425
433
433
433
433
433
433
433
433
433
434
435
435
435
435
436
437
437
437
437
437
437
437
438
438
438
438
438
438
438
438
438
439
441
441
441
441
441
441
442
443
443
443
443
444
444
444
444
445
445
445
446
448
448
448
448
448
452
452
452
452
452
452
452
452
452
453
454
454
454
454
454
454
454
454
454
454
454
455
455
455
455
455
455
455
455
455
455
455
455
455
455
455
455
455
455
455
456
457
457
457
457
458
462
462
462
462
462
462
462
462
462
463
464
464
464
464
464
464
465
465
465
465
465
465
465
465
465
465
465
465
465
465
466
467
467
467
467
467
467
468
469
471
471
471
471
471
471
471
471
471
472
473
473
473
473
473
473
473
474
476
476
476
476
477
479
479
480
480
482
485
485
485
485
486
487
487
487
487
487
488
488
488
488
488
489
490
491
492
492
492
492
492
492
493
493
493
493
493
494
495
496
497
500
500
500
500
501
503
503
504
504
506
508
509
511
511
511
511
511
512
520
520
520
520
520
520
520
520
520
521
522
522
522
522
523
524
524
524
524
524
524
524
525
525
525
525
525
525
525
525
525
526
527
527
527
527
527
527
528
529
529
529
529
530
530
530
530
531
531
531
532
533
533
533
533
533
533
533
533
533
534
535
535
535
535
535
535
536
536
536
536
536
536
536
536
536
536
536
536
536
536
537
538
538
538
538
538
538
539
540
542
542
542
542
542
542
542
542
542
542
542
542
542
542
543
545
545
545
545
546
548
548
549
549
551
554
554
554
554
554
554
554
554
554
554
554
554
555
556
556
556
556
556
557
559
559
559
559
559
561
563
563
563
563
563
564
574
574
574
574
574
574
574
574
574
574
574
574
574
575
575
576
577
577
577
577
578
579
579
579
579
579
579
579
579
579
580
583
583
583
583
583
583
584
585
585
585
585
585
585
585
585
585
585
585
585
586
587
587
587
587
587
587
588
588
588
588
588
588
588
588
588
588
588
588
589
589
589
590
590
590
590
590
591
591
591
591
591
591
591
591
592
593
593
593
593
594
595
595
595
595
595
595
595
595
595
595
595
595
595
595
596
597
597
597
597
597
597
597
597
597
597
597
598
598
598
598
598
598
598
599
600
601
601
601
601
601
601
601
601
602
602
602
602
602
602
602
602
603
604
604
604
604
605
606
607
609
617
617
617
617
617
617
617
617
617
618
619
619
619
619
620
621
621
621
621
621
621
621
622
622
622
622
622
622
622
622
622
623
625
625
625
625
625
625
626
627
627
627
627
628
628
628
628
629
629
629
630
632
632
632
632
632
635
635
635
635
635
635
635
635
635
636
637
637
637
637
637
637
637
637
637
637
637
638
641
641
641
641
641
641
641
641
641
642
643
643
643
643
643
643
644
644
644
644
644
644
644
644
644
644
644
644
644
644
645
646
646
646
646
646
646
647
648
650
650
650
650
650
650
650
650
650
650
650
650
650
650
651
653
653
653
653
654
656
656
657
657
659
662
662
662
662
663
664
664
664
664
664
665
665
665
665
665
666
667
668
669
669
669
669
669
669
670
670
670
670
670
671
672
674
674
674
674
674
675
683
683
683
683
683
683
683
683
683
684
685
685
685
685
686
687
687
687
687
687
687
687
688
688
688
688
688
688
688
688
688
689
691
691
691
691
691
691
692
693
693
693
693
694
694
694
694
695
695
695
696
698
698
698
698
698
698
698
698
698
699
700
700
700
700
700
700
701
701
701
701
701
701
701
701
701
701
701
701
701
701
702
703
703
703
703
703
703
704
705
707
707
707
707
707
707
707
707
707
707
707
707
707
707
708
710
710
710
710
711
713
713
714
714
716
719
719
719
719
719
719
719
719
719
719
719
719
720
721
721
721
721
721
722
724
724
724
724
724
726
728
728
728
728
728
729
737
737
737
737
737
737
737
737
738
739
739
739
739
739
739
740
748
748
748
748
748
748
748
748
748
749
749
750
751
751
751
751
751
751
751
751
751
751
751
751
751
752
752
752
752
752
752
753
754
754
755
756
756
756
756
756
757
757
757
757
757
757
758
758
758
758
758
759
767
767
767
767
767
767
767
767
767
768
768
769
770
770
770
770
770
770
770
770
770
770
770
770
770
771
771
771
771
771
771
772
773
773
774
775
775
775
775
775
776
776
776
776
776
776
777
777
777
777
777
778
787
787
787
787
787
787
787
788
789
789
789
789
789
789
789
789
789
789
789
789
790
800
800
800
800
800
800
800
801
802
802
802
802
802
802
802
803
812
812
812
812
812
812
812
813
814
814
814
814
814
814
814
814
814
814
814
814
815
824
824
824
824
824
824
824
825
826
826
826
826
826
826
826
827
835
835
835
835
835
835
835
835
835
836
836
837
838
838
838
838
838
838
838
838
838
838
838
838
838
839
839
839
839
839
839
840
841
841
842
843
843
843
843
843
844
844
844
844
844
844
845
845
845
845
845
846
856
856
856
856
856
856
856
856
856
857
857
858
859
859
859
859
859
859
859
859
859
859
859
859
859
860
860
860
860
860
860
861
862
862
863
864
864
864
864
864
865
865
865
865
865
865
866
866
866
866
866
867
875
875
875
875
875
875
875
875
875
876
876
877
878
878
878
878
878
878
878
881
881
881
881
881
884
892
892
892
892
892
892
892
892
892
893
893
894
895
895
895
895
895
895
896
897
897
897
897
897
897
897
897
897
897
897
897
897
897
897
897
898
899
899
899
899
899
899
899
900
900
900
900
900
900
900
903
903
903
903
903
903
905
913
913
913
913
913
913
913
913
913
914
914
915
916
916
916
916
916
916
917
918
918
918
918
918
918
918
918
918
918
918
918
918
918
918
918
919
920
920
920
920
920
920
920
921
921
921
921
921
921
921
924
924
924
924
924
924
926
933
933
933
933
933
933
934
934
935
936
936
936
936
937
938
938
938
938
938
938
938
938
938
938
938
939
940
940
940
940
940
940
941
942
942
942
942
942
942
942
943
943
943
943
943
943
943
944
944
944
944
944
944
944
944
944
944
944
944
944
944
945
945
945
945
945
945
945
946
946
946
946
946
946
947
948
956
956
956
956
956
956
956
956
956
957
957
958
959
959
959
959
959
959
960
961
961
961
961
961
961
961
961
961
961
961
961
961
961
961
961
962
963
963
963
963
963
963
963
964
964
964
964
964
964
964
967
967
967
967
967
967
969
977
977
977
977
977
977
977
977
977
978
978
979
980
980
980
980
980
980
981
982
982
982
982
982
982
982
982
982
982
982
982
982
982
982
982
983
984
984
984
984
984
984
984
985
985
985
985
985
985
985
988
988
988
988
988
988
990
998
998
998
998
998
998
998
998
998
999
1000
1000
1000
1000
1000
1000
1000
1003
1003
1003
1003
1003
1003
1003
1003
1003
1003
1003
1003
1003
1003
1003
1003
1004
1005
1005
1005
1005
1005
1005
1005
1005
1005
1005
1007
1007
1007
1007
1007
1007
1008
1008
1008
1008
1008
1008
1008
1008
1008
1010
1010
1010
1010
1010
1010
1011
1012
1012
1012
1012
1012
1013
1014
1016
1024
1024
1024
1024
1024
1024
1024
1025
1026
1026
1026
1026
1026
1026
1026
1026
1029
1029
1029
1029
1029
1029
1029
1029
1029
1030
1031
1031
1031
1031
1031
1031
1031
1031
1031
1031
1032
1034
1041
1041
1041
1041
1041
1041
1041
1042
1043
1043
1043
1043
1043
1043
1043
1044
1051
1051
1051
1051
1051
1051
1051
1052
1053
1053
1053
1053
1053
1053
1053
1053
1054
1061
1061
1061
1061
1061
1061
1061
1062
1063
1063
1063
1063
1063
1063
1063
1064
1071
1071
1071
1071
1071
1071
1071
1072
1073
1073
1073
1073
1073
1073
1073
1073
1074
1082
1082
1082
1082
1082
1082
1082
1082
1082
1083
1084
1084
1084
1084
1084
1084
1084
1087
1087
1087
1087
1087
1087
1087
1087
1087
1087
1087
1087
1087
1087
1087
1087
1088
1089
1089
1089
1089
1089
1089
1089
1089
1089
1089
1091
1091
1091
1091
1091
1091
1092
1092
1092
1092
1092
1092
1092
1092
1092
1094
1094
1094
1094
1094
1094
1095
1096
1096
1096
1096
1096
1097
1098
1100
1109
1109
1109
1109
1109
1109
1109
1110
1111
1111
1111
1111
1111
1111
1111
1111
1114
1114
1114
1114
1114
1114
1114
1114
1114
1115
1116
1116
1116
1116
1116
1116
1116
1116
1116
1116
1117
1119
1126
1126
1126
1126
1126
1126
1126
1127
1128
1128
1128
1128
1128
1128
1129
1129
1129
1129
1129
1129
1130
1131
1132
1133
1133
1133
1133
1133
1133
1134
1135
1135
1135
1135
1135
1135
1136
1137
1137
1137
1137
1137
1137
1137
1138
1139
1139
1139
1139
1139
1139
1139
1140
1140
1140
1140
1140
1140
1141
1142
1143
1143
1143
1143
1143
1143
1144
1145
1145
1145
1145
1146
1147
1148
1155
1155
1155
1155
1155
1155
1155
1156
1157
1157
1157
1157
1157
1157
1157
1157
1157
1157
1158
1158
1158
1158
1158
1158
1158
1158
1158
1159
1160
1160
1160
1160
1160
1160
1161
1161
1161
1161
1161
1161
1162
1163
1164
1165
1165
1165
1165
1165
1165
1165
1166
1166
1166
1166
1166
1166
1167
1168
1168
1168
1168
1168
1168
1169
1170
1170
1170
1170
1171
1172
1173
1174
1184
1184
1184
1184
1184
1184
1184
1185
1186
1186
1186
1186
1186
1186
1186
1186
1186
1186
1186
1186
1187
1196
1196
1196
1196
1196
1196
1196
1197
1198
1198
1198
1198
1198
1198
1198
1199
1208
1208
1208
1208
1208
1208
1208
1209
1210
1210
1210
1210
1210
1210
1210
1210
1210
1210
1210
1210
1211
1220
1220
1220
1220
1220
1220
1220
1221
1222
1222
1222
1222
1222
1222
1222
1223
1229
1229
1229
1229
1229
1230
1231
1231
1231
1231
1231
1231
1232
1233
1234
