18
18
18
18
18
18
18
18
18
18
18
18
18
20
20
20
20
20
20
20
21
21
21
21
21
21
21
23
23
23
23
23
23
23
23
23
23
23
23
23
24
24
24
24
24
24
24
24
24
24
24
24
24
34
34
34
34
34
36
36
36
36
36
36
36
36
36
36
36
36
38
38
38
38
38
38
38
38
38
39
39
40
40
40
40
40
40
40
40
41
41
41
41
41
41
41
41
42
42
42
42
42
42
43
43
43
43
43
43
43
44
45
45
45
45
45
45
45
45
45
45
45
45
45
45
45
45
45
45
45
45
45
46
46
47
47
47
47
47
47
47
47
48
48
48
48
48
48
48
48
49
49
49
49
49
49
50
50
50
50
50
50
50
51
52
52
52
53
53
53
53
53
53
53
53
53
54
54
54
54
54
54
54
55
57
59
59
59
59
59
59
59
59
59
59
59
59
60
60
60
60
60
60
60
60
60
61
61
63
63
63
63
63
63
63
64
64
64
64
64
64
64
65
65
65
65
65
65
65
65
65
65
65
65
65
66
66
66
67
67
67
67
67
67
68
69
71
71
71
71
71
71
71
71
71
71
71
71
72
72
72
72
72
72
72
72
72
75
75
75
75
75
75
75
76
76
76
76
76
76
77
77
77
77
77
77
77
77
77
77
77
77
77
77
77
77
77
77
77
78
78
78
78
78
78
79
81
82
