1
1
1
1
1
1
1
1
1
1
1
1
1
3
3
3
3
3
3
3
5
5
5
5
5
5
5
6
6
6
6
6
6
6
6
6
8
8
8
8
8
8
8
8
8
9
9
9
9
9
9
9
9
9
11
11
11
11
11
11
11
11
11
11
11
12
12
12
12
12
12
12
12
12
12
12
12
12
14
14
14
14
14
14
14
14
14
14
14
14
14
15
15
15
15
15
15
15
15
15
15
15
15
15
15
15
28
28
28
29
32
32
32
32
32
32
32
32
33
33
33
33
33
33
33
33
34
34
34
34
34
34
34
34
35
35
35
35
35
35
35
35
36
36
36
36
36
36
36
36
44
44
44
44
44
44
44
44
46
46
46
46
46
46
46
46
50
50
50
50
50
50
50
50
51
51
51
51
51
51
51
51
52
52
52
52
52
52
52
52
56
56
56
56
56
56
56
56
56
56
64
64
64
64
64
67
67
67
67
67
74
74
74
74
76
76
76
76
78
78
78
78
86
86
86
86
88
88
88
88
95
95
95
95
102
102
102
102
109
109
109
109
111
111
111
111
113
113
113
113
118
118
118
118
127
127
127
127
134
134
134
134
134
134
134
134
134
134
134
134
134
145
145
145
145
150
150
150
150
157
157
157
157
158
158
158
158
166
166
166
166
166
166
166
166
166
167
167
167
167
167
167
168
169
169
169
169
170
170
170
170
171
171
171
171
171
171
171
171
171
171
171
171
171
173
173
173
173
173
173
173
173
173
174
174
174
174
175
182
182
182
182
182
182
182
183
185
185
185
185
185
185
185
185
185
185
185
185
185
186
186
186
186
186
187
187
187
187
187
187
187
187
187
187
187
187
187
187
188
189
189
189
189
190
190
190
190
190
190
190
190
190
190
190
190
190
190
190
197
197
197
197
197
197
197
198
198
198
198
198
198
198
198
198
198
198
199
199
199
200
200
200
200
200
200
203
203
203
203
204
204
204
204
205
205
205
205
205
205
205
206
207
207
207
207
207
207
207
238
240
240
240
240
240
240
241
241
241
242
247
247
247
247
247
247
247
247
248
248
248
248
249
249
249
249
249
249
249
249
249
249
249
249
249
250
299
299
299
299
299
299
299
300
301
301
301
301
301
302
302
302
302
303
303
303
304
305
305
305
305
305
305
305
306
306
306
306
306
306
306
306
306
307
308
308
308
308
308
309
311
311
311
311
311
311
311
311
311
312
313
313
313
313
313
313
313
314
314
314
314
314
314
314
315
315
315
315
315
315
315
315
316
316
317
317
317
317
317
317
317
318
319
321
321
321
321
321
321
321
321
321
321
323
323
323
323
323
323
323
323
323
323
331
331
331
331
331
331
331
331
331
331
333
333
333
333
333
333
333
333
333
333
335
335
335
335
335
335
336
336
336
337
345
345
345
345
345
345
345
345
346
346
346
346
346
346
347
349
349
349
349
349
349
349
349
350
350
350
350
350
350
351
353
353
353
353
353
353
354
354
354
354
354
354
354
354
354
354
354
354
354
354
355
357
357
357
357
357
357
358
358
358
358
358
358
358
358
358
358
358
358
358
358
359
371
371
371
371
371
372
375
375
375
375
375
375
375
378
378
378
378
378
378
378
379
379
380
381
381
381
381
381
381
381
381
381
381
381
382
384
384
384
384
384
384
384
385
385
385
385
385
385
385
385
385
385
385
385
385
386
386
386
387
387
387
387
387
387
387
387
387
387
387
387
387
387
387
387
387
388
390
390
390
390
391
399
399
399
399
399
400
401
401
401
401
402
410
410
410
410
410
411
413
413
413
413
413
414
414
414
415
415
415
415
416
416
416
416
417
417
418
418
418
423
423
424
424
424
425
425
432
432
433
433
433
433
434
434
434
434
434
434
434
435
436
444
444
444
444
444
444
444
444
445
447
447
447
447
447
448
448
448
449
449
449
451
451
451
453
453
453
453
453
454
454
454
454
457
457
457
457
457
457
458
458
458
458
458
459
460
460
460
460
460
460
460
462
462
462
462
462
462
462
462
462
463
463
463
463
463
463
463
463
464
464
464
464
464
464
464
464
464
465
465
465
465
465
465
465
466
468
468
468
468
468
468
468
470
470
470
470
470
470
470
470
470
470
470
470
470
470
473
473
473
473
473
474
474
474
474
474
474
474
474
475
475
475
475
476
476
476
476
476
477
478
478
478
478
479
479
479
479
481
481
481
481
481
481
481
482
484
484
484
484
484
484
484
485
485
485
485
486
486
486
486
487
487
487
487
487
487
487
488
489
489
489
489
490
490
490
490
490
504
504
504
506
506
506
506
506
506
506
507
507
507
509
509
509
509
509
510
510
510
510
511
511
511
511
511
512
514
514
514
514
514
515
515
515
516
516
516
516
517
517
517
517
517
517
517
518
518
518
519
519
519
521
523
523
523
523
523
523
523
524
524
524
524
524
525
525
525
525
526
526
526
526
526
526
526
527
527
527
527
527
529
529
529
529
529
529
529
529
529
531
531
531
531
531
531
531
532
533
533
533
533
533
534
536
536
536
536
536
536
536
536
536
538
538
538
538
539
539
539
539
539
539
539
540
543
543
543
543
543
544
550
550
550
550
550
550
550
550
551
553
553
553
553
553
553
553
553
553
554
554
554
554
554
554
555
555
555
555
555
555
555
555
555
555
555
555
555
555
556
556
556
557
558
558
558
559
561
561
561
561
561
562
562
563
563
563
563
563
563
563
563
563
564
564
564
564
564
564
564
564
564
565
565
565
565
565
566
566
566
568
568
568
568
568
569
569
569
569
569
570
570
570
573
573
573
573
573
574
574
574
574
574
576
577
577
577
577
577
577
577
577
578
578
578
578
578
578
578
579
579
579
579
580
580
580
581
581
581
581
581
581
581
582
582
582
582
582
582
582
582
583
584
584
584
584
584
584
584
584
584
584
584
584
585
586
587
587
588
588
590
591
592
592
592
592
592
592
592
592
592
592
592
592
592
592
592
593
600
600
600
600
600
600
600
600
601
602
602
602
602
602
604
604
604
604
604
604
604
604
604
605
605
605
606
606
606
606
606
606
606
606
606
606
606
607
607
607
607
607
608
608
608
608
608
609
609
609
609
609
610
610
610
610
610
610
610
610
610
610
610
610
610
610
610
610
611
611
611
613
613
613
613
613
614
614
614
614
614
615
616
616
616
616
616
616
616
616
617
617
617
617
617
617
617
618
618
618
618
619
619
619
620
620
620
620
620
620
620
621
621
621
621
621
621
621
621
622
623
623
623
623
623
623
623
623
623
623
623
623
624
625
626
626
627
627
629
630
631
631
631
631
631
631
631
632
634
634
634
634
634
634
634
634
634
634
635
636
636
637
637
637
637
637
637
637
638
638
638
638
638
638
638
639
639
639
639
639
639
639
639
639
640
640
640
640
640
640
640
641
641
641
641
641
641
642
643
643
643
644
645
653
653
653
653
653
653
653
653
654
655
655
655
655
655
655
655
655
655
655
656
656
656
656
656
656
656
656
656
656
658
658
658
658
664
664
664
664
664
664
664
665
665
665
665
665
665
665
665
665
665
665
665
666
666
666
666
666
666
666
666
668
668
668
671
671
671
671
671
671
671
671
672
672
672
672
672
672
672
672
673
673
673
673
673
673
673
673
675
675
675
675
676
676
676
676
677
677
677
677
678
678
678
678
678
678
678
679
680
681
681
681
681
681
681
681
682
682
682
682
682
682
682
683
688
688
688
688
688
688
688
689
689
689
689
689
689
689
689
689
690
690
690
690
693
693
693
693
693
693
693
695
695
695
696
696
696
696
696
696
696
696
696
696
696
696
696
696
697
697
697
697
697
697
697
697
697
697
697
697
697
697
697
699
699
699
699
701
701
701
701
701
701
701
701
701
701
701
701
701
701
702
702
703
704
705
707
707
707
707
708
708
708
708
709
714
714
714
714
714
714
714
714
714
714
714
715
715
715
715
715
715
716
716
716
716
716
716
717
717
717
717
717
717
717
718
718
718
718
718
718
719
719
719
719
719
719
720
725
725
725
725
725
725
725
725
725
725
725
726
726
726
726
726
726
727
727
727
727
727
727
728
728
728
728
728
728
728
729
729
729
729
729
729
730
730
730
730
730
730
731
737
737
737
737
737
737
737
738
741
741
741
741
741
742
742
742
742
743
743
743
743
743
743
743
746
746
746
746
746
746
746
746
747
747
747
748
749
749
749
749
749
749
749
751
751
751
751
751
751
751
751
751
751
751
751
751
751
751
752
752
752
752
752
752
752
753
753
753
753
753
753
753
753
754
755
755
755
756
757
757
757
757
757
757
757
758
758
758
758
758
758
758
759
759
759
759
759
759
759
759
760
761
761
761
761
761
761
761
762
762
762
762
763
763
763
763
767
767
767
768
769
769
769
769
769
769
769
769
769
770
772
772
772
772
772
772
773
775
775
775
775
775
775
775
776
776
776
776
776
778
778
778
778
778
778
778
778
778
779
779
779
779
781
781
781
781
781
781
781
781
782
782
782
782
782
782
782
782
783
783
783
783
783
783
783
783
785
785
785
786
786
786
786
786
786
786
786
790
790
790
790
791
791
791
791
793
794
794
794
796
796
796
796
797
797
797
797
798
799
799
799
799
799
799
799
800
802
802
802
802
802
802
802
803
804
804
804
804
804
804
804
805
805
805
805
805
805
805
805
805
805
805
805
805
805
805
805
806
807
807
807
807
807
807
808
808
808
808
808
808
809
809
809
809
809
809
810
810
810
810
810
810
810
811
813
813
813
813
813
813
813
813
814
815
815
815
815
815
815
815
815
815
815
815
815
815
815
815
815
815
815
816
816
816
816
816
816
816
817
817
817
817
817
817
817
817
817
817
817
817
817
817
817
818
818
818
818
818
818
818
818
818
818
818
818
819
819
819
820
821
822
823
823
823
824
826
826
826
826
826
826
827
827
827
827
827
827
828
830
830
830
830
830
830
830
830
831
831
831
831
831
832
832
832
833
833
833
834
834
834
835
835
835
836
836
836
837
837
837
838
838
838
839
839
839
840
840
840
841
841
841
844
844
844
845
845
845
846
846
846
847
847
847
848
849
849
849
849
849
849
849
850
863
864
