6
6
6
6
6
6
6
6
6
8
8
8
8
8
8
8
8
8
8
8
8
8
8
9
9
9
9
9
9
9
9
9
9
9
9
9
9
10
10
10
10
10
10
10
10
10
10
10
10
10
10
11
11
11
11
11
11
11
11
11
11
11
11
11
11
12
12
12
12
12
12
12
12
12
12
12
12
12
12
14
14
14
14
14
14
14
15
15
15
15
15
15
15
16
16
16
16
16
16
16
17
17
17
17
17
17
17
18
18
18
18
18
18
18
19
19
19
19
19
19
19
19
19
20
20
20
20
20
20
20
20
20
21
21
21
21
21
21
21
22
22
22
22
22
22
22
23
23
23
23
23
23
23
24
24
24
24
24
24
24
24
24
25
25
25
25
25
25
25
25
25
27
27
27
27
27
27
27
27
27
27
27
28
28
28
28
28
28
28
28
28
28
28
29
29
29
29
29
29
29
30
30
30
30
30
30
30
32
32
32
32
33
34
34
34
34
34
34
34
34
34
34
34
34
34
34
34
36
36
36
36
37
38
40
40
40
40
40
40
40
40
40
40
40
40
40
40
40
40
40
41
42
42
42
42
42
42
42
42
42
42
42
42
42
42
44
44
44
44
44
44
44
44
45
46
46
46
46
46
46
46
46
46
48
48
48
48
48
48
49
50
50
50
50
50
50
50
50
50
50
50
50
50
50
50
51
52
54
54
54
54
54
54
54
54
54
54
56
56
56
56
56
56
56
57
58
58
58
58
58
58
58
58
58
58
58
59
61
61
61
61
61
61
61
61
61
61
61
61
63
63
63
63
63
65
65
65
65
65
65
65
66
67
67
67
67
67
67
67
67
67
67
67
67
67
67
67
67
67
67
69
69
69
69
69
69
69
69
69
69
69
71
71
71
71
71
71
72
73
73
74
75
77
77
77
78
80
80
80
80
80
80
80
80
80
80
80
80
80
80
80
80
80
81
82
82
82
82
82
82
82
82
82
83
84
84
84
84
84
84
84
84
84
84
85
87
87
87
87
87
89
89
89
89
89
89
89
90
91
91
91
91
91
91
91
91
91
93
93
93
93
93
93
93
93
94
95
95
95
95
95
95
95
95
96
97
97
97
97
97
97
97
97
97
99
99
99
99
99
99
100
101
101
102
103
104
105
106
106
106
106
106
106
106
106
106
106
106
108
108
108
108
108
108
109
110
110
111
112
113
114
116
116
116
117
119
119
119
119
119
119
119
119
119
119
119
120
121
121
121
121
121
121
121
121
121
121
121
123
123
123
123
123
123
124
126
126
126
126
126
126
126
126
127
128
128
128
128
128
130
130
130
130
130
130
130
130
130
130
130
130
131
132
133
134
134
134
134
134
134
134
134
134
134
134
134
134
134
134
134
135
135
135
135
135
135
135
135
135
135
135
135
136
137
137
137
137
137
138
139
139
139
139
139
139
139
139
139
139
139
140
141
143
143
143
144
146
146
146
146
146
146
146
146
147
148
148
148
148
148
148
148
148
150
150
150
150
150
150
150
150
150
150
150
150
152
152
152
152
152
152
153
154
155
156
156
156
156
156
156
156
156
156
156
156
157
158
158
158
158
158
159
160
160
160
160
160
160
160
160
160
160
160
161
162
163
163
163
164
166
166
166
166
166
166
166
166
166
166
166
166
166
166
167
168
168
168
168
168
170
170
170
170
170
170
170
170
170
170
170
172
172
172
172
172
172
173
174
174
174
174
174
174
174
174
175
177
177
177
177
177
177
177
177
177
177
177
178
179
179
179
179
179
179
179
179
179
179
181
181
181
181
181
181
182
183
183
183
183
183
183
183
183
183
183
183
183
183
183
183
183
183
183
183
183
184
185
185
185
185
185
185
185
185
187
187
187
187
187
187
187
187
187
189
189
189
189
189
189
190
191
191
191
191
191
191
191
191
191
191
191
191
192
192
192
192
192
192
192
192
193
195
195
195
195
195
195
195
195
196
197
198
199
199
199
199
199
200
201
201
201
201
201
201
201
201
201
201
201
201
201
201
201
201
201
202
204
204
204
205
206
207
