17
17
17
17
17
17
17
17
17
19
19
19
19
19
19
19
19
19
20
20
20
20
20
20
20
20
20
21
21
21
21
21
21
21
21
21
22
22
22
22
22
22
22
22
22
23
23
23
23
23
23
23
23
23
24
24
24
24
24
24
24
24
24
24
24
24
24
25
25
25
25
25
25
25
25
25
25
25
25
25
27
27
27
27
27
27
27
28
28
28
28
28
28
28
28
28
29
29
29
29
29
29
29
30
30
30
30
30
30
30
30
30
31
31
31
31
31
31
31
31
31
32
32
32
32
32
32
32
32
32
33
33
33
33
33
33
33
33
33
34
34
34
34
34
34
34
34
34
34
34
35
35
35
35
35
35
35
35
35
35
35
37
37
37
37
37
37
37
37
37
37
37
37
37
37
42
42
42
42
42
42
43
44
44
44
44
44
44
46
46
46
46
46
46
46
46
48
48
48
48
48
48
48
48
49
49
49
49
49
51
51
51
51
51
51
52
52
52
52
52
52
54
54
54
54
54
55
55
55
55
55
57
57
57
57
57
58
58
58
58
59
59
59
59
61
61
61
62
62
62
62
62
63
63
63
63
65
65
65
65
65
66
66
66
66
66
67
67
67
67
67
69
69
69
69
70
70
70
70
71
71
71
71
73
73
73
73
73
73
73
74
74
74
74
74
76
76
76
76
76
77
77
77
77
77
78
78
78
78
78
80
80
80
80
82
82
83
83
83
83
83
83
83
83
83
83
83
83
83
83
83
83
84
84
84
84
84
84
84
84
86
86
86
86
86
86
86
86
86
86
86
86
86
86
86
86
88
88
88
88
88
88
88
88
89
89
89
89
89
89
89
89
89
89
89
89
89
89
89
90
90
90
90
90
90
90
90
90
90
91
93
93
93
93
93
93
93
93
93
93
93
93
93
93
93
93
93
94
94
94
94
94
94
94
94
94
94
94
94
94
94
94
94
95
95
96
96
96
96
96
97
98
98
98
98
98
98
98
98
98
98
98
98
98
98
98
98
98
99
99
99
99
99
99
99
99
99
99
100
100
100
100
100
100
100
100
100
101
102
103
104
104
104
104
105
106
108
108
108
108
108
109
110
110
110
110
110
110
112
112
112
112
112
112
112
112
112
113
113
113
113
113
113
113
113
113
114
114
114
114
114
114
114
114
114
114
115
115
115
115
115
115
116
116
116
116
116
116
117
117
117
117
117
117
118
118
118
118
118
118
118
118
118
119
119
119
119
119
119
119
119
119
119
119
120
127
127
128
128
128
128
128
128
128
128
128
128
128
128
129
130
130
130
130
130
130
130
131
131
131
131
131
131
132
133
133
133
133
133
133
133
133
133
133
133
133
133
133
134
134
134
134
134
135
137
137
137
137
137
137
137
138
141
141
142
142
142
142
142
143
144
144
144
144
144
144
144
144
144
144
144
144
144
144
144
144
144
144
144
144
144
144
144
144
144
145
145
145
145
145
145
145
146
146
146
146
146
146
146
147
148
151
151
152
152
152
152
152
152
152
152
153
154
154
154
154
154
154
154
154
154
154
154
154
154
154
154
154
154
154
154
154
154
154
154
154
154
155
155
155
155
155
155
155
156
156
156
156
156
156
157
157
157
157
157
157
157
158
159
160
160
161
161
161
161
161
161
161
162
163
166
166
167
167
167
167
167
167
167
168
169
169
169
169
169
170
170
170
170
171
171
171
172
172
172
172
172
172
172
172
172
172
172
172
173
173
173
173
173
173
173
174
174
174
174
174
174
175
175
175
175
175
175
175
176
177
177
177
178
178
178
178
178
178
178
179
180
181
184
184
185
185
185
185
185
186
187
187
187
187
187
187
187
187
188
191
191
192
192
192
192
192
192
192
193
194
194
194
194
194
194
194
194
194
194
194
194
194
195
197
197
197
197
197
197
201
201
201
201
201
201
201
201
201
201
201
201
202
205
205
206
206
206
206
206
207
208
208
208
209
212
212
213
213
213
213
213
213
213
214
215
215
215
215
215
215
216
222
222
222
222
222
222
222
222
222
222
222
222
222
222
222
222
222
223
224
224
224
224
226
226
227
227
227
227
229
229
229
229
229
229
229
229
229
229
230
230
230
230
230
230
230
230
230
230
230
230
230
231
231
231
231
231
231
231
231
231
231
231
231
231
231
231
233
233
233
233
233
233
233
233
234
234
234
234
234
234
235
235
235
235
235
235
235
235
235
235
235
235
235
235
236
236
236
236
236
236
237
237
237
237
237
237
238
238
238
238
238
238
239
239
239
239
239
239
239
239
241
241
241
241
241
241
241
243
243
243
243
243
243
243
243
243
243
243
243
243
243
243
243
243
243
243
244
244
244
244
244
244
244
244
244
244
244
244
244
244
244
244
244
244
244
244
244
244
244
244
244
244
244
244
245
245
245
245
245
245
245
245
245
245
245
245
245
245
245
245
245
245
245
245
246
246
246
246
246
246
246
246
246
246
246
246
247
247
247
247
247
247
247
247
247
248
248
248
248
248
248
248
248
248
249
251
251
251
251
253
253
253
253
255
255
255
255
257
257
257
257
257
257
257
257
257
258
259
259
259
259
259
259
260
260
260
260
260
260
261
261
261
261
261
261
261
262
263
263
264
264
264
264
264
264
264
265
265
265
265
265
265
265
266
266
266
266
266
266
266
267
269
269
269
270
272
272
272
272
273
274
274
274
274
274
275
277
277
277
277
278
279
279
279
280
282
282
282
282
283
284
284
284
285
287
287
287
287
288
289
289
289
290
292
292
292
292
292
292
293
294
294
294
294
294
295
295
296
298
298
299
299
299
299
299
299
299
300
300
300
300
301
301
301
301
301
301
301
301
302
302
302
302
302
302
302
302
302
302
302
303
303
304
305
305
305
305
305
305
305
305
306
306
307
309
309
309
309
309
309
309
309
310
310
310
310
310
310
310
310
310
310
310
310
310
311
311
311
311
311
311
311
312
312
312
312
312
312
312
312
312
313
313
313
313
313
313
314
315
315
315
315
315
315
317
317
317
317
317
317
318
319
319
319
319
319
319
319
319
319
319
319
319
323
323
323
323
323
323
323
324
325
327
327
327
327
327
327
328
329
329
329
329
329
330
330
331
333
333
334
334
334
334
334
334
334
335
335
335
335
336
336
336
336
336
336
336
336
337
337
337
337
337
337
337
337
337
337
337
338
338
339
340
340
340
340
340
340
340
340
341
341
342
344
344
344
344
344
344
344
344
345
345
345
345
345
345
345
345
345
345
345
345
345
346
346
346
346
346
346
346
347
347
347
347
347
347
347
347
347
348
348
348
348
348
348
349
350
350
350
350
350
350
352
352
352
352
352
352
353
354
354
354
354
354
354
354
354
354
354
354
354
358
358
358
358
358
358
358
359
360
362
362
362
362
362
362
363
364
364
364
364
364
364
364
364
364
365
365
365
366
368
368
368
368
368
368
368
368
368
368
368
368
368
368
368
368
368
369
369
369
369
369
369
369
369
369
369
369
370
370
370
370
370
370
370
370
370
370
370
370
370
370
370
370
370
370
370
370
370
370
370
370
370
370
370
372
372
372
372
373
373
373
374
376
376
376
376
378
378
378
378
378
378
378
378
378
378
379
379
379
379
379
379
379
379
381
381
381
381
381
381
381
381
381
382
382
382
382
382
382
382
383
383
383
383
383
384
384
384
384
384
384
384
385
385
385
385
385
385
386
386
386
387
387
387
387
387
387
387
387
387
387
387
387
387
388
388
388
388
388
388
388
388
388
389
389
389
389
389
389
389
390
390
390
390
390
390
390
390
390
391
391
391
391
391
391
391
391
391
391
391
391
391
392
393
393
394
394
394
394
394
394
394
394
394
395
395
395
395
395
395
396
398
398
398
398
398
398
398
398
400
400
400
400
400
400
400
400
400
400
400
401
401
401
402
403
405
405
405
405
405
405
405
405
405
405
405
405
407
407
408
408
408
408
408
408
408
408
409
409
409
409
409
409
410
410
410
410
410
410
410
410
410
410
410
410
412
412
412
413
414
414
414
414
414
414
416
416
416
416
416
416
417
417
417
418
419
421
421
421
422
424
424
424
424
424
424
425
426
426
426
426
426
426
426
426
426
426
426
427
427
428
430
430
431
431
431
431
432
432
432
432
432
432
432
433
433
433
433
433
433
433
433
433
433
433
433
433
433
433
433
434
434
434
434
434
434
434
434
435
435
435
435
435
435
435
435
435
435
435
436
437
437
437
437
437
437
437
437
437
437
437
437
437
437
437
437
438
438
438
438
438
438
438
438
439
439
439
439
439
439
439
439
439
439
439
440
441
441
441
441
441
441
441
441
441
441
441
442
442
442
442
442
442
442
443
444
445
445
445
445
445
445
447
447
447
447
447
447
448
449
449
450
450
450
450
450
450
452
452
452
452
452
452
452
453
453
453
453
453
453
454
454
454
454
454
454
454
454
454
455
458
458
458
458
458
458
459
461
461
461
461
461
461
461
462
462
462
462
462
462
462
462
462
463
463
463
463
463
463
464
465
465
465
465
465
465
465
466
466
466
466
466
466
466
466
466
467
467
467
467
467
467
468
470
470
470
470
470
470
470
471
471
471
471
471
471
471
471
471
472
472
472
472
472
472
472
472
472
473
475
475
475
475
476
476
476
476
477
477
477
477
478
478
478
478
479
480
482
482
482
482
483
484
484
484
484
484
484
484
484
484
485
487
487
487
487
488
489
489
489
489
489
489
489
489
489
489
490
490
490
490
490
490
490
490
490
491
492
492
492
492
493
495
495
495
495
495
496
497
497
498
498
498
498
498
498
498
499
500
500
500
500
500
500
502
503
505
505
505
505
505
506
507
507
508
508
508
508
508
508
508
509
510
510
510
510
510
510
512
512
512
512
512
512
513
514
516
516
516
516
516
517
518
518
518
518
518
518
518
518
519
519
519
519
519
519
519
519
519
519
519
519
519
519
520
520
520
520
520
520
521
521
521
521
521
521
524
524
524
524
524
524
524
524
524
525
525
525
525
525
525
525
525
525
525
525
526
526
526
526
526
526
526
526
526
526
526
526
526
526
526
526
526
526
526
526
527
527
527
527
527
528
528
528
528
528
530
530
530
530
530
530
530
530
530
530
530
530
530
530
530
530
530
530
530
530
530
530
530
531
531
531
531
531
531
531
531
531
531
531
532
532
532
532
532
533
533
533
533
533
533
533
533
533
533
534
534
534
534
534
534
534
534
534
534
534
534
537
537
537
537
537
537
537
537
538
538
538
538
538
538
538
538
538
538
539
539
539
539
539
539
539
539
539
539
539
539
539
539
539
539
539
539
539
539
540
540
540
540
540
541
541
541
541
541
543
543
543
543
543
543
543
543
543
543
543
543
543
543
543
543
543
543
543
543
543
543
543
544
544
544
544
544
544
544
544
544
544
544
545
545
545
545
545
546
546
546
546
546
546
546
546
546
546
547
547
547
547
547
547
547
547
547
547
547
547
550
550
550
550
550
550
550
550
551
551
551
551
551
551
551
551
551
551
552
552
552
552
552
552
552
552
552
552
552
552
552
552
552
552
552
552
552
552
553
553
553
553
553
554
554
554
554
554
556
556
556
556
556
556
556
556
556
556
556
556
556
556
556
556
556
556
556
556
556
556
556
557
557
557
557
557
557
557
557
557
557
557
558
558
558
558
558
559
559
559
559
559
559
559
559
559
559
560
560
560
560
560
560
560
560
560
560
560
560
561
563
563
563
563
563
564
565
565
565
565
565
565
565
565
565
565
567
567
567
567
568
568
568
568
569
569
569
569
570
570
570
570
572
572
572
572
572
572
572
572
572
572
572
573
573
573
573
573
573
573
573
573
573
573
574
574
574
574
574
574
574
574
574
574
574
578
578
578
578
578
578
578
578
578
579
581
581
581
581
581
582
583
583
583
583
583
584
584
584
584
584
585
585
585
585
586
586
586
586
586
586
586
586
586
586
586
586
587
589
589
589
589
589
589
589
590
590
590
590
590
590
590
592
592
592
592
592
592
592
592
592
593
593
593
593
593
593
593
593
593
595
595
595
595
595
595
595
595
595
595
595
595
595
596
596
596
596
596
596
596
597
597
597
597
597
597
599
599
600
600
600
600
600
600
601
602
602
602
602
602
602
603
603
603
603
603
603
603
604
605
606
608
608
608
608
608
608
608
608
608
608
608
608
609
610
610
610
610
610
610
610
610
611
611
611
611
611
612
612
612
612
612
612
612
612
613
613
613
613
613
614
614
614
614
615
615
615
617
617
617
617
617
617
617
618
623
623
623
623
623
623
623
623
623
624
625
625
625
625
625
625
625
625
625
625
625
625
626
628
628
628
628
628
628
628
628
628
628
628
629
630
630
630
630
630
630
630
630
630
630
630
630
630
630
630
630
630
630
632
632
632
632
632
632
633
633
633
633
633
633
633
633
633
633
634
634
634
634
634
634
634
635
635
635
635
635
635
635
635
635
636
638
638
638
638
638
638
638
638
639
639
639
639
639
639
639
639
639
639
640
640
640
640
640
640
640
640
641
641
641
641
641
641
641
641
641
641
641
641
641
641
641
641
641
641
641
641
641
641
641
641
641
641
641
641
641
641
641
641
641
641
641
642
643
645
645
645
645
645
645
645
645
645
645
646
648
648
648
648
648
648
648
648
648
648
648
648
649
651
651
651
651
651
651
651
651
651
651
651
651
651
651
651
651
651
651
651
651
651
651
651
651
651
651
651
651
651
651
651
651
651
652
652
652
652
652
652
652
652
652
652
652
652
654
654
654
654
654
654
654
654
654
654
654
654
654
654
654
655
655
655
655
655
655
655
655
655
655
655
655
655
655
655
656
656
656
656
656
656
656
656
656
656
656
656
656
656
656
656
656
656
656
656
656
656
656
656
656
656
656
656
656
656
657
660
660
660
660
660
660
660
660
660
660
660
660
661
661
661
661
661
661
661
662
664
664
664
664
664
664
664
665
666
666
666
666
666
666
666
666
666
666
666
666
666
666
666
666
667
667
667
667
667
667
667
667
667
667
667
667
667
668
669
671
671
671
671
671
671
671
672
673
673
673
674
674
674
674
674
674
674
674
674
674
674
674
674
674
674
674
674
674
674
674
674
674
674
675
675
675
675
675
675
675
675
675
676
677
679
679
679
679
679
679
679
679
679
679
680
681
681
682
682
682
682
682
682
682
682
682
682
683
684
684
684
684
684
684
684
684
684
685
685
685
685
685
685
685
685
685
686
686
686
686
686
686
686
686
686
686
686
686
686
686
686
686
686
686
686
686
686
686
687
687
687
687
687
687
687
687
687
687
688
688
688
688
688
688
688
688
688
688
689
689
689
689
689
689
689
690
690
690
690
690
690
690
690
690
691
691
691
691
691
691
691
691
691
692
692
692
692
692
692
692
693
693
693
693
693
694
695
696
698
698
698
698
698
699
700
702
702
702
702
702
702
702
702
702
702
702
702
702
702
702
702
702
703
704
704
704
704
704
704
704
704
704
706
706
707
707
707
707
707
707
707
707
707
707
707
707
707
707
707
707
707
707
707
707
707
707
707
707
708
709
709
709
709
709
709
709
709
709
709
709
709
709
709
709
709
709
709
710
711
713
713
713
713
714
715
715
715
715
716
716
716
716
717
717
717
717
718
718
718
719
719
719
721
721
721
721
721
721
721
721
722
723
723
723
723
723
723
724
724
724
724
724
724
725
725
725
725
725
725
725
725
725
726
727
728
729
