6
6
6
6
6
6
6
6
6
8
8
8
8
8
8
8
8
8
8
8
8
8
8
9
9
9
9
9
9
9
9
9
9
9
9
9
9
11
11
11
11
11
11
11
12
12
12
12
12
12
12
13
13
13
13
13
13
13
13
13
14
14
14
14
14
14
14
14
14
15
15
15
15
15
15
15
15
15
16
16
16
16
16
16
16
17
17
17
17
17
17
17
19
19
19
19
19
19
19
19
19
19
19
20
20
20
20
20
20
20
20
20
20
20
20
20
21
21
21
21
21
21
21
22
22
22
22
22
22
22
24
24
24
24
24
24
25
26
26
26
26
26
26
26
26
26
26
26
26
26
26
26
28
28
28
28
29
29
29
29
31
31
31
31
32
33
34
35
35
35
35
35
35
35
35
35
35
35
36
36
36
36
36
36
36
36
36
36
36
37
38
38
38
38
38
39
40
40
40
40
40
40
41
42
44
44
44
44
44
45
46
46
46
46
46
46
46
46
46
47
49
49
49
49
49
50
51
51
51
51
51
51
51
51
51
52
54
54
54
54
54
55
56
56
56
56
56
56
56
56
56
56
56
56
56
56
56
57
59
59
60
60
60
60
60
61
62
62
62
62
62
64
64
64
64
64
64
64
64
64
64
64
64
65
66
67
68
68
68
68
68
68
68
68
68
68
68
68
68
68
68
68
68
69
70
70
70
70
70
71
72
72
72
72
72
72
73
74
76
76
76
77
79
79
80
80
80
80
80
81
82
82
82
82
82
84
84
84
84
84
84
84
84
84
84
84
84
85
86
87
88
88
88
88
88
88
88
88
88
88
88
88
88
88
88
88
88
89
90
90
90
90
90
91
92
92
92
92
92
92
93
94
96
96
96
97
99
99
99
99
99
99
99
99
99
99
100
101
101
101
101
101
101
101
101
103
103
103
103
103
103
103
104
105
105
105
105
105
105
105
105
105
105
105
105
105
105
106
108
108
108
108
108
108
108
108
108
108
109
110
110
110
110
110
110
110
110
110
110
110
110
110
111
113
113
113
113
113
113
113
114
116
116
116
116
116
116
116
116
116
116
116
116
116
117
118
118
118
118
118
118
118
118
118
118
118
118
119
121
121
121
121
121
121
121
121
121
121
121
121
121
121
121
121
121
121
121
121
121
122
122
122
123
124
124
124
124
124
124
124
124
126
126
126
126
126
126
126
127
128
128
128
128
128
128
128
128
128
128
128
128
129
131
131
131
131
131
131
131
131
131
131
131
131
131
133
133
133
133
133
133
134
135
135
135
135
135
135
135
135
135
135
135
135
135
136
138
138
138
138
138
138
140
141
142
142
142
142
142
142
142
142
142
144
144
144
144
144
144
145
146
146
146
146
146
146
146
146
146
146
146
146
146
146
148
148
148
148
148
148
148
148
148
148
148
148
148
148
148
148
148
148
149
150
150
150
150
150
150
150
150
150
150
150
150
150
150
150
150
150
151
152
154
154
154
154
154
154
155
156
156
156
156
156
156
156
157
159
159
159
159
159
159
159
159
159
159
159
160
160
160
160
160
160
160
160
160
160
160
162
162
162
162
162
162
162
162
162
164
164
164
164
164
164
164
164
165
166
166
166
166
166
167
168
168
168
168
168
168
169
170
170
170
170
170
170
170
170
170
171
173
173
173
173
173
173
173
173
173
174
176
176
176
176
176
177
178
178
