6
6
6
6
6
6
6
6
6
8
8
8
8
8
8
8
8
8
8
8
8
8
8
9
9
9
9
9
9
9
9
9
9
9
9
9
9
10
10
10
10
10
10
10
10
10
10
10
10
10
10
11
11
11
11
11
11
11
11
11
11
11
11
11
11
12
12
12
12
12
12
12
12
12
12
12
12
12
12
13
13
13
13
13
13
13
13
13
13
13
13
13
13
14
14
14
14
14
14
14
14
14
14
14
14
14
14
16
16
16
16
16
16
16
17
17
17
17
17
17
17
18
18
18
18
18
18
18
19
19
19
19
19
19
19
20
20
20
20
20
20
20
21
21
21
21
21
21
21
22
22
22
22
22
22
22
23
23
23
23
23
23
23
24
24
24
24
24
24
24
25
25
25
25
25
25
25
26
26
26
26
26
26
26
28
28
28
28
28
28
28
28
28
28
28
29
29
29
29
29
29
29
29
29
29
29
30
30
30
30
30
30
30
31
31
31
31
31
31
31
33
33
33
34
35
35
35
36
37
37
37
37
37
37
38
40
40
40
41
42
42
42
42
42
42
43
45
45
45
46
47
47
47
47
47
47
48
50
50
50
51
52
52
52
52
52
52
53
55
55
55
55
55
55
55
55
55
55
55
55
55
55
55
57
57
57
57
57
57
57
57
59
59
59
59
59
59
59
59
60
60
60
60
60
60
60
60
62
62
62
62
62
62
62
62
64
64
64
64
64
64
64
64
65
65
65
65
65
65
65
65
66
66
66
66
66
66
66
66
67
67
67
67
67
67
67
67
68
68
68
68
68
68
68
68
69
69
69
69
69
69
69
69
71
71
71
71
71
71
71
71
72
72
72
72
72
72
72
72
74
74
74
74
74
74
74
74
75
75
75
75
75
75
75
75
75
75
76
76
76
76
76
76
76
76
76
76
77
77
77
77
77
77
77
77
77
77
78
78
78
78
78
78
78
78
78
78
79
79
79
79
79
79
79
79
79
79
80
80
80
80
80
80
80
80
80
80
81
81
81
81
81
81
81
81
81
81
82
82
82
82
82
82
82
82
82
82
83
83
83
83
83
83
83
83
83
83
84
84
84
84
84
84
84
84
84
84
85
85
85
85
85
85
85
85
85
85
87
87
87
87
87
87
87
87
89
89
89
89
89
89
89
89
89
89
89
89
89
89
90
90
90
90
90
90
90
90
90
90
90
90
90
90
91
91
91
91
91
91
91
91
91
91
91
91
91
91
93
93
93
93
93
93
94
94
94
94
94
94
95
95
95
95
95
95
96
96
96
96
96
96
97
97
97
97
97
97
98
98
98
98
98
98
100
100
100
100
100
100
101
101
101
101
101
101
103
103
103
103
104
104
104
104
105
105
105
105
106
106
106
106
108
108
108
108
109
109
109
109
110
110
110
110
111
111
111
111
111
111
113
113
113
113
114
114
114
114
116
116
116
116
116
116
118
118
118
118
118
118
118
118
118
118
118
118
118
118
120
120
120
120
120
120
120
120
120
120
120
120
120
120
120
121
121
121
121
121
121
121
121
121
121
121
121
121
121
123
123
123
123
125
125
125
125
125
125
127
127
127
127
127
127
127
127
127
129
129
129
129
130
131
131
131
131
132
134
134
134
134
134
134
135
136
136
136
136
136
136
137
137
137
137
138
140
140
140
140
140
141
142
142
142
142
143
144
144
144
144
144
144
144
144
144
145
147
147
147
147
147
147
147
148
148
148
148
149
151
151
151
151
151
152
153
153
153
153
154
155
155
155
155
155
155
155
156
158
158
158
158
159
159
159
159
159
160
162
162
162
162
162
163
164
164
164
164
165
166
166
166
166
166
166
166
167
169
169
169
169
169
170
172
172
172
172
172
173
174
174
174
175
177
177
178
178
178
178
178
179
180
180
180
180
181
182
182
182
182
182
182
182
183
185
185
185
185
185
185
185
185
187
187
187
187
189
189
189
189
191
191
191
191
191
191
193
193
193
194
196
196
196
196
196
196
196
197
198
198
198
198
198
198
200
200
200
200
201
202
202
202
202
202
202
202
202
202
203
205
205
205
205
207
207
207
207
209
209
209
209
210
212
212
212
212
212
213
214
214
214
215
217
217
217
217
217
217
217
218
219
219
219
219
220
221
221
221
221
221
221
221
221
221
222
224
224
224
224
224
224
224
224
224
224
224
224
225
226
226
226
226
226
226
226
226
226
226
226
226
226
226
226
226
227
227
227
227
227
229
229
229
229
229
229
229
230
231
231
231
231
231
231
231
231
231
233
233
233
233
233
233
233
234
236
236
236
236
236
237
238
240
240
240
240
240
240
240
241
242
242
242
242
242
242
242
242
242
242
242
242
242
242
242
243
245
245
245
245
245
245
245
245
246
247
247
247
247
247
247
247
247
247
247
247
247
247
249
249
249
249
249
249
249
250
250
250
250
250
250
250
252
252
252
252
252
252
253
254
254
254
254
254
254
254
255
257
257
257
257
257
257
257
257
257
257
257
258
259
259
259
259
259
259
259
259
259
261
261
261
261
261
261
261
261
261
262
263
263
263
263
263
263
263
263
263
263
263
263
263
263
264
265
265
265
265
265
265
265
265
265
265
265
265
265
265
265
265
267
267
267
267
267
267
267
268
269
270
272
272
272
273
275
275
275
275
275
276
277
277
277
277
278
279
279
279
279
279
279
279
279
279
280
282
282
282
282
282
282
282
282
282
282
282
283
284
284
284
284
284
284
284
285
286
286
286
286
286
287
288
288
288
288
289
290
290
290
290
290
290
290
290
290
290
290
290
290
291
292
293
293
293
293
293
294
295
295
295
295
295
295
295
295
295
296
298
298
298
298
298
298
298
298
298
298
298
300
300
300
300
300
300
300
300
300
301
302
302
302
302
303
304
304
304
304
304
304
304
305
307
307
307
307
308
310
310
310
310
311
313
313
313
313
313
314
315
315
315
315
316
317
317
317
317
317
317
317
317
317
318
320
320
320
320
320
320
320
320
320
321
321
321
321
321
321
321
321
321
322
322
322
322
322
322
322
322
322
324
324
324
324
324
324
324
324
324
324
324
325
325
325
325
325
325
325
325
325
325
325
326
326
326
326
326
326
326
326
326
326
326
327
327
327
327
327
327
327
327
327
327
327
329
329
329
329
329
329
329
329
329
331
331
331
331
331
331
331
331
331
331
331
333
333
333
333
333
333
333
333
333
333
333
334
334
334
334
334
334
334
334
334
334
334
336
336
336
336
338
338
338
338
340
340
340
340
342
342
342
342
344
344
344
344
344
344
344
344
344
344
344
344
344
346
346
346
346
346
346
346
346
346
346
346
346
346
348
348
348
348
348
348
348
348
348
348
348
349
349
349
349
349
349
349
349
349
349
349
351
351
351
351
351
351
351
351
352
352
352
352
352
354
354
354
354
354
354
354
354
354
354
354
354
354
355
357
357
357
357
357
358
359
359
359
359
359
359
359
359
359
359
359
359
359
359
359
359
359
361
361
361
361
362
363
363
363
364
364
364
364
364
364
365
365
366
366
366
367
367
367
367
367
367
368
368
369
369
369
370
370
370
370
370
370
371
371
372
373
375
375
375
375
375
376
377
377
377
377
377
377
377
377
377
377
377
377
377
377
377
377
377
379
379
379
379
380
381
381
381
382
382
382
382
382
382
383
383
384
384
384
385
385
385
385
385
385
386
386
387
387
387
388
388
388
388
388
388
389
389
390
391
393
393
393
393
393
394
395
395
395
395
395
395
395
395
395
395
395
395
395
395
395
395
395
397
397
397
397
398
399
399
399
400
400
400
400
400
400
401
401
402
402
402
403
403
403
403
403
403
404
404
405
405
405
406
406
406
406
406
406
407
407
408
409
411
411
411
411
411
412
413
413
413
413
413
413
413
413
413
413
413
413
413
413
413
413
413
415
415
415
415
416
417
417
417
418
418
418
418
418
418
419
419
420
420
420
421
421
421
421
421
421
422
422
423
423
423
424
424
424
424
424
424
425
425
426
427
429
429
429
429
429
430
431
431
431
431
432
433
433
433
434
434
434
434
434
434
434
434
434
435
435
436
436
436
437
437
437
437
437
437
437
437
437
438
438
439
439
439
440
440
440
440
440
440
440
440
440
441
441
442
443
445
445
445
445
445
446
447
447
447
447
448
449
449
449
450
450
450
450
450
450
450
450
450
451
451
452
452
452
453
453
453
453
453
453
453
453
453
454
454
455
455
455
456
456
456
456
456
456
456
456
456
457
457
458
459
461
461
461
461
461
462
463
463
463
463
464
465
465
465
466
466
466
466
466
466
466
466
466
467
467
468
468
468
469
469
469
469
469
469
469
469
469
470
470
471
471
471
472
472
472
472
472
472
472
472
472
473
473
474
475
477
477
477
477
477
478
479
479
479
479
480
481
481
481
482
482
482
482
482
482
482
482
482
483
483
484
484
484
485
485
485
485
485
485
485
485
485
486
486
487
487
487
488
488
488
488
488
488
488
488
488
489
489
490
491
493
493
493
493
493
493
493
493
493
493
493
493
493
494
495
495
495
495
495
495
495
495
495
495
495
495
495
495
495
495
495
495
495
495
496
498
498
498
498
498
498
498
498
498
498
498
498
498
499
500
500
500
500
500
500
500
500
500
500
500
500
500
500
500
500
500
500
500
500
501
503
503
503
503
503
503
503
503
503
503
503
503
503
504
505
505
505
505
505
505
505
505
505
505
507
507
507
507
507
507
509
509
509
509
509
509
509
509
509
509
509
509
509
509
509
509
509
509
510
511
511
511
511
511
511
511
511
511
511
511
512
513
514
515
515
515
515
515
515
515
515
515
516
518
518
518
519
521
521
521
521
521
521
521
521
521
521
522
523
523
523
523
523
523
523
523
523
523
524
526
526
526
526
526
526
526
526
526
526
526
526
526
527
528
528
528
528
528
528
528
528
530
530
530
530
530
530
530
530
530
530
531
533
533
533
533
533
533
533
533
533
533
533
533
533
534
535
535
535
535
535
535
535
535
537
537
537
537
537
537
537
537
537
538
540
540
540
540
540
540
540
540
541
542
542
542
542
542
544
544
544
544
544
544
544
544
545
546
546
546
546
546
546
546
546
546
546
546
546
546
546
546
546
546
546
546
546
546
546
547
548
548
548
548
548
548
548
548
549
550
552
552
552
553
555
555
555
555
555
555
555
556
557
557
557
557
557
557
557
557
558
560
560
560
560
560
561
562
562
562
562
563
564
564
564
564
564
564
564
565
567
567
567
567
568
568
568
568
569
571
571
571
571
571
572
573
573
573
573
574
575
575
575
575
575
575
575
575
575
576
578
578
578
578
578
578
578
578
578
580
580
580
580
580
580
580
580
580
580
580
580
580
580
580
580
581
581
581
581
581
581
581
581
581
581
581
581
581
581
581
581
582
582
582
582
582
582
582
582
582
582
582
582
582
582
582
582
584
584
584
584
584
584
584
584
584
584
584
584
584
584
585
585
585
585
585
585
585
585
585
585
585
585
585
585
586
586
586
586
586
586
586
586
586
586
586
586
586
586
587
587
587
587
587
587
587
587
587
587
587
587
587
587
588
588
588
588
588
588
588
588
588
588
588
588
588
588
589
589
589
589
589
589
589
589
589
589
589
589
589
589
590
590
590
590
590
590
590
590
590
590
590
590
590
590
592
592
592
592
594
594
594
594
596
596
596
596
598
598
598
598
600
600
600
600
600
600
601
602
602
602
602
602
602
602
602
602
603
605
605
605
605
605
605
605
605
605
605
605
605
605
605
607
607
607
607
607
607
607
607
607
607
607
607
607
607
609
609
609
609
609
609
609
609
609
609
609
609
609
609
611
611
611
611
611
611
611
611
611
611
611
611
611
611
613
613
613
613
613
613
613
613
613
613
613
613
613
613
615
615
615
615
615
615
615
615
615
617
619
619
619
619
619
620
621
621
621
621
622
623
623
623
623
623
623
623
623
623
624
626
626
626
626
626
626
626
626
626
626
626
627
628
628
628
628
628
628
628
628
628
629
630
630
630
630
630
631
632
632
632
632
632
632
632
632
632
633
634
636
636
636
636
636
636
636
636
637
638
638
638
638
638
638
638
638
639
641
641
641
641
641
641
641
641
642
643
643
643
643
643
643
643
645
645
645
645
645
645
645
645
645
645
645
645
645
645
647
647
647
647
647
647
647
647
647
647
647
648
649
649
649
649
649
649
649
649
649
649
650
651
651
651
651
651
651
651
652
653
655
655
655
656
658
658
658
658
658
658
658
658
659
660
660
660
660
660
660
660
660
661
663
663
663
663
663
663
663
663
664
665
665
665
665
665
665
665
665
666
668
668
668
668
668
668
668
669
670
670
670
670
670
670
671
672
672
672
672
672
672
672
672
672
674
674
674
674
674
674
674
674
674
674
675
676
676
676
676
676
676
676
677
678
679
680
681
681
681
681
681
681
681
682
683
685
685
685
685
685
685
685
685
685
685
686
687
687
687
687
687
687
688
690
690
690
690
690
690
690
690
690
690
691
692
692
692
692
692
692
693
695
695
695
695
695
695
695
695
695
695
696
697
697
697
697
697
697
698
700
700
700
700
700
701
702
702
702
703
705
705
705
705
705
705
705
706
707
707
707
707
707
707
708
710
710
710
710
710
711
712
712
712
713
715
715
715
715
715
715
715
716
717
717
717
717
717
717
718
720
720
720
720
720
721
722
722
722
723
725
725
725
725
725
725
725
726
727
727
727
727
727
727
728
730
730
730
730
730
731
732
732
732
733
735
735
735
735
735
735
735
736
737
737
737
737
737
737
738
740
740
740
740
740
741
742
742
742
743
745
745
745
745
745
745
745
746
747
747
747
747
747
747
748
750
750
750
750
750
751
752
752
752
753
755
755
755
755
755
755
755
756
757
757
757
757
757
757
758
760
760
760
760
760
761
762
762
762
763
765
765
765
765
765
765
765
766
767
767
767
767
767
767
768
770
770
770
770
770
771
772
772
772
773
775
775
775
775
775
775
775
776
777
777
777
777
777
777
778
780
780
780
780
780
781
782
782
782
783
785
785
785
785
785
785
785
786
787
787
787
787
787
787
788
790
790
790
790
790
791
792
792
792
793
795
795
795
795
795
795
795
796
797
797
797
797
797
797
798
800
800
800
800
800
801
802
802
802
803
805
805
805
805
805
805
805
806
807
807
807
807
807
807
808
810
810
810
810
810
811
812
812
812
813
815
815
815
815
815
815
815
816
817
817
817
817
817
817
818
820
820
820
820
820
821
822
822
822
823
825
825
825
825
825
825
825
826
827
827
827
827
827
827
828
830
830
830
830
830
831
832
832
832
833
835
835
835
835
835
835
835
836
837
837
837
837
837
837
838
840
840
840
840
840
841
842
842
842
843
845
845
845
845
845
845
845
846
847
847
847
847
847
847
848
850
850
850
850
850
851
852
852
852
853
855
855
855
855
855
855
855
856
857
857
857
857
857
857
858
860
860
860
860
860
860
860
860
860
860
861
862
862
862
862
862
862
862
862
862
864
864
864
864
864
864
864
864
864
865
867
867
867
867
867
867
867
868
869
869
869
869
869
871
871
871
871
871
871
871
871
871
873
873
873
873
873
873
873
873
873
874
875
875
875
875
875
875
875
875
875
876
878
878
878
879
881
881
881
881
881
881
881
881
882
883
883
883
883
883
883
883
883
883
883
883
883
883
885
885
885
885
885
885
885
885
885
885
885
886
887
887
887
887
887
887
887
887
887
889
889
889
889
889
889
889
889
889
890
891
891
891
891
891
891
891
891
891
891
891
891
891
891
892
893
893
893
893
893
893
893
893
893
893
893
893
893
893
893
893
895
895
895
895
895
895
895
896
897
898
900
900
900
901
903
903
903
903
903
904
905
905
905
906
908
908
908
908
908
908
908
909
910
910
910
910
910
910
911
913
913
913
913
913
914
915
915
915
916
918
918
918
918
918
918
918
919
920
920
920
920
920
920
921
922
922
