18
18
18
18
18
18
18
18
18
18
18
20
20
20
20
20
20
20
21
21
21
21
21
21
21
22
22
22
22
22
22
22
23
23
23
23
23
23
23
24
24
24
24
24
24
24
25
25
25
25
25
25
25
27
27
27
27
27
27
27
27
27
28
28
28
28
28
28
28
28
28
29
29
29
29
29
29
29
29
29
30
30
30
30
30
30
30
30
30
31
31
31
31
31
31
31
31
31
32
32
32
32
32
32
32
32
32
33
33
33
33
33
33
33
33
33
34
34
34
34
34
34
34
34
34
36
36
36
36
36
36
36
36
36
36
36
36
36
37
37
37
37
37
37
37
37
37
37
37
37
37
38
38
38
38
38
38
38
38
38
38
38
38
38
39
39
39
39
39
39
39
39
39
39
39
39
39
50
50
50
50
50
50
59
59
59
59
59
59
59
59
60
60
60
60
60
60
60
60
63
63
63
63
63
63
63
63
63
63
63
63
63
63
63
63
63
63
65
65
65
65
65
65
65
65
67
67
67
67
67
67
67
67
70
70
70
70
70
70
70
70
72
72
72
72
72
72
72
72
74
74
74
74
74
74
74
74
76
76
76
76
76
76
76
76
78
78
78
78
78
78
78
78
80
80
80
80
80
80
80
80
82
82
82
82
82
82
82
82
84
84
84
84
84
84
84
84
87
87
88
88
88
88
88
90
90
91
91
91
91
91
93
93
94
94
94
94
94
96
96
97
97
97
97
97
99
99
99
99
99
101
101
101
101
101
103
103
103
103
103
103
105
105
105
105
107
107
107
107
109
109
109
109
109
109
111
111
111
111
111
111
114
114
114
114
117
117
117
117
120
120
120
120
120
120
123
123
123
123
123
123
128
128
128
128
128
128
128
128
128
128
131
131
131
131
134
134
134
134
137
137
137
137
144
144
144
144
144
145
145
145
145
145
145
145
146
153
153
153
153
153
153
153
153
154
154
154
154
154
154
154
155
164
164
164
164
164
164
164
164
164
164
164
164
165
165
165
165
165
165
165
166
166
166
166
166
166
167
175
175
175
175
175
175
175
175
176
176
176
176
176
176
176
177
185
185
185
185
185
185
185
185
186
186
186
186
186
186
186
187
197
197
197
197
197
197
197
197
197
197
197
197
198
198
198
198
198
198
199
199
199
199
199
199
200
200
200
200
200
201
201
201
201
201
202
203
213
213
214
214
214
214
214
214
214
214
216
216
216
216
216
217
217
217
217
218
218
218
218
219
220
220
220
220
220
220
222
222
222
222
222
222
223
223
223
223
224
224
224
224
225
226
242
242
245
245
246
246
246
246
246
246
246
246
246
246
246
246
247
247
247
248
248
248
248
248
248
248
248
248
248
248
248
248
249
263
263
264
264
264
264
264
264
264
264
264
264
264
264
264
264
264
265
265
265
265
265
265
265
265
265
265
265
265
265
266
266
266
266
266
267
267
267
267
267
267
267
268
268
268
268
268
268
268
268
268
270
270
270
270
270
270
270
271
271
271
271
271
271
271
274
274
274
274
274
274
275
275
275
275
275
275
275
276
276
276
276
276
276
276
277
278
278
278
278
278
278
278
279
279
279
279
279
279
279
280
281
281
281
281
281
281
281
282
282
282
282
282
282
282
283
284
284
284
284
284
284
285
287
287
287
288
299
299
299
299
299
299
299
299
300
300
300
301
308
308
308
308
308
308
308
308
308
309
309
309
309
309
309
309
309
310
311
311
311
311
311
311
311
311
311
311
312
312
312
313
314
315
315
315
316
325
325
325
325
325
325
325
325
325
325
325
326
326
326
326
326
326
326
327
327
327
327
327
327
327
327
327
327
328
328
328
328
328
328
328
328
328
328
328
328
328
328
328
328
328
328
328
328
328
329
330
330
330
331
343
343
344
344
344
344
344
344
344
345
346
346
346
346
346
346
347
347
347
347
347
347
347
348
348
348
348
348
348
349
350
350
350
350
350
351
351
351
351
351
352
362
362
362
362
362
362
362
362
362
362
362
362
363
364
364
364
364
364
364
365
366
366
366
366
366
366
366
366
366
366
366
366
366
367
368
368
368
368
368
368
369
377
377
377
377
377
377
377
377
377
377
378
378
378
378
378
378
378
378
378
378
378
379
379
379
379
379
379
379
379
379
382
382
382
382
382
382
382
382
382
382
382
383
383
383
383
383
383
383
383
383
384
385
395
395
395
395
395
395
395
395
395
395
396
397
397
397
397
397
397
397
397
398
409
409
409
409
409
409
409
410
411
411
411
411
411
411
411
411
411
423
423
423
424
434
434
434
434
434
434
434
434
434
434
434
434
435
436
436
436
436
436
436
437
438
438
438
438
438
438
438
438
438
438
438
438
438
439
440
440
440
440
440
440
440
440
441
451
451
451
451
451
451
451
451
451
451
451
451
452
453
453
453
453
453
453
454
455
455
455
455
455
455
455
455
455
455
455
455
455
456
457
457
457
457
457
457
457
457
458
468
468
468
468
468
468
468
468
468
468
468
468
469
470
470
470
470
470
470
471
472
472
472
472
472
472
472
472
472
472
472
472
472
473
474
474
474
474
474
474
474
474
475
485
485
485
485
485
485
485
485
485
485
485
485
485
486
486
486
486
486
486
486
486
486
486
486
487
487
487
487
487
487
488
489
489
489
489
489
489
489
489
489
489
489
489
489
489
489
489
490
490
490
490
490
490
490
490
490
491
491
491
491
491
491
491
491
491
492
493
512
512
512
512
512
512
512
512
512
512
512
512
513
513
513
513
513
513
513
514
514
514
514
515
516
516
516
516
516
516
516
516
516
517
517
517
517
517
517
518
519
519
519
519
519
519
519
519
519
519
519
519
519
519
520
520
520
520
520
520
520
520
520
521
522
522
522
522
522
522
522
522
522
522
523
523
523
523
523
524
524
524
524
524
525
525
525
526
526
526
526
526
526
526
526
526
527
527
527
527
527
527
527
527
527
528
528
528
528
529
530
538
538
538
538
538
538
538
538
538
538
538
538
538
539
539
539
539
539
539
539
539
539
539
539
540
540
540
540
540
540
540
540
541
541
541
542
544
544
544
544
544
544
544
544
544
544
544
544
544
544
544
544
544
544
545
551
551
551
551
551
551
552
552
552
552
552
553
561
561
561
561
561
561
561
561
562
562
562
562
562
562
562
563
563
563
563
563
563
563
563
563
563
563
563
564
565
565
565
566
574
574
574
574
574
574
574
574
575
575
575
575
575
575
575
576
576
576
576
576
576
576
576
576
576
576
576
577
578
578
578
579
590
590
590
590
590
590
591
591
591
591
591
591
591
592
592
592
592
592
592
592
592
592
592
592
592
593
594
594
594
595
603
603
603
603
603
604
605
605
605
606
613
613
613
613
613
613
614
614
614
615
623
623
623
623
623
623
624
624
624
624
624
624
624
625
625
625
625
625
625
625
625
625
625
625
625
626
627
627
627
628
635
635
635
635
635
635
636
636
636
637
646
646
646
646
646
646
647
647
647
647
647
647
647
648
648
648
648
648
648
648
648
648
648
648
648
649
650
650
650
651
659
659
659
659
659
659
660
660
660
660
660
660
660
661
661
661
661
661
661
661
661
661
661
661
661
662
663
663
663
664
670
670
670
670
670
670
670
670
671
671
671
671
671
671
671
672
672
672
672
672
672
672
672
672
672
672
672
672
672
672
672
672
673
674
685
685
685
685
685
686
687
687
687
688
696
696
696
696
696
696
696
696
696
696
697
698
698
698
698
698
698
698
699
699
699
700
701
701
701
701
701
701
701
701
701
701
701
701
701
702
716
716
716
716
716
716
716
716
716
716
716
716
716
717
717
717
717
717
718
718
718
718
718
719
719
719
719
719
719
719
719
719
719
719
719
719
720
720
720
720
720
720
720
721
721
721
721
721
721
721
721
721
721
721
722
722
722
722
722
722
722
723
723
723
723
724
725
726
726
726
727
740
740
741
741
741
741
741
741
741
741
741
741
741
741
741
741
741
742
742
742
742
742
742
742
742
742
742
742
742
742
744
744
744
744
744
744
744
744
744
744
745
745
745
745
745
745
745
745
745
746
746
746
746
746
746
746
746
746
747
748
748
748
748
748
748
749
749
749
749
750
750
750
750
750
751
751
751
752
752
752
752
752
752
752
752
752
752
752
752
753
753
753
753
753
754
754
754
755
755
755
755
755
755
755
755
755
755
755
755
756
757
757
757
758
765
765
765
765
765
765
765
765
765
766
766
766
766
766
766
767
774
774
774
774
774
774
774
774
774
774
774
775
775
775
775
775
775
775
775
776
783
783
783
783
783
783
783
783
783
783
783
784
784
784
784
784
784
784
784
785
791
791
791
791
791
791
791
791
791
792
792
792
792
792
792
793
804
804
804
804
804
804
804
804
805
806
806
806
806
807
815
815
815
815
815
815
815
815
816
817
817
817
817
818
826
826
826
826
826
826
826
826
826
827
827
827
827
827
827
828
834
834
834
834
834
834
834
834
834
835
835
835
835
835
835
836
847
847
847
847
847
847
847
847
847
848
848
848
848
848
848
849
856
856
856
856
856
856
856
856
856
857
857
857
857
857
857
858
866
866
866
866
866
866
866
866
866
867
867
867
867
867
867
868
875
875
875
875
875
875
875
875
876
876
876
876
877
877
877
877
878
878
878
878
878
878
878
878
878
879
879
879
879
879
879
879
880
880
880
880
880
880
880
883
883
883
883
883
884
884
884
884
884
885
885
885
885
885
885
885
886
887
887
887
888
888
888
888
888
888
888
889
889
889
889
889
889
889
890
892
892
892
892
892
892
892
893
893
893
893
893
893
893
894
895
895
895
895
895
895
895
896
896
896
896
896
896
896
897
898
898
898
898
898
898
901
901
901
901
902
902
902
902
902
902
902
902
903
903
903
903
903
903
903
903
903
903
903
903
904
904
904
904
904
904
904
904
905
905
905
905
905
905
905
905
905
905
905
905
907
907
907
907
907
907
907
907
907
908
908
908
908
908
908
908
908
908
908
908
908
908
908
908
908
909
909
909
909
909
909
909
910
911
913
915
