1
1
1
1
1
1
1
1
1
1
1
1
1
3
3
3
3
3
3
3
3
3
3
3
3
3
4
4
4
4
4
4
4
4
4
4
4
4
4
5
5
5
5
5
5
5
5
5
5
5
5
5
6
6
6
6
6
6
6
6
6
6
6
6
6
21
21
22
22
22
23
23
24
24
25
26
26
26
26
26
26
26
26
28
28
29
29
29
29
29
30
30
30
30
31
33
33
33
33
33
33
33
34
34
34
34
35
43
43
44
44
44
44
44
44
44
44
44
44
44
44
44
44
45
45
45
46
48
48
49
49
49
49
49
49
49
49
49
49
49
49
49
49
50
50
50
51
53
53
54
54
54
54
54
54
54
54
54
54
54
54
54
54
55
55
55
56
58
58
59
59
59
59
59
59
59
59
59
59
59
59
59
59
60
60
60
61
62
63
