18
18
18
18
18
18
18
18
18
18
18
20
20
20
20
20
20
20
21
21
21
21
21
21
21
22
22
22
22
22
22
22
23
23
23
23
23
23
23
25
25
25
25
25
25
25
25
25
26
26
26
26
26
26
26
26
26
27
27
27
27
27
27
27
27
27
28
28
28
28
28
28
28
28
28
29
29
29
29
29
29
29
29
29
30
30
30
30
30
30
30
30
30
31
31
31
31
31
31
31
31
31
32
32
32
32
32
32
32
32
32
34
34
34
34
34
34
34
34
34
34
34
34
34
35
35
35
35
35
35
35
35
35
35
35
35
35
36
36
36
36
36
36
36
36
36
36
36
36
36
62
62
62
62
62
62
64
64
64
64
64
64
64
64
67
67
67
67
67
67
67
67
70
70
70
70
70
72
72
72
72
72
74
74
74
74
78
78
78
78
78
78
80
80
80
80
80
81
84
84
84
84
87
87
87
87
90
90
90
90
93
93
93
93
98
98
98
98
98
99
99
99
99
99
99
99
100
107
107
107
107
107
107
107
107
108
108
108
108
108
108
108
109
117
117
117
117
117
117
117
117
117
117
117
117
118
118
118
118
118
118
118
118
118
119
126
126
126
126
126
126
126
126
127
127
127
127
127
127
127
128
135
135
135
135
135
135
135
135
136
136
136
136
136
136
136
137
145
145
145
145
145
145
145
145
145
145
145
145
146
146
146
146
146
146
146
146
146
147
156
156
156
156
156
156
156
156
156
156
156
156
156
156
156
156
157
157
157
157
157
158
158
158
158
159
159
159
159
160
160
160
160
161
170
170
171
171
171
171
171
171
171
171
173
173
173
173
173
174
174
174
174
175
176
176
176
176
176
176
178
187
187
187
187
187
187
187
187
187
187
188
188
188
188
188
188
188
188
188
188
188
188
188
188
188
188
188
188
188
189
189
189
191
192
192
192
192
193
193
193
194
202
202
202
202
202
202
202
202
203
203
203
203
203
203
203
204
204
204
204
204
204
204
204
204
204
204
204
205
206
206
206
207
215
215
215
215
215
215
215
215
216
216
216
216
216
216
216
217
217
217
217
217
217
217
217
217
217
217
217
218
219
219
219
220
228
228
228
228
228
228
229
229
229
230
237
237
237
237
237
237
238
238
238
239
246
246
246
246
246
246
247
247
247
248
255
255
255
255
255
255
255
255
256
256
256
256
256
256
256
257
257
257
257
257
257
257
257
257
257
257
257
257
257
257
257
257
258
259
267
267
267
267
267
267
268
268
268
269
276
276
276
276
276
276
276
276
277
277
277
277
279
279
279
279
279
279
279
279
279
279
280
280
280
280
280
280
280
280
280
280
280
280
280
280
280
280
280
280
281
281
281
281
281
281
281
281
282
282
282
282
282
282
282
282
282
282
282
282
282
282
282
282
282
282
282
282
283
283
283
283
283
283
283
284
284
284
284
284
284
284
286
286
286
286
286
287
287
287
287
287
287
287
288
290
290
290
290
290
290
290
291
291
291
291
291
291
291
292
293
293
293
293
293
293
293
294
294
294
294
294
294
294
295
296
296
296
296
296
296
299
299
299
299
300
300
300
300
300
300
300
300
301
301
301
301
301
301
301
301
302
302
302
302
302
302
302
302
302
302
302
302
302
302
303
303
303
303
303
303
303
303
303
303
303
303
303
303
305
305
305
305
305
305
305
305
305
305
305
305
305
305
305
305
305
305
305
305
305
306
306
306
306
306
306
306
307
308
315
315
315
315
315
315
315
315
315
315
315
316
316
316
316
316
316
316
316
317
324
324
324
324
324
324
324
324
324
324
324
325
325
325
325
325
325
325
325
326
334
334
334
334
334
334
334
334
334
335
335
335
335
336
344
344
344
344
344
344
344
344
344
345
345
345
345
346
354
354
354
354
354
354
354
354
354
355
355
355
355
356
364
364
364
364
364
364
364
364
364
365
365
365
365
366
367
369
