18
18
18
18
18
18
18
18
18
18
18
20
20
20
20
20
20
20
21
21
21
21
21
21
21
22
22
22
22
22
22
22
23
23
23
23
23
23
23
25
25
25
25
25
25
25
25
25
26
26
26
26
26
26
26
26
26
27
27
27
27
27
27
27
27
27
28
28
28
28
28
28
28
28
28
29
29
29
29
29
29
29
29
29
30
30
30
30
30
30
30
30
30
31
31
31
31
31
31
31
31
31
32
32
32
32
32
32
32
32
32
34
34
34
34
34
34
34
34
34
34
34
34
34
35
35
35
35
35
35
35
35
35
35
35
35
35
36
36
36
36
36
36
36
36
36
36
36
36
36
49
49
49
49
49
49
55
55
55
55
55
55
55
55
58
58
58
58
58
58
58
58
61
61
61
61
61
63
63
63
63
63
65
65
65
65
69
69
69
69
69
69
71
71
71
71
71
72
75
75
75
75
78
78
78
78
81
81
81
81
84
84
84
84
89
89
89
89
89
90
90
90
90
90
90
90
91
98
98
98
98
98
98
98
98
99
99
99
99
99
99
99
100
108
108
108
108
108
108
108
108
108
108
108
108
109
109
109
109
109
109
109
109
109
110
118
118
118
118
118
118
118
118
119
119
119
119
119
119
119
120
127
127
127
127
127
127
127
127
128
128
128
128
128
128
128
129
137
137
137
137
137
137
137
137
137
137
137
137
138
138
138
138
138
138
138
138
138
139
148
148
148
148
148
148
148
148
148
148
148
148
148
148
148
148
149
149
149
149
150
150
150
150
151
151
151
151
152
152
152
152
152
153
153
153
153
153
154
155
164
164
165
165
165
165
165
165
165
165
167
167
167
167
167
168
168
168
168
169
169
169
169
170
171
171
171
171
171
171
173
182
182
182
182
182
182
182
182
182
182
183
183
183
183
183
183
183
183
183
183
183
183
184
184
184
186
187
187
187
187
188
188
188
189
197
197
197
197
197
197
197
197
198
198
198
198
198
198
198
199
199
199
199
199
199
199
199
199
199
199
199
200
201
201
201
202
210
210
210
210
210
210
210
210
211
211
211
211
211
211
211
212
212
212
212
212
212
212
212
212
212
212
212
213
214
214
214
215
223
223
223
223
223
223
224
224
224
225
232
232
232
232
232
232
233
233
233
234
241
241
241
241
241
241
242
242
242
243
250
250
250
250
250
250
250
250
251
251
251
251
251
251
251
252
252
252
252
252
252
252
252
252
252
252
252
252
252
252
252
252
253
254
262
262
262
262
262
262
263
263
263
264
271
271
271
271
271
271
271
271
272
272
272
272
274
274
274
274
274
274
274
274
274
274
275
275
275
275
275
275
275
275
275
275
275
275
275
275
275
275
275
275
276
276
276
276
276
276
276
276
277
277
277
277
277
277
277
277
277
277
277
277
277
277
277
277
277
277
277
277
278
278
278
278
278
278
278
279
279
279
279
279
279
279
281
281
281
281
281
282
282
282
282
282
282
282
283
285
285
285
285
285
285
285
286
286
286
286
286
286
286
287
288
288
288
288
288
288
288
289
289
289
289
289
289
289
290
291
291
291
291
291
291
294
294
294
294
295
295
295
295
295
295
295
295
296
296
296
296
296
296
296
296
297
297
297
297
297
297
297
297
297
297
297
297
297
297
298
298
298
298
298
298
298
298
298
298
298
298
298
298
300
300
300
300
300
300
300
300
300
300
300
300
300
300
300
300
300
300
300
300
300
301
301
301
301
301
301
301
302
303
310
310
310
310
310
310
310
310
310
310
310
311
311
311
311
311
311
311
311
312
319
319
319
319
319
319
319
319
319
319
319
320
320
320
320
320
320
320
320
321
329
329
329
329
329
329
329
329
329
330
330
330
330
331
339
339
339
339
339
339
339
339
339
340
340
340
340
341
349
349
349
349
349
349
349
349
349
350
350
350
350
351
359
359
359
359
359
359
359
359
359
360
360
360
360
361
362
365
