1
1
1
1
1
1
1
1
1
1
1
1
1
3
3
3
3
3
3
3
3
3
5
5
5
5
5
5
5
5
5
5
5
6
6
6
6
6
6
6
6
6
6
6
7
7
7
7
7
7
7
7
7
7
7
7
7
8
8
8
8
8
8
8
8
8
8
8
8
8
8
8
14
14
14
15
15
16
17
17
17
17
17
17
17
17
28
28
28
28
28
33
33
33
33
33
41
41
41
41
41
41
42
42
42
42
42
42
42
43
43
43
43
43
43
43
43
43
43
43
44
46
46
46
46
46
46
47
47
47
47
47
47
48
48
48
48
48
48
49
50
50
50
50
50
51
51
51
51
51
51
51
52
52
52
52
52
52
52
54
54
54
54
54
54
54
55
55
55
55
55
56
57
59
59
59
59
59
59
59
60
61
61
61
61
61
61
61
61
61
62
62
62
62
62
62
62
63
63
63
63
64
65
65
65
65
65
65
65
65
65
65
65
65
65
66
78
78
79
79
79
79
79
79
79
79
79
79
79
79
79
80
80
81
82
82
82
82
82
82
82
82
92
92
92
92
92
92
92
106
106
107
110
110
110
110
110
110
110
110
111
111
111
111
111
111
111
112
112
112
112
112
112
112
112
112
112
112
112
113
113
113
113
113
114
114
114
114
114
114
114
114
114
115
115
115
115
115
115
115
116
116
116
116
116
116
116
116
116
116
116
117
118
120
120
120
120
120
120
120
121
121
121
121
121
121
121
122
122
122
122
122
122
122
122
122
122
122
122
123
123
124
125
125
125
125
125
125
125
125
125
125
125
125
126
126
127
128
130
130
130
130
130
130
130
132
132
132
132
132
132
132
132
132
132
132
132
132
132
133
133
134
135
137
137
137
137
137
137
137
137
137
137
137
137
137
137
137
137
137
140
140
140
140
140
140
140
141
141
141
141
141
141
141
141
141
142
143
143
143
143
143
143
143
144
144
144
144
144
144
144
145
145
145
145
145
145
145
145
145
145
145
146
146
146
147
147
147
147
147
147
147
147
147
147
147
147
147
148
149
149
149
149
149
149
149
150
150
150
150
150
150
150
150
150
151
152
153
154
