20
20
20
20
20
20
20
20
20
22
22
22
22
22
22
22
23
23
23
23
23
23
23
25
25
25
25
25
25
25
25
25
26
26
26
26
26
26
26
26
26
27
27
27
27
27
27
27
27
27
28
28
28
28
28
28
28
28
28
29
29
29
29
29
29
29
29
29
30
30
30
30
30
30
30
30
30
30
30
31
31
31
31
31
31
31
31
31
31
31
37
37
37
37
37
38
38
38
39
40
40
40
40
40
41
41
41
41
41
42
42
42
42
42
44
44
44
44
44
45
45
45
45
45
46
46
46
46
46
47
47
47
47
47
48
48
48
48
48
50
50
50
50
50
51
51
51
51
51
52
52
52
52
52
53
53
53
53
53
55
55
55
55
55
56
56
56
56
56
58
58
58
58
58
60
60
60
60
60
61
61
61
61
61
63
63
63
63
63
65
65
65
65
65
65
65
65
65
65
65
65
65
65
65
65
65
65
65
65
65
65
65
67
67
67
67
68
69
69
69
69
70
71
73
73
73
73
73
73
74
75
75
75
75
75
76
78
78
79
79
79
79
79
79
79
79
79
79
80
81
81
81
81
81
81
81
81
81
81
81
81
82
82
82
82
82
82
82
82
82
82
83
83
83
84
85
85
85
86
87
89
89
89
89
89
90
91
91
91
91
91
91
91
91
93
93
93
93
94
95
95
95
95
95
96
98
98
98
98
98
98
99
100
100
100
100
100
100
100
100
100
101
102
104
104
104
104
104
105
106
106
106
106
106
106
106
106
108
108
108
108
109
110
110
110
110
110
111
113
113
113
113
113
113
114
115
115
115
115
115
115
115
115
115
116
117
119
119
119
119
119
120
121
121
121
121
122
123
123
123
123
123
124
126
126
126
126
126
126
127
128
128
128
128
128
128
128
128
128
128
128
129
131
131
131
131
131
132
133
133
133
133
133
133
133
133
133
133
134
135
137
137
137
137
137
138
139
139
139
139
140
141
141
141
141
141
141
141
141
141
142
144
144
144
144
144
144
145
146
146
146
146
146
146
146
147
147
147
147
147
148
150
150
150
150
150
150
150
151
152
152
152
152
152
152
152
152
152
153
153
153
153
153
153
153
153
153
153
153
153
153
153
153
154
155
155
156
156
156
156
156
156
156
156
156
156
156
156
156
156
156
157
158
160
160
160
160
160
161
162
162
162
162
162
162
162
162
162
162
162
162
162
162
162
162
162
162
162
162
162
162
162
162
162
162
162
162
162
163
164
166
166
166
166
167
168
168
168
168
169
169
169
169
170
170
170
170
172
172
173
173
173
173
173
174
174
174
174
174
175
176
176
176
176
176
176
176
176
176
176
176
176
176
176
176
176
176
176
177
178
180
180
180
180
181
182
182
182
182
183
183
183
183
184
184
184
184
185
185
185
185
186
186
186
186
187
187
187
187
188
188
188
188
189
189
189
189
190
190
190
190
191
191
191
191
192
192
192
192
193
193
193
193
194
194
194
194
195
195
195
195
196
196
196
196
197
197
197
197
198
198
198
198
199
199
199
199
201
201
202
202
202
202
202
203
203
203
203
203
204
205
205
205
205
205
205
205
205
205
205
205
205
205
205
205
205
205
205
205
205
205
205
205
205
205
205
205
205
205
205
206
206
206
206
206
206
206
206
206
206
206
206
206
206
206
206
206
206
207
209
209
209
209
210
211
211
211
211
211
211
211
211
211
211
212
213
215
215
215
215
216
217
217
217
217
218
218
218
218
219
219
219
219
220
220
220
220
222
222
223
223
223
223
223
224
224
224
224
224
225
226
226
226
226
226
226
226
226
226
226
226
226
226
226
226
226
226
226
226
226
227
228
229
230
