18
18
18
18
18
18
18
18
18
20
20
20
20
20
20
20
21
21
21
21
21
21
21
22
22
22
22
22
22
22
24
24
24
24
24
24
24
24
24
24
24
24
24
37
37
37
37
37
38
39
39
39
39
39
39
39
39
39
41
41
41
41
41
42
42
42
42
42
50
50
50
50
50
50
50
51
52
52
52
52
52
52
52
52
52
53
53
53
53
53
53
54
62
62
62
62
62
62
62
62
63
64
64
64
64
64
64
64
65
78
78
78
78
78
78
78
78
78
78
78
78
79
80
80
80
80
82
82
82
82
82
82
82
82
82
82
82
82
84
84
84
84
84
84
84
84
85
86
86
86
86
86
86
86
86
86
86
86
86
87
88
103
103
103
103
103
103
103
103
103
103
103
103
104
105
105
105
105
106
106
106
106
106
106
106
106
106
106
106
106
108
108
108
108
108
108
108
108
109
110
110
110
110
110
110
110
110
110
110
110
110
111
112
119
119
119
119
119
120
121
121
121
121
121
121
121
122
130
130
130
130
130
130
130
130
131
132
132
132
132
132
132
132
133
140
140
140
140
140
140
140
140
140
140
140
140
140
140
141
142
142
142
142
142
142
142
143
145
145
145
145
145
145
145
145
145
145
145
145
145
145
145
145
146
147
147
147
147
147
147
147
148
150
151
