18
18
18
18
18
18
18
18
18
31
31
32
32
32
32
32
35
35
35
35
35
38
38
38
38
38
41
41
41
41
41
44
44
44
44
44
47
47
47
47
47
47
47
47
47
50
50
50
50
50
50
50
50
53
53
53
53
53
56
56
56
56
56
59
59
59
59
59
59
59
59
59
59
59
61
61
63
63
63
63
64
72
72
72
72
72
72
72
72
72
73
73
73
73
73
73
73
74
74
74
74
74
74
75
75
75
75
75
75
75
76
78
78
78
78
78
78
79
88
88
88
88
88
88
88
88
88
88
88
88
89
89
89
89
89
89
89
89
89
89
89
90
99
99
99
99
99
99
99
99
99
99
99
99
100
100
100
100
100
101
101
103
103
103
103
103
103
103
103
103
103
106
106
106
106
106
106
106
107
107
107
107
107
107
107
108
108
108
108
108
108
108
109
109
109
109
109
109
109
110
110
110
110
110
110
110
111
111
111
111
111
111
111
112
112
112
112
112
112
112
113
113
113
115
115
115
115
115
115
116
119
119
119
120
127
127
127
127
127
127
127
128
128
128
128
128
128
130
130
130
131
139
139
139
139
139
139
139
139
139
139
140
140
140
140
140
140
140
140
140
140
140
140
142
142
142
143
150
150
150
150
150
150
150
151
151
151
151
151
151
151
151
153
153
153
154
162
162
162
162
162
162
162
162
162
162
163
163
163
163
163
163
165
165
165
166
173
173
173
173
173
173
173
174
174
174
174
174
174
175
175
175
175
175
175
177
177
177
178
185
185
185
185
185
185
185
186
186
186
186
186
186
186
186
187
187
187
187
187
187
189
189
189
190
198
198
198
198
198
198
198
198
198
198
199
199
199
199
199
199
200
200
200
200
200
200
202
202
202
203
210
210
210
210
210
210
210
211
211
211
211
211
211
213
213
213
214
222
222
222
222
222
222
222
222
222
222
223
223
223
223
223
223
225
225
225
226
231
231
231
231
231
231
231
232
232
232
232
233
233
233
233
234
234
234
234
235
235
235
235
235
235
236
236
236
236
237
237
237
237
237
237
238
238
238
238
239
239
239
239
239
239
239
240
248
248
248
248
248
248
248
248
248
248
249
249
249
249
249
249
251
251
251
252
260
260
260
260
260
260
260
260
260
260
261
261
261
261
261
261
263
263
263
264
272
272
272
272
272
272
272
272
272
272
273
273
273
273
273
273
275
275
275
276
285
285
285
285
285
285
285
285
285
285
285
285
285
286
286
286
286
286
286
288
288
288
289
301
301
302
302
302
302
302
302
302
302
302
302
303
303
303
303
303
303
303
303
303
303
303
303
304
321
321
321
321
321
321
321
322
322
322
322
322
322
324
324
324
325
345
345
345
345
345
345
345
345
345
345
346
346
346
346
346
346
348
348
348
349
354
354
354
354
354
356
357
358
