17
17
17
17
17
17
17
17
17
19
19
19
19
19
19
19
20
20
20
20
20
20
20
21
21
21
21
21
21
21
22
22
22
22
22
22
22
23
23
23
23
23
23
23
24
24
24
24
24
24
24
26
26
26
26
26
26
26
26
26
26
26
26
26
400
400
400
400
400
401
401
401
401
401
401
402
402
402
402
402
402
404
404
404
404
404
404
405
405
405
405
405
405
405
405
408
408
408
408
410
410
410
410
412
412
412
412
414
414
414
414
416
416
416
416
418
418
418
418
420
420
420
420
422
422
422
422
424
424
424
424
425
425
425
425
425
425
426
426
426
426
426
426
433
433
433
433
433
433
433
433
433
433
434
434
434
434
434
434
434
434
434
434
434
434
435
445
445
445
445
445
446
446
446
446
447
447
447
447
447
448
448
448
448
448
448
448
448
448
448
448
448
449
455
455
455
455
455
455
455
456
456
456
456
456
456
456
457
457
457
457
457
457
457
457
458
459
459
459
460
468
468
468
468
468
468
468
468
468
468
468
468
469
469
469
469
469
469
470
470
470
470
470
470
471
477
477
477
477
477
477
478
478
478
479
485
485
485
485
485
485
486
486
486
487
493
493
493
493
493
493
493
503
503
503
503
503
503
503
503
503
509
509
509
509
509
509
509
509
509
510
510
510
510
510
510
511
520
520
520
520
520
520
521
521
521
521
521
521
521
522
522
522
522
522
522
522
523
524
524
524
525
532
532
532
532
532
532
532
532
532
533
533
533
533
533
533
534
540
540
540
540
540
540
541
541
541
541
541
541
541
542
542
542
543
544
544
544
544
544
544
544
545
545
545
546
547
547
547
548
556
556
556
556
556
556
556
556
556
557
557
557
557
557
557
558
566
566
566
566
566
566
567
567
567
567
567
567
567
567
567
567
567
568
568
568
568
568
568
568
569
570
570
570
571
580
580
580
580
580
580
580
580
580
580
581
581
581
581
581
581
582
590
590
590
590
590
590
590
591
591
591
591
591
591
591
592
592
592
592
592
592
592
593
593
593
593
593
593
593
594
595
595
595
595
595
595
595
595
596
597
597
597
598
609
609
609
609
609
609
609
609
609
610
610
610
610
610
611
611
611
611
611
611
611
612
612
612
612
612
612
612
613
614
614
614
614
614
614
614
614
614
615
623
623
623
623
623
623
623
623
623
623
624
624
624
624
624
624
624
625
625
625
625
625
625
625
625
625
625
625
625
625
625
626
627
627
627
627
627
627
627
627
627
627
627
628
640
640
640
640
640
640
640
640
640
640
641
641
641
641
641
641
642
642
642
642
643
650
650
650
650
650
650
650
651
651
651
651
651
651
651
651
651
651
652
652
652
652
652
652
652
653
654
654
654
655
666
666
666
666
666
666
666
666
666
666
667
667
667
667
667
667
667
668
668
668
668
668
668
668
668
668
669
670
670
670
670
670
670
670
670
671
679
679
679
679
679
679
679
679
679
691
691
691
691
691
691
691
691
691
692
692
692
692
692
692
692
692
692
693
693
693
693
693
693
693
693
693
693
693
693
693
694
702
702
702
702
702
702
702
702
702
703
703
703
703
703
703
703
703
703
704
704
704
704
704
704
704
704
704
705
705
705
705
705
705
705
705
705
706
706
706
706
706
706
706
706
706
706
706
706
706
707
707
707
707
707
707
707
707
707
707
707
708
709
709
709
710
718
718
718
718
718
718
718
718
718
727
727
727
727
727
727
727
727
727
727
727
727
739
739
739
739
739
739
739
739
739
739
739
739
750
750
750
750
750
750
750
750
750
769
769
769
769
769
769
769
769
769
769
769
769
775
775
775
775
775
775
775
775
775
781
781
781
781
781
781
781
781
781
790
790
790
790
790
790
790
790
790
810
810
810
810
810
810
810
810
810
820
820
820
820
820
820
820
820
820
827
827
827
827
827
827
827
827
827
828
828
828
828
828
828
829
836
836
836
836
836
836
837
837
837
837
837
837
837
837
837
837
837
838
838
838
838
838
838
838
839
840
840
840
841
849
849
849
849
849
849
849
849
849
850
850
850
850
850
850
850
850
851
851
851
851
851
851
851
852
852
852
852
852
852
852
852
852
852
853
854
854
854
854
855
856
856
856
856
857
864
864
864
864
864
864
864
864
864
865
865
865
865
865
865
866
873
873
873
873
873
873
874
874
874
874
874
874
874
874
874
874
874
875
875
875
875
875
875
875
876
877
877
877
878
886
886
886
886
886
886
886
886
886
886
886
886
886
887
887
887
887
887
887
887
887
888
888
888
888
888
888
888
889
889
889
889
889
889
889
889
889
889
889
889
890
891
891
891
891
892
893
893
893
893
894
902
902
902
902
902
902
902
902
902
902
902
902
902
903
903
903
903
903
903
903
903
904
904
904
904
904
904
904
905
905
905
905
905
905
905
906
906
906
906
906
906
906
906
906
906
907
908
908
908
908
908
909
909
909
909
910
918
918
918
918
918
918
918
918
918
918
918
918
918
919
919
919
919
920
920
920
920
920
920
920
921
933
933
933
933
933
933
933
933
933
934
934
934
934
935
935
935
935
935
935
935
936
944
944
944
944
944
944
944
944
944
945
945
945
945
946
946
946
946
946
946
946
947
958
958
958
958
958
958
958
958
958
959
959
959
959
960
960
960
960
960
960
960
961
970
970
970
970
970
970
971
971
971
971
972
972
972
972
972
972
972
973
980
980
980
980
980
980
980
980
980
981
981
981
981
982
982
982
982
982
982
982
983
984
985
