17
17
17
17
17
17
17
17
17
19
19
19
19
19
19
19
19
19
20
20
20
20
20
20
20
20
20
20
20
21
21
21
21
21
21
21
21
21
21
21
21
21
23
23
23
23
23
23
23
25
25
25
25
25
25
25
25
25
25
25
25
25
25
27
27
27
27
27
28
28
28
29
30
30
31
31
31
31
31
31
31
31
31
32
32
32
32
33
34
34
35
35
35
35
36
38
38
38
38
38
38
38
38
38
38
38
39
41
41
41
41
41
41
41
41
41
41
41
41
43
43
43
43
43
43
43
43
43
43
45
45
45
45
45
45
45
45
45
45
47
47
47
47
47
47
47
47
47
47
47
47
47
49
49
49
49
49
49
49
49
49
49
51
51
51
51
51
51
51
51
51
51
53
53
53
53
53
53
53
53
53
53
53
53
53
55
55
55
55
55
55
55
55
55
55
55
55
55
55
55
55
57
57
57
57
57
57
57
57
57
57
57
57
57
57
57
58
58
58
58
58
58
58
58
58
58
60
60
60
60
60
60
60
60
60
60
60
60
60
62
62
62
62
62
62
62
62
62
62
62
62
62
62
62
62
64
64
64
64
64
64
64
64
64
64
66
66
66
66
66
66
66
66
66
66
66
66
66
66
66
66
68
68
68
68
68
68
68
68
68
68
68
68
68
68
68
68
70
70
70
70
70
70
70
70
72
72
72
72
72
72
72
72
72
72
72
72
72
74
74
74
74
74
74
74
74
74
74
74
74
74
74
74
74
76
76
76
76
76
76
76
76
76
76
76
76
76
78
78
78
78
78
78
78
78
78
78
78
78
78
82
82
82
82
82
83
84
84
84
84
84
84
84
84
86
86
86
86
86
86
86
86
86
86
86
87
89
89
89
89
89
89
89
89
89
89
89
89
89
89
89
89
89
89
89
89
89
91
91
91
91
91
91
91
91
92
92
92
92
92
92
92
92
94
94
94
94
94
94
97
97
97
97
97
97
97
97
98
98
98
98
98
98
98
98
101
101
101
101
101
101
101
101
104
104
104
104
104
104
104
104
105
105
105
105
105
105
105
105
108
108
108
108
108
108
108
108
109
109
109
109
109
109
109
109
110
110
110
110
110
110
110
110
111
111
111
111
111
111
111
111
113
113
113
113
113
113
113
113
113
113
113
113
113
116
116
116
116
116
116
116
116
117
118
118
118
118
118
118
118
118
118
118
118
118
118
118
119
122
122
122
122
122
122
122
122
123
124
124
124
124
124
124
124
124
124
125
128
128
128
128
128
128
128
128
129
130
130
130
130
130
130
131
134
134
134
134
134
134
134
134
135
136
136
136
136
136
136
136
136
136
136
136
137
140
140
140
140
140
140
140
140
141
142
142
142
142
142
142
142
142
142
142
142
142
142
142
142
142
142
142
142
142
142
142
142
142
142
143
146
146
146
146
146
146
146
146
147
148
148
148
148
148
148
148
148
149
151
151
151
151
151
151
151
151
151
151
151
152
153
153
153
153
153
153
153
153
153
153
153
153
153
153
154
156
156
156
156
156
156
156
156
157
158
158
158
158
158
158
158
158
158
158
158
158
159
161
161
161
161
161
162
163
163
163
163
163
163
163
164
165
166
