18
18
18
18
18
18
18
18
18
18
18
20
20
20
20
20
20
20
26
26
26
26
26
27
32
32
32
33
35
35
37
37
39
39
41
41
43
43
45
45
47
47
49
49
51
51
53
54
58
58
58
59
61
61
63
63
68
68
73
73
78
78
83
83
85
85
87
87
89
89
94
94
103
103
105
105
110
110
115
115
117
117
123
123
128
128
130
130
132
132
134
134
139
139
144
144
149
149
154
154
159
159
164
164
169
169
174
174
179
179
181
181
183
183
185
185
187
187
189
189
191
192
199
199
199
200
202
202
204
204
206
206
208
208
210
211
213
213
213
213
213
213
213
213
215
215
215
215
215
215
215
215
229
229
230
230
230
230
230
230
230
230
230
230
231
232
232
232
232
232
232
232
232
232
232
233
247
247
248
248
248
248
248
248
248
248
248
248
248
248
248
248
248
248
248
248
249
250
250
250
250
250
251
251
251
251
251
251
251
252
252
252
252
252
252
253
254
254
254
254
254
254
254
255
255
255
255
255
255
255
255
255
255
255
255
256
256
256
256
256
256
257
257
257
258
258
258
258
258
258
258
258
259
260
261
261
261
261
261
261
261
261
261
261
262
274
274
274
274
274
274
274
274
274
274
274
274
274
274
274
274
274
274
274
274
275
275
275
276
276
276
276
276
276
276
276
276
276
276
276
276
277
277
277
277
277
277
277
278
278
278
278
278
278
278
278
278
278
278
278
279
280
280
280
280
280
280
280
281
281
281
281
281
281
281
282
282
282
282
282
282
282
282
282
282
282
282
283
283
283
283
283
283
283
284
284
284
285
285
285
285
285
285
285
285
285
285
285
285
285
285
285
285
285
286
287
288
288
288
288
288
288
288
290
290
290
290
290
290
290
290
290
290
290
290
290
290
290
290
290
291
291
291
291
291
291
291
292
292
292
292
292
292
292
292
292
292
292
292
292
292
293
294
294
294
294
294
294
294
294
294
294
294
294
294
294
294
294
294
294
294
294
294
294
294
294
294
294
295
295
295
295
295
295
295
295
295
295
295
295
295
295
295
295
295
296
296
296
296
296
296
296
297
297
297
297
297
297
297
297
297
297
297
298
305
305
305
305
305
305
305
306
307
307
307
307
307
307
307
307
308
315
315
315
315
315
315
315
316
317
317
317
317
317
317
317
317
318
325
325
325
325
325
325
325
326
327
327
327
327
327
327
327
327
328
337
337
337
337
337
337
337
337
337
337
337
337
337
337
338
339
339
339
339
339
339
339
339
339
339
339
339
339
339
339
339
339
340
348
348
348
348
348
348
348
348
348
348
349
350
350
350
350
350
350
350
350
350
350
350
350
350
351
359
359
359
359
359
359
359
359
359
359
360
361
361
361
361
361
361
361
361
361
361
361
361
361
362
370
370
370
370
370
370
370
370
370
370
371
372
372
372
372
372
372
372
372
372
372
372
372
372
373
380
380
380
380
380
380
380
381
382
382
382
382
382
382
382
382
383
396
396
396
396
396
396
396
396
396
396
396
396
396
396
397
398
398
398
398
398
398
398
398
398
398
398
398
398
398
399
413
413
413
413
413
413
413
413
413
413
413
413
413
413
414
415
415
415
415
415
415
415
415
415
415
415
415
415
415
415
415
415
415
415
415
416
432
432
432
432
432
432
432
432
432
432
432
432
432
432
433
434
434
434
434
434
434
434
434
434
434
434
434
435
436
436
436
437
439
439
439
439
439
439
439
439
439
439
439
439
439
439
439
439
440
441
441
441
442
444
444
444
444
444
444
444
444
444
446
446
446
447
460
460
460
460
460
460
460
461
462
462
462
462
462
462
462
462
463
473
473
473
473
473
473
473
473
473
473
473
473
473
473
474
475
475
475
475
475
475
475
475
475
475
475
475
475
475
475
475
475
475
475
475
476
485
485
485
485
485
485
485
486
487
487
487
487
487
487
487
487
488
497
497
497
497
497
497
497
497
497
497
497
497
497
497
498
499
499
499
499
499
499
499
499
499
499
499
499
499
499
499
499
499
499
499
499
500
508
508
508
508
508
508
508
508
508
508
509
510
510
510
510
510
510
510
510
511
520
520
520
520
520
520
520
520
520
520
520
520
520
520
521
522
522
522
522
522
523
523
523
523
523
523
523
524
524
524
524
524
524
525
526
526
526
526
527
527
527
527
527
527
527
527
527
527
528
536
536
536
536
536
536
536
536
536
536
537
538
538
538
538
538
538
538
538
538
538
538
538
538
539
548
548
548
548
548
548
548
548
548
548
548
548
548
548
548
548
549
550
550
550
550
550
550
550
550
550
550
550
550
550
551
551
551
551
551
551
551
552
554
554
554
554
554
554
554
554
554
555
555
555
555
555
555
555
555
555
555
557
557
557
557
557
557
557
558
558
558
558
558
558
558
558
558
558
558
558
558
558
558
558
559
560
560
560
560
560
560
560
561
561
561
561
561
561
561
562
563
563
563
563
563
563
563
563
563
563
564
565
565
565
565
565
565
565
567
567
567
567
567
567
567
567
567
567
567
567
567
567
568
578
578
578
578
578
578
578
578
578
578
578
578
578
578
578
578
579
579
580
581
581
581
581
581
581
581
581
581
581
581
581
581
581
581
581
581
581
582
590
590
590
590
590
590
590
590
590
590
591
592
592
592
592
592
592
592
592
592
592
592
592
592
593
602
602
602
602
602
602
602
602
602
602
602
602
602
602
603
604
604
604
604
604
604
604
604
604
604
604
604
604
604
605
613
613
613
613
613
613
613
613
613
613
614
615
615
615
615
615
615
615
615
615
615
615
615
615
616
618
620
