18
18
18
18
18
18
18
18
18
18
18
28
28
28
28
29
33
33
33
33
33
33
33
38
38
38
38
43
43
43
43
48
48
48
48
53
53
53
53
58
58
58
58
63
63
63
63
77
77
77
77
77
77
77
78
78
78
78
79
79
79
79
80
80
80
80
81
81
81
81
82
83
83
83
83
84
84
84
84
85
85
85
85
86
86
86
86
87
87
87
87
88
105
105
105
105
105
105
105
105
105
105
105
105
105
105
105
105
105
106
106
106
107
115
115
115
115
115
116
117
117
117
118
126
126
126
126
126
127
128
128
128
129
137
137
137
137
138
139
139
139
140
148
148
148
148
148
149
150
150
150
151
159
159
159
159
159
160
161
161
161
162
169
169
169
169
169
170
171
171
171
172
180
180
180
180
181
182
182
182
183
191
191
191
191
191
191
191
191
192
193
193
193
193
194
202
202
202
202
202
202
202
202
203
204
204
204
204
205
213
213
213
213
213
213
213
214
215
215
215
215
216
224
224
224
224
224
224
224
224
225
226
226
226
226
227
235
235
235
235
235
235
235
235
236
237
237
237
237
238
246
246
246
246
246
246
246
247
248
248
248
248
249
263
263
263
263
263
263
263
263
264
264
264
265
280
280
280
280
280
280
280
280
281
281
281
282
283
284
