18
18
18
18
18
18
18
18
18
20
20
20
20
20
20
20
21
21
21
21
21
21
21
22
22
22
22
22
22
22
23
23
23
23
23
23
23
74
74
74
74
76
76
76
76
76
76
76
76
76
76
76
76
76
79
79
79
79
79
79
79
79
79
79
79
79
79
82
82
82
82
82
82
82
82
82
82
82
82
82
85
85
85
85
85
85
85
85
85
85
85
85
85
88
88
88
88
88
88
88
88
88
88
88
88
88
95
95
95
95
95
95
95
95
95
95
95
95
95
98
98
98
98
98
98
98
98
98
98
98
98
98
101
101
101
101
101
101
101
101
101
101
101
101
101
101
101
101
101
104
104
104
104
104
104
104
104
104
104
104
104
104
112
112
112
112
112
112
112
112
112
112
113
113
113
113
113
114
114
114
115
115
115
115
115
116
116
116
117
117
117
117
117
118
118
118
119
119
119
119
119
120
120
120
121
121
121
121
121
122
122
122
123
123
123
123
123
124
124
124
125
125
125
125
125
126
126
126
127
127
127
127
127
128
128
128
129
129
129
129
129
130
130
130
131
131
131
131
131
132
134
134
134
135
143
143
143
143
143
143
143
143
143
143
144
144
144
144
144
144
144
144
144
144
144
144
144
144
144
144
144
144
144
144
144
144
144
144
144
144
144
144
144
144
144
144
144
144
144
144
144
144
144
144
144
145
153
153
153
153
153
153
153
153
153
153
154
154
154
154
154
155
155
155
155
155
156
156
156
156
156
156
156
156
158
158
158
158
158
158
158
158
158
160
160
160
160
160
160
160
160
160
160
160
160
160
160
160
160
160
160
160
161
161
161
161
161
161
161
161
161
161
161
165
165
165
165
165
165
165
165
165
166
166
166
166
166
166
166
167
167
167
167
167
167
167
167
167
167
167
167
167
167
167
167
167
167
167
167
167
167
167
167
167
167
167
167
167
167
167
167
167
167
167
167
167
170
170
170
170
170
170
170
171
171
171
171
172
172
172
172
173
175
175
175
175
176
176
176
176
176
176
176
176
176
177
177
177
177
178
178
178
179
179
179
179
179
179
179
179
179
179
179
179
179
180
181
183
183
183
183
183
183
183
184
184
184
184
184
184
184
184
184
184
184
184
184
184
184
184
184
184
184
184
184
184
184
184
184
184
184
184
184
184
184
184
184
184
184
184
184
187
187
187
187
187
187
187
188
190
190
190
191
192
193
