17
17
17
17
17
17
17
17
17
17
17
17
17
17
17
19
19
19
19
19
19
19
20
20
20
20
20
20
20
22
22
22
22
22
22
22
22
22
22
22
23
23
23
23
23
23
23
23
23
23
23
24
24
24
24
24
24
24
24
24
24
24
25
25
25
25
25
25
25
25
25
25
25
26
26
26
26
26
26
26
26
26
26
26
26
26
26
26
27
27
27
27
27
27
27
27
27
27
27
27
27
27
27
27
27
28
28
28
28
28
28
28
28
28
28
28
28
28
29
29
29
29
29
29
29
29
29
29
29
29
29
35
35
35
35
35
35
36
36
36
36
36
36
36
36
38
38
38
38
39
39
39
39
40
40
40
40
40
40
42
42
42
42
42
42
42
42
49
49
49
49
49
49
49
49
49
49
50
50
50
50
50
51
51
51
51
51
51
52
54
54
54
54
54
54
55
55
55
55
55
55
55
55
55
55
56
62
62
62
62
62
62
63
63
63
64
66
66
66
66
66
66
67
67
67
67
67
67
67
68
70
70
70
70
70
70
70
70
72
72
72
72
72
72
72
73
73
73
73
73
73
73
73
73
74
74
74
74
74
74
74
74
74
74
74
75
75
75
75
75
75
75
75
75
75
75
76
76
76
76
76
76
76
76
76
76
76
76
76
76
76
76
76
77
77
77
77
77
77
77
77
77
77
77
77
78
78
78
78
78
78
78
78
78
78
78
79
79
79
79
79
79
79
80
81
82
82
82
82
82
82
82
82
82
82
82
82
82
82
82
82
82
82
82
82
82
82
83
83
83
83
83
83
83
84
85
85
85
86
93
93
93
93
93
93
94
94
94
94
94
94
94
95
95
95
95
95
95
95
95
95
96
96
96
96
96
96
96
96
96
96
96
96
96
96
96
96
96
96
96
97
98
98
98
99
105
105
105
105
105
105
105
105
106
106
106
106
106
107
107
107
107
107
107
108
115
115
115
115
115
115
116
116
116
116
116
116
116
117
117
117
117
117
117
117
117
117
118
118
118
118
118
118
118
118
118
118
118
118
118
118
118
118
118
119
119
119
119
119
119
119
119
119
119
119
119
119
120
120
120
120
121
121
121
121
122
122
123
124
125
126
126
126
126
126
126
126
127
134
134
134
134
134
134
134
134
135
135
135
135
135
135
135
136
136
136
136
136
136
136
137
137
137
137
138
139
148
148
148
148
148
148
149
149
149
149
149
149
149
150
150
150
150
150
150
150
150
150
150
151
151
151
152
154
154
154
155
155
155
155
155
155
155
156
156
156
156
156
156
156
156
156
156
156
156
156
156
157
158
158
158
158
158
158
158
158
163
163
164
164
164
164
164
164
164
164
164
164
164
164
164
164
164
164
165
166
166
166
166
166
166
167
167
167
167
168
169
169
169
169
169
169
170
170
170
170
170
170
170
170
170
171
171
171
171
171
171
171
171
171
171
171
172
173
174
174
175
175
175
175
175
175
175
175
175
176
176
176
176
176
176
176
176
176
176
177
177
177
177
177
177
177
177
177
177
177
178
179
179
179
179
179
179
179
179
180
180
180
180
181
182
183
183
183
184
190
190
190
190
190
190
191
191
191
191
191
191
191
191
191
192
192
192
192
192
192
192
192
192
192
192
192
193
199
199
199
199
199
199
200
200
200
200
200
200
200
200
200
201
201
201
201
201
201
201
201
201
201
202
202
202
202
202
202
202
203
211
211
211
211
211
211
211
211
212
212
212
212
212
212
212
213
215
215
215
215
215
215
216
216
216
216
216
216
216
217
217
217
217
217
217
217
217
217
217
217
218
219
219
219
219
219
219
219
219
220
220
220
220
220
220
220
220
220
220
220
220
220
221
222
222
222
222
222
222
222
222
223
223
223
223
223
223
223
223
223
223
223
223
223
223
224
224
224
224
224
224
224
224
224
224
224
225
226
226
226
226
226
226
226
226
227
227
227
227
227
227
227
227
227
227
227
228
229
236
236
236
236
236
236
236
236
236
236
236
237
237
237
237
237
237
237
238
238
238
238
238
238
238
238
238
238
238
238
238
238
238
238
239
240
240
240
240
240
240
240
240
241
241
241
241
241
241
241
241
241
241
241
241
241
241
241
241
241
241
242
243
243
244
244
244
244
244
244
244
244
244
244
244
244
245
245
245
245
245
245
245
245
245
245
245
246
247
256
256
256
256
256
256
256
256
256
256
256
257
257
257
257
257
257
257
257
257
258
258
258
258
258
258
258
258
258
258
258
258
259
259
259
259
259
259
259
259
259
260
260
260
260
260
261
261
261
261
261
261
261
261
261
262
262
262
262
262
262
262
262
263
264
264
265
265
265
266
267
269
269
270
270
270
270
270
270
270
270
270
270
271
272
272
272
272
272
272
273
273
273
273
273
273
273
273
273
273
273
273
273
273
273
273
273
273
273
274
274
274
274
275
275
275
275
275
276
276
276
276
276
276
277
278
279
280
