17
17
17
17
17
17
17
17
17
19
19
19
19
19
19
19
20
20
20
20
20
20
20
21
21
21
21
21
21
21
22
22
22
22
22
22
22
23
23
23
23
23
23
23
24
24
24
24
24
24
24
25
25
25
25
25
25
25
35
35
35
35
35
35
36
36
36
36
36
36
36
36
36
38
38
38
38
38
38
38
38
38
38
38
39
39
40
40
40
40
40
40
40
40
40
40
40
40
40
41
41
41
41
41
41
41
41
41
41
41
41
41
41
42
42
42
42
42
42
42
42
42
42
42
42
43
44
44
46
46
46
46
46
46
47
47
47
47
47
48
48
48
48
49
49
49
49
49
49
49
50
50
50
50
50
56
56
56
56
56
56
56
56
57
57
57
57
57
57
58
66
66
66
66
66
66
66
66
66
66
66
66
67
67
67
67
67
67
68
68
68
68
68
68
69
76
76
76
76
76
76
76
76
76
76
76
76
77
77
77
77
77
77
78
78
78
78
78
78
79
79
79
79
79
79
80
87
87
88
88
88
88
88
88
89
89
89
90
96
96
97
97
97
97
97
97
98
98
98
98
98
99
101
101
102
102
102
102
102
102
102
102
102
103
103
103
103
103
103
103
104
104
104
104
104
104
104
104
104
105
105
105
105
105
105
105
105
106
107
107
108
108
109
109
109
110
110
110
110
110
110
110
110
110
111
111
111
111
111
111
111
111
111
112
113
113
114
114
114
114
114
114
114
114
114
114
114
114
114
115
116
116
116
116
116
116
116
116
116
116
116
116
117
117
117
117
117
117
117
117
117
117
117
117
117
117
118
118
118
118
118
118
118
118
118
118
118
118
118
118
118
118
118
119
119
119
119
119
119
119
119
119
120
120
120
120
121
122
122
122
122
122
122
122
123
123
123
123
123
123
124
124
124
124
124
124
124
125
126
127
128
128
128
128
128
128
128
128
128
129
129
129
130
131
131
131
131
131
131
131
131
131
131
131
131
131
131
132
132
132
132
132
132
132
132
132
132
132
132
132
132
132
132
132
133
133
133
134
136
136
137
137
137
137
137
137
137
137
137
137
138
138
138
138
138
138
138
139
139
139
139
139
139
139
140
140
140
140
140
140
140
140
140
140
141
141
141
141
141
141
141
141
141
142
142
142
142
142
142
142
142
142
142
142
142
142
143
144
145
145
145
145
145
145
145
145
145
145
145
146
153
153
154
154
154
154
154
154
155
155
155
156
158
158
159
159
159
159
159
159
160
160
160
160
160
160
160
160
160
161
161
161
161
161
161
161
162
162
162
162
162
162
162
162
162
162
162
163
163
163
163
163
163
163
164
164
164
164
164
164
164
165
166
166
166
166
166
166
166
167
167
167
167
167
167
167
168
169
169
169
169
169
169
169
170
170
170
170
170
170
170
170
170
170
171
171
171
171
171
171
171
171
171
172
172
172
172
172
172
172
173
173
173
173
173
173
173
173
173
173
173
174
174
174
174
174
174
174
175
175
175
175
175
175
175
175
175
175
175
176
177
177
177
177
177
177
177
178
178
178
178
178
178
178
179
180
181
