17
17
17
17
17
17
17
17
17
17
17
19
19
19
19
19
19
19
20
20
20
20
20
20
20
22
22
22
22
22
22
22
22
22
22
22
23
23
23
23
23
23
23
23
23
23
23
23
23
23
23
24
24
24
24
24
24
24
24
24
24
24
24
24
24
24
29
29
29
29
29
29
29
29
30
30
30
30
30
30
30
30
33
33
33
33
33
35
35
35
35
35
35
35
35
35
37
37
37
37
37
37
37
37
37
39
39
39
39
40
40
40
40
49
49
49
49
49
49
49
49
49
49
49
49
49
50
50
50
50
50
51
51
51
51
51
51
51
52
52
52
52
52
52
52
52
52
53
53
53
53
53
53
53
53
53
53
53
53
53
53
53
53
53
53
53
53
53
53
54
54
54
54
54
54
54
54
54
55
55
55
55
55
55
55
55
55
56
56
56
56
56
56
56
56
56
56
57
57
57
57
57
57
57
57
57
57
57
57
57
58
58
58
58
58
58
58
58
58
58
58
59
59
59
60
61
62
63
63
63
63
63
63
63
63
64
65
65
65
66
71
71
71
71
71
72
72
72
72
72
73
79
79
79
79
79
79
79
80
80
80
80
80
80
81
89
89
89
89
89
89
89
89
89
89
89
89
90
90
90
90
90
90
90
91
91
91
91
92
92
92
93
94
94
94
94
94
94
94
94
94
95
95
95
95
95
95
95
95
95
96
102
102
102
102
102
102
102
102
103
103
103
103
103
103
104
110
110
110
110
110
110
111
111
111
111
111
111
111
111
111
111
111
112
112
112
112
112
112
112
113
114
114
114
115
127
127
127
127
127
127
127
127
127
128
128
128
128
128
128
128
128
129
129
129
129
129
129
129
129
129
129
129
129
129
129
129
130
130
130
131
140
140
140
140
140
141
141
141
141
142
142
142
142
142
142
142
142
142
142
142
142
142
143
143
143
143
143
143
143
143
143
143
144
144
144
144
144
144
144
144
145
152
152
152
152
152
152
152
152
152
153
153
153
153
153
153
153
153
154
154
154
154
154
154
154
154
154
154
154
154
154
155
155
155
155
155
156
164
164
164
164
164
164
164
164
164
165
165
165
165
165
165
165
165
165
165
165
165
165
166
166
166
166
166
166
166
166
166
166
167
167
167
167
167
167
167
167
168
174
174
174
174
174
174
175
175
175
176
181
181
181
181
181
181
182
182
182
182
183
183
183
183
183
183
183
184
184
184
184
184
184
185
186
188
188
188
188
188
188
189
189
190
190
190
190
190
190
190
190
190
190
190
190
191
191
191
191
191
191
192
192
192
193
194
194
194
194
194
194
196
196
196
196
196
196
197
197
197
198
199
200
201
