1
1
1
1
1
1
1
3
3
3
3
3
3
3
4
4
4
4
4
4
4
6
6
6
6
6
6
6
6
6
6
6
9
9
9
9
9
9
9
9
9
11
11
11
11
11
14
14
14
14
14
14
14
14
15
15
15
15
16
16
16
16
18
18
18
18
18
18
18
19
19
19
19
19
19
19
19
19
20
20
20
20
20
20
21
21
21
21
21
21
22
22
22
22
22
22
22
22
22
22
22
23
25
25
25
25
25
25
25
25
26
26
26
26
26
26
26
26
26
26
26
26
26
26
26
26
26
26
26
26
26
26
27
27
27
28
28
28
28
28
28
28
28
28
29
29
29
30
30
30
30
30
30
30
31
31
31
31
32
32
32
34
34
34
34
34
34
34
37
37
37
37
37
37
37
39
39
39
39
41
41
41
41
41
41
41
43
43
43
43
43
43
43
43
43
49
49
49
49
49
49
49
49
49
49
49
49
49
49
49
49
49
49
51
51
51
51
51
51
51
51
51
54
54
54
54
54
54
54
54
54
54
54
56
56
56
56
56
56
56
56
56
56
56
60
60
60
60
60
60
63
63
63
64
65
66
68
68
69
69
69
69
69
69
69
69
69
70
70
70
70
70
70
70
70
70
72
72
72
72
72
74
74
75
75
75
75
75
75
76
76
76
76
76
77
79
79
80
80
80
80
80
80
81
81
81
81
81
81
81
82
82
82
82
82
82
82
82
83
83
83
84
86
86
87
89
90
