1
1
1
1
1
1
1
1
1
1
1
1
1
3
3
3
3
3
3
3
4
4
4
4
4
4
4
5
5
5
5
5
5
5
7
7
7
7
7
7
7
7
7
9
9
9
9
9
9
9
9
9
9
9
10
10
10
10
10
10
10
10
10
10
10
11
11
11
11
11
11
11
11
11
11
11
12
12
12
12
12
12
12
12
12
12
12
13
13
13
13
13
13
13
13
13
13
13
14
14
14
14
14
14
14
14
14
14
14
16
16
16
17
21
21
21
21
21
21
21
21
21
21
21
22
22
22
22
22
23
24
24
24
24
24
24
24
24
25
25
25
25
25
25
25
25
25
25
25
25
25
25
25
25
26
31
31
31
31
31
31
31
31
31
31
31
32
32
32
32
32
33
34
34
34
34
34
34
34
34
35
35
35
35
35
35
35
35
35
35
35
35
35
35
35
35
36
38
38
38
38
38
38
38
38
38
39
39
39
39
39
39
39
39
39
39
39
40
40
40
40
40
40
40
40
41
42
42
42
42
42
42
42
42
42
42
42
42
43
43
43
43
43
43
43
43
43
43
43
43
44
44
44
45
47
47
47
47
47
47
47
47
47
47
47
47
48
48
48
48
48
48
48
48
48
49
49
49
49
49
49
49
50
50
50
50
50
50
50
50
51
52
52
52
53
60
60
60
60
60
60
60
60
61
64
64
64
64
64
64
64
65
65
65
66
68
68
68
69
69
69
69
69
71
71
71
71
71
71
71
71
71
71
72
72
73
73
73
73
73
73
73
73
73
73
73
73
73
73
73
73
73
74
74
74
75
75
75
75
75
75
75
75
75
75
75
76
76
76
76
76
76
76
76
78
78
78
78
78
78
78
78
78
78
79
79
79
79
79
79
79
80
80
80
81
81
81
81
81
81
81
82
83
83
83
84
84
84
84
84
84
84
84
85
86
86
86
86
86
86
86
86
86
86
86
86
86
86
86
86
86
86
86
86
86
86
86
87
87
87
87
87
87
87
87
87
87
88
88
88
88
88
88
88
88
89
89
89
89
89
89
89
89
89
89
89
89
90
90
90
90
90
90
90
90
90
90
90
90
91
91
91
91
91
91
91
91
91
91
91
91
92
92
92
92
92
92
92
92
92
92
92
92
92
92
92
92
94
94
94
95
95
95
95
95
95
95
96
96
96
96
96
96
96
96
96
97
97
97
98
98
98
98
98
98
98
98
98
99
100
101
101
101
101
101
101
101
102
102
102
103
104
104
104
104
104
104
104
105
118
118
118
118
118
118
118
118
118
118
118
118
118
118
118
118
118
119
119
119
119
119
119
119
119
119
119
120
125
125
125
125
125
125
125
125
125
127
127
128
128
128
128
128
128
128
128
128
128
128
128
128
128
128
128
129
129
129
129
129
129
129
129
129
131
131
131
131
131
131
131
132
133
138
138
138
138
138
138
138
138
138
140
140
141
141
141
141
141
141
141
141
141
141
141
141
141
141
141
141
142
142
142
142
142
142
142
142
142
144
144
144
144
144
144
144
145
146
148
148
148
148
148
149
149
149
149
149
149
149
149
149
149
149
151
151
151
151
151
151
151
151
151
151
151
151
151
151
151
151
151
152
152
152
152
152
152
152
152
153
154
154
154
154
154
154
154
154
154
154
154
154
154
154
154
154
154
154
154
154
154
154
154
154
154
155
155
155
155
155
155
155
155
155
155
155
155
156
156
156
156
156
156
156
156
156
156
156
156
156
157
157
157
157
157
157
157
157
157
157
157
157
158
158
158
158
158
158
158
158
158
158
158
158
158
159
159
159
159
159
159
159
159
159
159
159
159
159
159
159
159
159
159
159
159
159
159
159
159
159
160
162
162
162
162
162
163
165
165
165
165
165
165
165
165
165
165
165
165
165
165
165
165
166
166
166
166
166
166
166
166
166
166
166
166
166
166
166
166
166
166
166
166
166
166
167
167
167
167
167
167
167
171
171
171
171
171
171
171
171
171
171
171
171
171
171
171
171
172
173
173
173
174
175
176
177
