17
17
17
17
17
17
17
17
17
17
17
17
17
17
17
19
19
19
19
19
19
19
19
19
19
19
19
19
20
20
20
20
20
20
20
20
20
20
20
20
20
20
20
25
25
25
25
25
25
26
26
26
26
26
27
27
27
27
29
29
29
29
29
29
29
29
36
36
36
36
36
36
36
36
36
36
36
36
37
37
37
37
37
38
38
38
38
38
38
39
47
47
47
48
48
48
48
49
49
49
49
50
50
50
50
50
51
51
51
51
51
52
52
52
52
52
52
53
53
53
53
53
53
54
56
56
57
57
57
57
57
57
58
58
58
58
58
58
58
59
61
61
62
62
62
62
62
62
63
63
63
64
66
66
67
67
67
67
67
67
68
68
68
69
71
71
72
72
72
72
72
72
73
73
73
74
76
76
77
77
77
77
77
77
78
78
78
78
78
79
81
81
82
82
82
82
82
82
83
83
83
83
83
83
83
84
84
84
84
84
84
84
84
84
85
86
86
86
87
89
89
90
90
90
90
90
90
91
91
91
92
98
98
99
99
99
99
99
99
99
99
99
100
100
100
100
100
100
100
101
103
103
104
104
104
104
104
104
105
105
105
105
105
105
105
105
105
106
106
106
106
106
106
106
107
107
107
107
107
107
107
107
107
107
107
108
108
108
108
108
108
108
108
108
109
109
109
109
109
109
109
109
109
109
109
109
109
109
109
109
109
110
110
110
110
110
110
110
111
112
113
113
113
113
113
113
113
114
114
114
114
114
114
114
115
115
115
115
115
115
115
116
118
118
119
119
119
119
119
119
120
120
120
120
120
120
120
121
123
123
124
124
124
124
124
124
124
124
124
125
125
125
125
125
125
125
125
125
125
125
125
125
125
125
125
125
125
125
125
125
125
125
126
128
128
129
129
129
129
130
130
130
130
131
131
131
131
131
133
133
133
134
135
136
