17
17
17
17
17
17
17
17
17
17
17
17
17
19
19
19
19
19
19
19
19
19
19
19
19
19
20
20
20
20
20
20
20
20
20
20
20
20
20
20
20
21
21
21
21
21
21
21
21
21
21
21
21
21
21
21
26
26
26
26
26
26
27
27
27
27
27
28
28
28
28
28
28
29
29
29
29
36
36
36
36
36
36
36
36
36
36
36
36
37
37
37
37
37
38
38
38
38
38
38
39
41
41
42
42
42
42
42
42
43
43
43
44
46
46
47
47
47
47
47
47
48
48
48
49
51
51
52
52
52
52
52
52
53
53
53
53
54
56
56
57
57
57
57
57
57
58
58
58
58
58
58
59
59
59
59
60
62
62
63
63
63
63
63
63
63
63
63
64
64
64
64
64
64
64
65
65
65
65
65
66
68
68
69
69
69
69
69
69
71
71
71
71
71
72
72
72
73
74
74
74
74
75
75
75
75
75
75
75
75
75
75
76
76
76
76
76
76
76
76
77
77
77
77
77
78
78
78
78
78
78
78
78
79
79
79
79
79
79
79
79
80
81
81
81
81
81
82
82
82
82
82
82
82
82
82
83
83
83
84
84
84
85
86
86
86
87
88
89
