18
18
18
18
18
18
18
18
18
18
18
20
20
20
20
20
20
20
21
21
21
21
21
21
21
22
22
22
22
22
22
22
23
23
23
23
23
23
23
24
24
24
24
24
24
24
25
25
25
25
25
25
25
26
26
26
26
26
26
26
27
27
27
27
27
27
27
28
28
28
28
28
28
28
28
28
30
30
30
30
30
30
30
30
30
30
30
30
30
88
88
88
88
88
89
93
93
93
93
93
93
93
93
99
99
99
99
99
99
99
99
105
105
105
105
105
105
105
105
111
111
111
111
112
113
113
113
113
113
114
131
131
132
132
132
132
132
132
132
132
132
132
132
132
133
133
133
133
134
135
135
135
135
135
135
135
135
135
135
135
135
135
136
155
155
155
155
155
155
155
155
155
155
155
155
155
155
155
155
156
156
156
156
156
156
157
158
158
158
160
160
160
160
162
162
162
162
162
162
162
162
162
162
162
162
162
163
164
165
166
166
167
167
167
167
167
167
167
167
167
167
167
167
167
168
169
169
169
169
169
169
170
171
171
172
173
173
174
176
176
176
176
176
176
176
177
177
177
177
177
177
177
178
180
180
180
180
181
205
205
206
206
206
206
206
206
206
206
206
206
206
206
207
207
207
207
207
207
207
207
208
208
208
208
208
208
209
210
210
210
210
210
210
210
210
210
210
210
211
211
211
211
211
211
211
211
211
212
213
213
213
213
213
213
213
213
213
213
213
213
213
214
233
233
234
234
234
234
234
234
234
234
234
234
234
234
235
235
235
235
235
235
236
237
237
237
237
237
237
237
237
237
237
237
237
237
237
237
237
237
237
238
257
257
257
257
257
257
257
257
257
257
257
257
257
257
257
257
258
258
258
258
259
260
260
260
260
260
260
260
260
260
260
260
260
260
260
261
285
285
286
286
286
286
286
286
286
286
286
286
286
286
287
287
287
287
287
287
287
287
288
288
288
288
288
288
288
288
289
290
290
290
290
290
290
290
290
290
290
290
291
291
291
291
291
291
291
291
291
292
293
293
293
293
293
293
293
293
293
293
293
293
293
294
299
299
300
300
300
300
300
300
301
302
302
302
303
303
303
304
304
304
304
306
306
306
306
307
307
307
307
309
309
309
309
309
309
309
309
309
309
309
309
309
310
311
312
313
313
313
313
313
313
313
313
313
313
314
314
314
314
314
315
315
316
317
317
317
317
317
317
318
319
319
320
321
323
323
323
323
323
323
323
324
324
324
324
324
324
324
325
327
327
327
327
327
327
327
327
327
327
327
327
327
327
327
327
327
327
327
327
327
327
327
328
328
328
328
328
328
328
329
329
329
329
329
329
331
331
331
331
331
331
331
331
332
332
332
332
332
332
334
334
334
334
334
334
334
334
334
334
334
334
335
336
336
336
336
336
336
337
337
337
337
338
338
339
339
339
339
339
339
339
339
339
339
339
340
342
342
342
342
342
342
342
342
342
342
342
342
342
343
354
354
354
354
354
354
354
354
354
354
354
354
355
355
355
355
356
356
357
358
358
358
358
358
358
358
358
358
358
358
359
398
398
398
398
398
398
398
398
398
398
398
398
399
399
399
399
399
399
399
399
400
400
401
402
402
402
402
402
402
402
402
402
402
402
403
405
407
