18
18
18
18
18
18
18
18
18
18
18
18
18
20
20
20
20
20
20
20
21
21
21
21
21
21
21
23
23
23
23
23
23
23
23
23
23
23
23
23
24
24
24
24
24
24
24
24
24
24
24
24
24
41
41
41
41
42
42
43
43
44
46
46
46
46
46
53
53
53
53
53
53
53
54
55
55
55
55
55
56
56
56
56
56
56
56
56
56
57
67
67
67
67
67
67
67
67
67
67
67
68
69
69
69
69
69
69
69
70
70
70
70
70
70
70
70
70
71
85
85
86
86
86
86
86
86
86
86
87
88
88
88
88
88
88
88
88
88
89
89
89
89
89
89
89
89
90
90
90
90
90
90
90
91
91
91
91
91
91
91
91
91
91
91
92
92
92
92
92
92
92
92
92
92
92
93
94
94
94
94
94
94
94
94
94
94
94
95
95
95
95
95
95
95
95
95
95
95
96
97
97
97
97
97
97
97
97
97
97
97
97
97
97
98
98
98
99
99
99
99
99
99
99
99
99
99
99
99
99
99
100
101
102
112
112
112
112
112
112
112
125
125
125
125
125
125
125
125
125
125
125
126
126
126
126
126
126
126
126
126
126
127
128
129
