18
18
18
18
18
18
18
18
18
18
18
18
18
20
20
20
20
20
20
20
22
22
22
22
22
22
22
22
22
22
22
22
22
23
23
23
23
23
23
23
23
23
23
23
23
23
23
23
39
39
39
39
40
42
42
42
42
42
42
42
42
42
42
42
43
44
44
44
44
45
45
45
45
46
46
46
46
47
47
47
47
48
48
48
48
50
50
50
50
50
50
50
50
51
52
52
52
52
52
52
53
53
53
54
54
54
54
54
54
54
55
55
56
58
58
58
58
58
58
58
60
60
60
60
60
60
60
61
61
61
61
61
61
61
62
62
62
62
62
62
62
63
63
63
63
63
63
63
65
66
67
67
67
67
67
67
67
68
69
69
69
69
69
69
70
71
71
71
71
71
71
71
71
71
72
72
72
72
72
72
73
73
73
73
73
73
73
74
76
77
78
78
78
78
78
78
78
78
78
78
78
79
80
80
80
80
80
80
81
82
83
84
84
84
84
84
84
85
86
86
86
86
86
86
87
87
88
88
88
88
88
88
89
89
89
89
89
89
89
89
89
90
90
90
90
90
90
90
91
94
94
94
94
94
94
94
94
94
94
94
94
94
94
94
94
95
95
95
95
95
95
95
95
95
97
98
99
99
99
99
99
99
100
101
101
101
101
101
101
102
103
103
103
103
103
103
104
104
104
104
104
104
104
105
107
107
107
107
107
107
107
108
110
112
