17
17
17
17
17
17
17
17
17
17
17
17
17
17
17
19
19
19
19
19
19
19
21
21
21
21
21
21
21
21
21
21
21
21
21
22
22
22
22
22
22
22
22
22
22
22
22
22
22
22
23
23
23
23
23
23
23
23
23
23
23
23
23
23
23
24
24
24
24
24
24
24
24
24
29
29
29
29
29
29
32
32
32
32
32
32
32
32
34
34
35
35
35
35
35
35
36
36
36
37
39
39
40
40
40
40
41
41
41
41
42
42
42
42
43
43
43
43
43
44
44
44
44
44
44
44
44
44
44
44
44
44
44
44
44
44
44
45
47
47
48
48
48
48
49
49
49
49
50
50
50
50
51
51
51
51
51
52
52
52
52
52
52
52
52
52
52
52
52
52
52
52
52
52
52
53
54
55
