17
17
17
17
17
17
17
17
17
17
17
17
17
17
17
19
19
19
19
19
19
19
19
19
19
19
20
20
20
20
20
20
20
20
20
20
20
20
20
21
21
21
21
21
21
21
21
21
21
21
21
21
21
21
31
31
31
31
31
31
33
33
33
33
33
33
33
33
40
40
40
40
40
40
40
40
40
40
40
40
41
41
41
41
41
41
41
41
41
41
42
42
42
42
42
42
43
45
45
46
46
46
46
46
46
47
47
47
48
50
50
51
51
51
51
51
51
52
52
52
53
55
55
56
56
56
56
56
56
57
57
57
58
60
60
61
61
61
61
61
61
62
62
62
63
65
65
66
66
66
66
66
66
67
67
67
68
74
74
74
74
74
74
75
75
75
75
75
75
75
76
78
78
79
79
79
79
79
79
80
80
80
80
80
80
80
80
80
80
80
81
83
83
84
84
84
84
84
84
84
84
84
85
85
85
85
86
86
86
86
86
87
89
89
90
90
90
90
90
90
91
91
91
92
94
94
95
95
95
95
95
95
96
96
96
97
99
99
100
100
100
100
100
100
100
100
100
101
101
101
101
101
101
101
101
101
101
101
101
102
104
104
105
105
105
105
105
105
105
105
105
105
105
105
105
106
106
106
106
106
106
106
106
106
106
106
106
106
106
107
109
109
110
110
110
110
110
110
111
111
111
111
111
111
111
111
111
111
111
112
114
114
115
115
115
115
115
115
115
115
115
116
116
116
116
116
116
116
117
117
117
118
120
120
120
120
120
120
120
120
120
120
121
121
121
122
124
124
124
124
124
124
124
124
124
125
125
125
125
125
125
125
125
125
125
126
126
126
126
126
126
126
127
129
129
130
130
130
130
130
130
131
131
131
132
134
134
135
135
135
135
135
135
136
136
136
136
136
136
136
136
136
137
137
137
137
137
137
137
137
138
138
138
138
138
138
138
139
139
139
139
139
139
139
139
139
139
139
140
141
141
141
141
141
141
141
143
143
143
143
143
143
143
143
143
143
143
143
143
143
143
144
144
144
144
144
144
144
145
146
146
146
146
146
146
147
147
147
147
147
147
147
147
148
148
148
148
148
148
148
148
148
148
148
148
148
148
149
149
149
149
149
149
149
150
151
151
151
151
151
151
151
151
151
151
151
151
151
151
151
151
151
151
151
152
154
154
154
154
154
154
154
155
156
157
