1
1
1
1
1
1
1
1
1
1
1
1
1
3
3
3
3
3
3
3
4
4
4
4
4
4
4
5
5
5
5
5
5
5
7
7
7
7
7
7
7
7
7
9
9
9
9
9
9
9
9
9
9
9
10
10
10
10
10
10
10
10
10
10
10
11
11
11
11
11
11
11
11
11
11
11
12
12
12
12
12
12
12
12
12
12
12
13
13
13
13
13
13
13
13
13
13
13
13
13
14
14
14
14
14
14
14
14
14
14
14
14
14
15
15
15
15
15
15
15
15
15
15
15
15
15
16
16
16
16
16
16
16
16
16
16
16
16
16
16
16
17
17
17
17
17
17
17
17
17
17
17
17
17
17
17
18
18
18
18
18
18
18
18
18
18
18
18
18
18
18
19
19
19
19
19
19
19
19
19
19
19
19
19
20
20
20
20
20
20
20
20
20
20
20
20
20
20
20
27
27
27
27
27
28
28
28
28
28
28
29
35
35
35
35
35
35
35
35
35
35
35
35
41
41
41
41
41
47
47
47
47
47
53
53
53
53
53
53
53
60
60
60
60
60
62
62
62
62
62
62
63
64
64
64
64
64
68
68
68
68
68
69
69
69
69
69
69
69
69
70
70
70
70
70
70
70
70
71
71
71
71
71
71
71
71
71
72
72
73
74
75
75
75
75
78
78
78
78
78
79
79
79
79
79
79
79
79
79
79
79
79
79
79
79
79
79
79
79
79
79
80
80
80
80
80
80
80
80
81
81
81
81
81
81
81
81
82
82
82
82
82
82
82
83
83
83
83
83
83
83
83
84
85
85
85
85
85
85
85
86
87
88
88
88
88
91
91
91
91
91
91
91
91
91
91
92
92
92
92
92
92
93
93
93
93
93
93
93
93
93
93
93
93
93
93
93
93
93
93
93
93
93
94
94
94
94
94
94
94
94
95
95
95
95
95
95
95
95
95
95
95
95
95
96
96
96
96
96
97
97
97
97
97
97
97
98
98
98
98
98
98
98
98
99
99
99
99
99
99
99
99
99
99
99
99
99
100
100
100
100
101
102
103
103
103
103
103
103
103
103
103
103
103
103
103
103
103
103
103
103
103
103
103
103
103
103
103
104
105
105
105
105
106
108
108
108
108
108
108
108
108
108
109
110
110
110
110
110
110
110
111
111
111
111
111
111
112
112
112
112
112
112
113
113
113
113
113
113
114
114
114
114
114
114
115
117
117
117
117
117
117
117
117
117
117
117
117
118
119
119
119
119
119
119
119
119
119
120
120
120
120
120
120
121
121
121
121
121
121
122
122
122
122
122
122
123
123
123
123
123
123
124
126
126
126
126
126
126
127
127
127
127
127
127
127
127
127
127
127
127
128
129
129
129
129
129
129
129
129
129
130
130
130
130
130
130
131
131
131
131
131
131
132
132
132
132
132
132
133
133
133
133
133
133
134
136
136
136
136
136
136
136
136
136
137
138
138
138
138
138
138
138
139
139
139
139
139
139
140
140
140
140
140
140
141
141
141
141
141
141
142
142
142
142
142
142
143
146
146
146
146
146
146
147
147
147
147
147
147
147
147
147
147
147
148
148
148
148
148
148
148
148
148
149
149
149
149
149
149
150
150
150
150
150
150
151
151
151
151
151
151
152
152
152
152
152
152
153
166
166
167
167
167
167
167
167
167
167
167
167
167
167
167
168
168
169
171
171
171
171
171
171
171
171
171
171
172
172
172
172
172
172
172
172
172
172
172
173
173
174
175
175
175
175
175
175
175
175
175
176
176
176
176
176
176
177
177
177
177
177
177
177
177
177
177
177
177
177
177
177
178
178
178
178
179
179
179
180
180
180
180
181
183
183
183
183
183
183
184
184
184
184
184
184
184
184
185
185
185
185
185
185
185
186
186
186
186
186
186
186
187
188
188
188
188
188
188
189
189
189
189
189
189
189
189
190
190
190
190
190
191
191
191
191
191
191
193
193
194
194
194
194
194
194
194
194
194
194
194
194
194
194
194
194
194
194
197
197
197
197
197
197
197
197
197
197
197
197
197
197
197
197
198
198
198
198
198
198
198
199
201
201
201
201
201
201
201
202
202
202
202
202
202
202
203
204
204
204
204
204
204
204
204
204
204
205
205
205
205
205
205
205
205
206
206
206
206
206
206
206
207
207
207
207
207
207
207
207
207
207
207
207
207
207
207
207
208
208
208
208
208
208
208
209
209
209
209
209
209
209
209
209
209
209
210
210
210
210
210
210
210
211
211
211
212
212
212
212
212
212
212
212
212
212
212
213
214
217
217
217
217
217
217
217
218
218
218
218
218
218
218
219
220
221
221
221
221
221
221
221
224
224
224
224
224
224
224
225
225
225
225
225
225
225
225
225
225
225
226
227
227
227
227
227
227
227
228
228
228
228
228
228
228
228
228
228
228
228
228
228
228
228
228
228
228
228
228
228
229
229
229
229
229
229
229
229
229
229
229
230
230
230
230
230
230
230
231
231
231
231
231
231
231
231
231
232
232
232
233
233
233
233
233
233
233
233
233
233
233
233
233
233
233
233
233
233
233
233
233
233
234
234
234
234
234
234
234
234
234
234
234
234
234
234
234
235
235
235
236
237
239
239
240
240
240
240
240
240
240
240
240
240
241
241
241
242
242
243
245
245
245
245
245
245
245
245
245
245
246
246
246
246
246
246
246
246
246
246
246
247
247
248
250
250
250
250
250
250
250
250
250
252
252
252
252
252
252
253
253
253
253
253
253
253
253
253
253
253
253
253
253
253
254
254
254
254
255
255
255
256
256
256
256
257
258
258
258
258
258
258
258
258
258
258
258
258
258
260
260
260
260
260
260
260
261
261
261
261
261
261
261
261
261
262
262
263
265
265
265
265
265
265
265
265
266
266
266
266
266
266
267
267
267
267
267
267
267
268
268
268
268
268
268
268
269
270
270
270
270
270
270
271
271
271
271
271
271
271
271
272
272
272
272
272
272
274
274
274
274
274
275
275
276
276
276
276
276
276
276
276
276
276
276
276
276
276
276
276
276
276
279
279
279
279
279
279
279
279
279
279
279
279
279
279
279
279
280
280
280
280
280
280
280
281
283
283
283
283
283
283
283
284
284
284
284
284
284
284
285
286
286
286
286
286
286
286
286
286
286
287
287
287
287
287
287
287
287
288
288
288
288
288
288
288
289
289
289
289
289
289
289
289
289
289
289
289
289
289
289
289
290
290
290
290
290
290
290
291
291
291
291
291
291
291
291
291
291
291
291
291
292
292
292
292
292
292
292
293
293
293
294
294
294
294
294
294
294
294
294
294
294
294
294
295
296
297
298
298
298
298
298
298
298
301
301
301
301
301
301
301
303
303
303
303
303
303
303
303
303
303
303
303
303
304
305
305
305
305
305
305
305
306
306
306
306
306
306
306
306
306
306
306
306
306
306
306
306
306
306
306
306
306
306
307
307
307
307
307
307
307
307
307
307
307
308
308
308
308
308
308
308
309
309
309
309
309
309
309
309
309
309
309
309
309
309
310
310
310
310
310
310
310
310
310
310
310
310
310
310
310
310
310
310
310
310
310
310
311
311
311
311
311
311
311
311
311
311
311
311
311
311
311
312
312
312
313
314
316
316
317
317
317
317
317
317
317
317
317
317
317
317
317
318
318
318
319
319
320
321
321
321
321
321
321
321
322
322
322
322
322
322
322
322
322
322
322
323
323
324
328
328
328
328
328
328
328
328
328
328
328
328
328
328
328
329
329
329
329
329
329
329
329
330
330
330
330
330
330
330
331
331
331
331
331
331
331
331
331
331
331
331
331
332
332
332
332
332
332
332
333
333
333
333
333
333
333
334
335
335
335
336
336
336
336
336
336
336
336
336
336
336
336
336
337
338
340
340
341
341
341
341
341
341
341
341
341
341
341
341
341
342
342
342
342
342
342
342
342
343
345
345
345
345
345
345
345
345
345
345
345
345
345
345
345
346
346
346
346
346
346
346
346
347
347
347
347
347
347
347
348
348
348
348
348
348
348
348
348
348
348
348
348
348
348
349
349
349
349
349
349
349
350
350
350
350
350
350
350
351
352
352
352
353
353
353
353
353
353
353
353
353
353
353
353
353
353
353
354
355
363
363
363
363
363
363
363
363
364
365
365
365
365
365
365
365
365
365
365
365
365
365
366
366
366
366
366
366
366
366
366
366
366
366
366
367
369
369
369
369
369
369
369
369
370
371
371
371
371
371
371
371
371
371
371
371
371
371
372
372
372
372
372
372
372
372
372
372
372
372
372
373
379
379
379
379
379
379
379
379
379
379
380
380
380
380
380
381
382
382
382
382
382
384
384
384
384
384
384
384
384
384
384
384
384
384
384
384
384
384
384
384
384
384
385
385
385
385
385
385
385
385
387
387
387
387
387
387
387
387
387
388
388
389
392
392
392
392
392
392
392
393
393
393
393
393
393
393
394
394
394
394
394
394
394
394
394
394
394
394
394
394
394
394
394
395
395
395
395
395
395
395
396
396
396
396
396
396
396
397
397
397
397
397
397
397
397
398
398
398
398
398
398
398
398
398
398
398
398
398
398
398
398
398
399
399
399
399
399
399
399
400
401
402
402
402
403
404
404
404
405
406
407
