1
1
1
1
1
1
1
1
1
1
1
3
3
3
3
3
3
3
3
3
4
4
4
4
4
4
4
4
4
6
6
6
6
6
6
6
6
6
6
6
7
7
7
7
7
7
7
7
7
7
7
7
7
7
7
8
8
8
8
8
8
8
8
8
8
8
8
8
8
8
9
9
9
9
9
9
9
9
9
9
9
9
9
9
9
15
15
15
15
15
15
15
15
15
15
16
26
26
26
26
31
31
31
31
37
37
37
37
43
43
43
43
55
55
55
55
65
65
65
65
72
72
72
72
80
80
80
80
80
81
81
81
81
81
81
82
82
82
82
82
82
83
83
83
83
84
84
84
84
84
84
84
84
85
87
87
87
87
87
87
87
88
88
88
88
88
89
89
89
89
89
89
90
90
90
90
90
90
91
91
91
91
91
91
92
92
92
92
92
92
93
93
93
93
93
93
94
94
94
94
94
94
95
95
95
95
96
100
100
100
100
100
100
100
100
100
100
101
101
101
101
101
101
101
101
101
101
103
103
103
103
103
103
103
103
103
103
105
105
105
105
105
105
106
106
106
106
106
106
106
107
107
107
107
107
108
109
109
109
110
112
112
112
112
112
112
113
113
113
113
113
113
113
113
113
113
115
115
115
115
115
115
115
115
115
115
115
115
115
117
117
117
117
117
117
117
117
117
117
117
117
117
118
118
118
119
121
121
121
121
121
121
122
122
122
122
122
122
122
123
123
123
123
123
124
125
125
125
126
128
128
128
128
128
128
129
129
129
129
129
129
129
129
129
129
131
131
131
131
131
131
131
131
131
131
131
131
131
132
132
132
133
136
136
136
136
136
136
137
137
137
137
137
137
137
138
138
138
138
138
138
138
138
138
138
139
141
141
141
141
141
141
142
142
142
143
147
147
147
147
147
147
147
147
147
147
148
148
148
148
148
148
148
148
149
149
149
149
149
150
152
152
152
152
152
152
152
152
152
152
152
152
152
152
152
152
153
153
153
153
153
153
153
153
154
154
154
154
154
154
154
154
154
154
155
155
155
155
155
155
155
155
156
157
157
157
157
157
158
160
160
160
160
160
160
160
160
160
160
161
161
161
161
161
161
161
161
161
162
162
162
162
162
163
165
165
165
165
165
165
165
165
165
165
165
165
165
165
165
165
166
166
166
166
166
166
166
166
166
167
167
167
167
167
167
167
167
167
167
168
168
168
168
168
168
168
168
168
169
170
170
170
170
170
171
173
173
173
173
173
173
173
173
173
173
173
173
173
174
174
174
174
174
174
174
174
174
174
174
174
174
175
179
179
179
179
179
179
179
179
179
179
180
180
180
180
180
180
180
180
181
181
181
181
181
182
184
184
184
184
184
184
184
184
184
184
184
184
184
184
184
184
185
185
185
185
185
185
185
185
186
186
186
186
186
186
186
186
186
186
187
187
187
187
187
187
187
187
188
189
189
189
189
189
190
192
192
192
192
192
192
192
192
192
192
193
193
193
193
193
193
193
193
193
194
194
194
194
194
195
197
197
197
197
197
197
197
197
197
197
197
197
197
197
197
197
198
198
198
198
198
198
198
198
198
199
199
199
199
199
199
199
199
199
199
200
200
200
200
200
200
200
200
200
201
202
202
202
202
202
203
205
205
205
205
205
205
205
205
205
205
205
205
205
206
206
206
206
206
206
206
206
206
206
206
206
206
207
211
211
211
211
211
211
211
211
212
212
212
212
213
213
213
213
213
214
219
219
219
219
219
219
219
219
220
220
220
220
221
221
221
221
221
222
227
227
227
227
227
227
227
228
229
229
229
229
230
230
230
230
230
231
236
236
237
237
237
237
237
237
237
237
238
238
238
238
238
238
239
244
244
245
245
245
245
245
245
245
245
246
246
246
246
246
246
247
261
261
261
261
261
261
261
261
262
262
262
262
263
263
263
263
263
264
269
269
269
269
269
269
269
269
270
270
270
270
271
271
271
271
271
272
276
276
277
277
277
277
277
277
278
278
278
278
278
278
278
279
280
281
