6
6
6
6
6
6
6
6
6
6
6
8
8
8
8
8
8
8
9
9
9
9
9
9
9
10
10
10
10
10
10
10
11
11
11
11
11
11
11
11
11
12
12
12
12
12
12
12
12
12
13
13
13
13
13
13
13
14
14
14
14
14
14
14
15
15
15
15
15
15
15
16
16
16
16
16
16
16
18
18
18
18
18
18
18
18
18
18
18
19
19
19
19
19
19
19
19
19
19
19
21
21
21
21
21
21
21
22
23
23
23
23
25
25
25
25
25
25
25
25
25
25
25
27
27
27
27
27
27
27
27
28
29
29
29
29
31
31
31
31
31
31
31
31
31
31
31
31
31
31
31
33
33
33
33
33
33
33
33
33
33
33
33
33
34
35
35
35
35
35
35
35
35
35
35
35
35
35
37
37
37
37
37
37
37
37
37
37
37
37
37
38
39
39
39
39
39
39
39
39
39
40
41
43
43
43
43
43
43
43
43
44
46
46
47
47
47
47
47
47
47
47
47
47
47
47
47
47
47
47
47
47
47
47
47
47
47
47
47
47
47
47
47
47
48
48
49
50
50
50
50
50
50
50
50
50
50
50
50
50
52
52
52
52
52
52
52
52
52
52
52
52
52
54
54
54
54
54
54
54
54
54
54
54
56
56
56
56
56
56
56
56
56
56
56
56
56
56
56
56
56
56
56
56
56
56
56
58
58
58
58
58
58
58
60
60
60
60
60
60
60
60
60
60
61
62
62
62
62
62
62
62
64
64
64
64
64
64
64
64
64
64
65
67
67
67
67
67
67
67
68
69
69
69
69
69
69
69
69
69
69
69
70
72
72
72
72
72
72
72
72
72
72
73
74
74
