6
6
6
6
6
6
6
6
6
8
8
8
8
8
8
8
8
8
8
8
8
8
8
9
9
9
9
9
9
9
9
9
9
9
9
9
9
10
10
10
10
10
10
10
10
10
10
10
10
10
10
12
12
12
12
12
12
12
13
13
13
13
13
13
13
14
14
14
14
14
14
14
15
15
15
15
15
15
15
15
15
16
16
16
16
16
16
16
16
16
16
16
17
17
17
17
17
17
17
18
18
18
18
18
18
18
19
19
19
19
19
19
19
20
20
20
20
20
20
20
21
21
21
21
21
21
21
21
21
22
22
22
22
22
22
22
22
22
23
23
23
23
23
23
23
23
23
25
25
25
25
25
25
25
25
25
26
26
26
26
26
26
26
26
26
28
28
28
28
29
30
30
30
30
30
30
30
30
30
30
30
30
30
30
30
32
32
32
32
33
34
36
36
36
36
36
36
37
38
38
38
38
38
38
38
38
38
38
38
38
40
40
40
40
40
40
40
40
40
40
41
41
41
41
41
41
42
44
44
44
44
44
44
44
44
44
44
44
45
46
47
48
48
48
48
48
48
48
48
48
48
48
48
48
48
49
49
49
49
50
50
50
50
51
51
51
51
51
51
53
53
53
53
53
53
53
53
54
55
55
55
55
55
55
55
55
55
57
57
57
57
57
57
57
57
57
57
57
57
59
59
59
59
59
59
59
59
60
61
61
61
61
61
61
61
61
61
63
63
63
63
63
63
63
63
63
65
65
65
65
65
65
65
65
65
65
65
65
65
65
65
65
65
65
66
67
67
67
67
67
67
67
67
67
67
69
69
69
69
69
69
69
69
69
69
69
69
70
71
71
71
71
71
71
71
71
71
71
71
71
71
73
73
73
73
73
73
73
73
73
74
75
76
77
78
79
79
79
79
79
80
81
81
81
81
81
81
81
81
81
81
81
81
81
82
83
85
85
85
85
85
85
85
85
85
85
85
85
85
86
87
87
87
87
87
87
87
87
87
87
87
87
87
89
89
89
89
89
89
89
89
89
89
89
89
89
90
92
92
92
92
92
92
92
92
92
92
92
93
94
94
94
94
94
94
94
94
94
94
94
94
94
94
95
96
96
96
96
96
96
96
96
96
96
96
98
98
98
98
99
100
100
100
100
100
100
100
100
100
100
100
101
103
103
103
103
103
103
103
104
105
106
107
107
107
107
107
107
107
107
107
108
108
108
108
108
108
108
108
109
109
109
109
109
109
109
109
109
109
111
111
111
111
112
113
113
113
113
113
113
113
113
113
113
113
114
116
116
116
116
116
116
116
116
116
117
118
118
118
118
118
119
120
120
120
120
120
120
120
120
120
120
120
120
120
121
122
123
124
125
126
126
126
126
126
126
126
126
126
127
128
130
130
130
130
130
130
130
130
130
130
130
130
130
130
130
130
131
132
132
132
132
132
132
132
132
132
132
132
132
132
132
134
134
134
134
134
134
134
134
136
136
136
136
136
136
136
136
136
136
137
137
137
137
137
137
137
137
139
139
139
139
139
139
139
140
141
141
141
141
141
141
142
142
142
142
142
142
142
142
143
145
145
145
145
145
145
145
145
145
145
145
145
145
147
147
147
147
147
147
147
149
149
149
149
149
149
149
149
149
151
151
151
151
151
151
151
151
151
151
151
151
153
153
153
155
155
155
155
155
155
155
156
157
157
157
157
157
157
157
157
157
157
157
157
158
158
158
158
158
158
158
158
158
158
158
158
159
159
159
159
159
159
159
159
159
161
161
161
161
161
161
161
161
161
162
163
163
163
163
163
163
164
166
166
166
166
166
166
166
166
166
166
167
168
169
170
170
170
170
170
170
170
170
171
173
173
173
173
174
175
175
175
175
175
175
175
175
175
175
175
175
175
176
178
178
178
178
178
178
178
178
178
178
178
178
178
180
181
182
182
182
182
182
182
182
183
183
183
183
183
183
184
185
186
187
187
187
187
187
187
188
190
190
190
191
193
193
193
193
193
193
193
193
194
195
195
195
195
195
195
195
195
195
195
195
195
195
195
196
197
197
197
197
197
197
197
197
197
197
197
199
199
199
199
199
199
199
200
201
201
201
201
201
201
201
201
202
203
203
203
203
203
204
204
204
204
204
204
205
206
207
208
208
208
208
208
208
209
210
211
212
214
214
214
214
214
214
215
216
216
216
216
216
216
216
216
216
216
218
218
218
218
218
220
220
220
220
220
220
220
220
220
220
220
220
220
222
222
222
222
222
222
222
222
222
222
222
222
222
222
223
223
223
223
223
223
223
223
223
223
223
223
223
223
223
223
224
224
224
224
224
224
224
224
224
224
224
224
224
224
224
224
224
224
225
225
225
225
225
225
225
225
225
225
225
225
225
225
225
225
227
227
227
227
227
227
227
227
227
228
229
229
229
229
229
229
229
229
229
229
229
229
229
229
229
229
230
232
232
232
232
232
234
234
234
234
234
234
234
235
236
236
236
236
236
236
236
236
236
238
238
238
238
238
238
238
238
238
238
238
238
238
238
239
240
240
240
240
241
241
242
243
245
245
245
246
247
248
