6
6
6
6
6
6
6
6
6
8
8
8
8
8
8
8
8
8
8
8
8
8
9
9
9
9
9
9
9
10
10
10
10
10
10
10
12
12
12
12
12
12
12
13
13
13
13
13
13
13
14
14
14
14
14
14
14
14
14
15
15
15
15
15
15
15
15
15
16
16
16
16
16
16
16
16
16
17
17
17
17
17
17
17
17
17
18
18
18
18
18
18
18
19
19
19
19
19
19
19
21
21
21
21
21
21
21
21
21
21
21
21
21
21
22
22
22
22
22
22
22
22
22
22
22
22
22
22
24
24
24
24
25
26
26
26
26
26
26
26
26
26
26
26
26
26
26
26
28
28
28
28
28
28
28
28
28
28
28
28
28
28
28
28
28
30
30
30
30
30
30
30
30
31
31
31
31
31
31
31
31
33
33
33
33
34
35
37
37
37
37
37
37
38
39
39
39
39
39
39
39
39
39
41
41
41
41
41
41
41
42
44
44
44
44
44
44
45
46
46
46
46
46
46
46
46
46
47
49
49
49
49
49
49
50
51
51
51
51
51
51
51
51
51
53
53
53
53
53
53
53
53
54
55
55
55
55
55
55
55
55
55
55
55
56
57
58
59
59
59
60
61
63
63
63
63
63
63
64
65
65
65
65
65
65
65
65
65
65
66
66
66
66
66
66
66
66
66
66
68
68
68
68
68
70
70
70
70
70
70
70
70
70
70
70
70
70
70
70
70
70
70
71
72
72
72
72
72
72
72
72
72
72
72
72
72
72
72
72
72
72
73
73
73
73
73
73
73
73
73
73
73
73
73
73
73
73
73
73
75
76
77
77
77
77
77
77
77
77
77
77
77
77
77
77
77
77
78
78
78
78
78
78
78
78
78
78
78
78
78
78
78
78
80
80
80
80
81
82
82
82
82
82
83
84
84
84
84
84
84
84
84
84
85
86
88
88
88
89
91
91
91
91
91
91
92
93
94
95
95
95
95
95
95
95
95
95
95
95
95
95
95
95
95
95
95
97
97
97
97
97
97
97
97
97
97
97
97
97
97
97
97
97
97
99
99
99
99
99
99
99
99
99
101
101
101
101
101
103
103
103
103
103
103
103
103
103
103
105
105
105
105
105
105
105
105
105
105
105
106
107
107
107
107
107
107
107
107
107
107
107
107
107
107
107
107
107
107
109
109
109
109
109
109
109
110
111
111
111
111
111
111
111
111
111
111
111
111
112
112
112
112
112
113
113
113
113
114
115
115
115
115
115
115
115
115
116
117
117
117
117
117
117
117
117
117
117
118
118
118
118
118
119
119
120
121
122
123
123
124
125
126
127
127
127
127
127
128
129
129
129
129
129
129
129
129
129
130
131
133
133
133
133
133
133
133
133
134
135
135
135
135
135
135
135
135
135
135
135
135
135
135
137
137
137
137
137
137
138
139
139
139
139
139
139
139
139
139
140
141
143
143
143
143
143
143
143
143
144
145
145
145
145
145
145
145
145
145
147
147
147
147
147
147
147
147
147
147
149
149
149
149
149
149
150
151
151
151
151
151
151
151
151
151
151
151
151
151
151
151
151
151
151
152
153
153
153
153
153
153
153
153
153
155
155
155
155
155
155
155
155
155
155
159
159
159
159
159
159
159
160
161
161
161
161
161
161
161
161
161
161
162
163
163
163
163
163
163
163
163
163
163
163
163
164
164
164
164
164
164
164
164
164
164
164
164
166
166
166
166
166
166
166
166
166
167
168
168
168
168
168
168
168
168
169
169
170
171
172
173
174
176
176
176
177
179
179
