6
6
6
6
6
6
6
6
6
6
6
8
8
8
8
8
8
8
8
8
8
8
8
8
8
9
9
9
9
9
9
9
9
9
9
9
9
9
9
11
11
11
12
13
13
13
13
14
14
14
14
16
16
16
16
16
16
16
16
16
17
18
18
18
18
18
18
19
19
19
19
19
19
20
22
22
22
22
22
23
24
24
24
25
27
27
27
27
27
28
29
29
29
30
32
32
33
33
33
33
33
34
35
35
35
35
35
35
35
35
37
37
37
37
37
37
37
37
37
37
37
37
37
37
37
37
37
37
37
37
37
37
38
38
38
38
38
38
38
40
40
40
40
40
40
40
41
43
43
44
44
44
44
44
45
46
46
46
46
46
46
47
47
47
47
47
48
48
48
48
48
48
48
48
49
49
49
49
49
49
49
49
50
50
50
51
53
53
54
54
54
54
54
54
54
55
56
56
56
56
56
56
57
58
58
58
59
61
61
61
61
61
61
62
63
63
63
64
66
66
66
66
66
66
66
66
66
66
66
66
67
68
68
68
69
71
71
71
71
71
71
71
71
73
73
73
73
73
73
73
73
74
75
75
75
76
78
78
78
78
78
78
78
78
79
80
80
80
81
83
83
83
84
86
86
