6
6
6
6
6
6
6
6
6
8
8
8
8
8
8
8
8
8
9
9
9
9
9
9
9
9
9
11
11
11
11
11
11
11
12
12
12
12
12
12
12
13
13
13
13
13
13
13
14
14
14
14
14
14
14
15
15
15
15
15
15
15
15
15
17
17
17
17
17
17
17
17
17
17
17
17
17
17
19
19
19
19
20
21
21
21
21
22
23
25
25
25
25
25
25
25
25
25
25
25
25
25
25
25
27
27
27
27
27
27
27
27
28
29
29
29
29
29
29
29
29
31
31
31
31
31
31
31
31
31
31
31
31
31
31
31
31
31
31
31
31
31
31
31
32
33
33
33
35
35
35
35
35
35
35
35
35
35
35
35
35
35
36
37
37
37
37
37
37
37
37
37
37
37
37
38
39
40
40
40
40
40
41
42
42
42
42
42
42
42
42
42
42
42
43
44
44
44
44
44
45
46
46
46
46
46
46
46
46
46
46
46
47
49
49
49
49
49
49
49
50
52
52
52
52
52
52
52
52
52
52
52
53
54
54
54
54
54
54
54
54
54
54
54
54
54
54
54
54
54
54
54
55
55
55
55
55
55
55
55
55
55
55
55
55
55
55
55
55
56
57
57
57
57
57
57
57
57
57
57
57
59
59
59
61
61
61
61
61
61
61
61
61
61
61
61
61
61
61
61
62
63
63
63
63
63
63
63
63
63
63
63
64
65
66
66
66
66
66
67
68
68
68
68
68
68
68
68
68
68
68
69
69
69
70
71
71
71
71
71
72
73
73
73
73
73
73
73
73
73
73
73
74
74
74
75
77
77
77
78
79
79
