6
6
6
6
6
6
6
6
6
8
8
8
8
8
8
8
8
8
8
8
8
8
8
9
9
9
9
9
9
9
9
9
9
9
9
9
9
10
10
10
10
10
10
10
10
10
10
10
10
10
10
11
11
11
11
11
11
11
11
11
11
11
11
11
11
13
13
13
13
13
13
13
14
14
14
14
14
14
14
15
15
15
15
15
15
15
15
15
16
16
16
16
16
16
16
16
16
18
18
18
18
18
18
18
18
18
19
19
19
19
19
19
19
19
19
21
21
21
22
23
23
23
23
23
23
23
23
23
23
23
23
23
23
23
26
26
26
26
26
26
26
26
26
29
29
29
29
29
29
29
29
29
31
31
31
31
31
31
31
33
33
33
33
34
35
35
35
35
36
38
38
38
38
38
38
39
40
40
40
40
40
40
40
40
40
41
41
41
41
41
41
41
41
41
42
42
42
42
42
42
42
42
42
43
45
45
45
45
45
45
45
46
47
47
47
47
47
47
47
47
47
47
47
47
47
48
50
50
50
50
50
50
50
51
52
52
52
52
52
54
54
54
54
54
54
55
56
56
56
56
56
56
56
56
56
57
59
59
59
60
62
62
62
62
62
62
62
63
64
64
64
64
64
66
66
66
66
66
66
67
68
68
68
68
68
68
68
68
68
69
71
71
71
72
74
74
74
74
74
74
74
75
76
76
76
76
77
78
78
78
78
78
78
78
78
78
79
81
81
81
81
81
81
81
81
81
81
81
81
83
83
83
83
83
83
83
83
85
85
85
85
85
86
86
86
86
86
88
88
88
88
88
90
90
90
90
90
90
90
91
92
92
92
92
92
92
92
92
92
92
93
94
94
94
94
94
94
94
95
97
97
97
97
97
97
97
99
99
99
99
99
99
99
99
99
101
101
101
101
101
101
101
101
101
103
103
103
103
103
103
104
105
105
105
105
105
105
105
105
107
107
107
107
107
107
108
109
109
109
109
109
109
109
110
111
112
113
113
113
113
113
113
113
114
116
116
116
116
116
116
116
117
119
119
119
119
121
121
121
122
124
124
124
124
124
124
125
127
127
127
127
127
127
127
127
128
128
128
128
128
128
128
129
131
131
131
132
134
134
134
134
134
134
134
134
134
134
135
136
136
136
136
136
136
136
136
136
137
139
139
139
139
139
139
139
139
140
141
141
141
142
143
144
