6
6
6
6
6
6
6
6
6
8
8
8
8
8
8
8
8
8
8
8
8
8
8
9
9
9
9
9
9
9
9
9
9
9
9
9
9
10
10
10
10
10
10
10
10
10
10
10
10
10
10
11
11
11
11
11
11
11
11
11
11
11
11
11
11
12
12
12
12
12
12
12
12
12
12
12
12
12
12
13
13
13
13
13
13
13
13
13
13
13
13
13
13
14
14
14
14
14
14
14
14
14
14
14
14
14
14
15
15
15
15
15
15
15
15
15
15
15
15
15
15
17
17
17
17
17
17
17
18
18
18
18
18
18
18
20
20
20
20
20
20
20
20
20
20
20
21
21
21
21
21
21
21
21
21
21
21
22
22
22
22
22
22
22
22
22
22
22
22
22
23
23
23
23
23
23
23
23
23
23
23
24
24
24
24
24
24
24
24
24
25
25
25
25
25
25
25
25
25
27
27
27
28
29
29
29
29
29
29
29
29
29
29
29
29
29
29
29
31
31
31
31
31
31
31
31
31
31
31
31
31
31
33
33
33
33
34
34
34
34
34
34
35
35
35
35
37
37
37
37
37
38
39
39
39
39
39
41
41
41
41
41
41
42
43
43
43
43
43
43
43
43
44
46
46
46
47
49
49
49
49
49
49
49
50
51
51
51
51
51
53
53
53
53
53
53
54
55
55
55
55
55
55
55
55
55
55
55
55
55
55
55
55
55
55
55
56
57
57
57
57
57
57
57
58
59
59
59
59
59
59
59
60
61
61
61
61
61
61
61
61
61
63
63
63
63
63
63
63
63
63
64
65
65
65
65
65
65
65
65
65
65
65
65
65
65
65
65
65
65
65
65
65
66
66
66
66
66
66
66
67
67
67
67
67
68
69
70
71
71
71
71
71
71
71
72
73
74
75
76
76
76
76
77
78
78
78
78
78
78
78
78
78
79
80
81
83
83
83
83
84
85
85
85
85
85
85
85
85
85
86
88
88
88
88
88
88
89
90
90
90
90
91
93
93
93
94
96
96
96
96
96
97
98
98
98
99
101
101
101
101
101
102
103
103
103
103
104
104
104
104
105
107
107
107
107
107
107
107
108
109
109
109
109
109
111
111
111
111
112
113
113
113
113
113
113
113
113
113
114
117
117
117
117
117
117
117
117
117
117
117
118
119
119
119
119
119
119
119
119
119
119
119
119
119
119
119
119
119
119
121
121
121
121
122
123
123
123
123
123
123
123
123
124
124
124
124
124
124
124
124
124
124
124
124
124
124
124
124
124
124
124
124
124
124
124
124
124
125
127
127
127
127
127
127
127
127
127
127
127
127
127
127
127
127
127
128
129
129
129
129
129
129
129
129
129
129
130
131
131
131
131
132
133
134
135
135
135
135
135
135
135
135
136
138
138
138
138
138
138
138
138
138
138
138
138
138
138
138
139
140
140
140
140
140
140
141
142
143
143
143
143
143
143
143
143
143
143
144
145
145
145
145
146
147
148
149
150
150
150
150
150
150
150
150
150
150
150
150
150
150
150
150
150
150
150
150
152
152
152
152
152
152
152
152
152
152
154
154
154
154
154
154
154
155
156
156
156
156
156
156
156
156
156
158
158
158
158
158
158
159
160
160
160
160
161
162
162
162
162
162
162
162
162
162
162
163
164
165
167
167
167
167
167
167
167
168
169
169
169
169
169
169
169
169
169
169
169
170
171
173
173
173
174
176
176
176
176
176
176
176
176
176
176
176
176
176
177
178
178
178
178
179
180
180
180
180
180
180
180
180
180
180
180
180
180
181
183
183
183
183
183
185
185
185
185
185
185
185
185
185
185
185
185
187
187
187
187
187
187
187
187
187
187
189
189
189
189
189
189
189
189
189
189
189
189
189
189
189
191
191
191
193
193
193
193
193
193
193
193
193
193
193
194
195
195
195
195
195
195
195
195
195
195
196
197
198
199
199
199
199
199
199
199
199
199
199
199
199
200
202
202
202
202
203
204
204
204
204
204
204
204
204
204
205
206
206
206
206
207
208
208
208
208
208
208
208
208
208
209
210
210
210
210
211
212
212
212
212
212
212
212
212
212
213
215
215
215
215
215
215
216
217
217
217
217
217
217
217
217
217
218
219
219
219
219
220
220
221
221
221
223
223
223
223
225
225
225
226
227
228
230
230
230
230
231
231
231
231
232
233
234
235
236
236
236
236
236
236
236
237
239
239
239
239
239
239
240
241
241
241
241
242
243
243
243
243
243
244
244
244
244
244
244
244
244
244
244
244
244
244
244
244
244
244
244
244
244
244
245
245
247
247
247
247
247
248
248
248
248
248
248
248
248
248
248
248
248
248
248
248
248
248
248
248
248
248
249
249
251
251
251
251
251
252
252
252
252
252
252
252
252
252
252
252
252
252
252
252
252
252
252
252
252
252
253
253
255
255
255
255
255
256
256
256
256
256
256
256
256
256
256
256
256
257
257
257
257
257
257
257
258
258
260
260
260
260
260
261
261
261
261
261
261
261
261
261
261
261
261
262
262
262
262
262
262
262
262
262
262
262
262
264
265
266
266
266
266
266
266
266
266
266
266
267
267
267
267
267
267
267
267
267
267
268
268
268
268
268
268
268
268
268
268
270
270
270
270
270
270
270
270
270
270
270
270
270
270
270
270
270
270
270
270
273
274
274
274
274
274
275
276
276
276
276
276
276
276
276
276
277
279
279
281
281
282
282
283
284
286
286
286
286
287
288
288
288
288
288
288
288
288
288
288
288
288
288
289
290
290
290
290
290
290
290
290
290
290
291
292
292
292
292
293
294
295
296
297
299
299
299
299
300
302
302
302
303
304
305
