18
18
18
18
18
18
18
18
18
20
20
20
20
20
20
20
21
21
21
21
21
21
21
28
28
28
28
28
28
32
32
32
32
32
32
32
32
41
41
41
41
41
41
41
41
41
41
41
41
41
41
41
41
41
42
42
42
42
42
42
42
42
42
42
43
43
43
43
43
43
43
44
44
44
44
44
44
44
46
46
46
46
46
46
46
46
46
46
46
46
46
47
47
47
47
47
47
47
47
47
48
48
48
48
48
48
48
49
49
49
49
49
49
49
49
49
49
49
50
50
50
50
50
50
50
51
51
51
51
51
51
51
51
51
52
52
52
52
52
52
52
53
54
55
55
55
55
55
55
55
57
57
57
57
57
57
57
58
61
61
61
61
61
61
61
61
69
69
69
69
69
69
69
69
69
69
69
69
69
69
69
70
70
70
70
70
70
70
70
70
70
70
70
71
71
71
71
71
71
72
79
79
79
79
79
79
79
79
79
80
80
80
81
82
83
