18
18
18
18
18
18
18
18
18
18
18
18
18
19
19
19
19
19
19
19
21
21
21
21
21
21
21
21
21
21
21
21
21
37
37
37
37
37
38
44
44
44
44
44
44
45
45
50
50
50
50
50
50
51
52
52
53
53
54
54
55
55
56
56
57
57
58
58
59
59
61
61
62
62
66
66
66
72
72
72
72
73
74
74
74
74
74
75
87
87
88
88
88
88
88
88
88
88
89
91
91
91
91
91
91
91
91
91
92
92
92
92
92
92
92
94
94
94
94
94
94
94
95
96
96
96
96
96
96
96
96
96
97
97
97
97
97
97
97
97
97
98
98
98
98
98
98
98
98
98
99
99
99
99
99
99
99
99
99
100
100
100
100
100
100
100
100
100
101
101
101
101
101
101
101
101
101
102
102
102
102
102
102
102
102
102
103
103
103
103
103
103
103
103
103
104
104
104
104
104
104
104
104
104
106
106
106
106
106
106
106
106
106
107
107
107
107
107
107
107
108
108
108
108
108
108
108
109
110
111
111
111
111
111
111
111
111
111
111
111
111
112
113
113
113
113
113
113
114
116
118
118
118
118
118
118
118
118
118
118
119
119
119
119
119
119
119
119
119
119
119
120
120
120
120
120
120
120
120
120
120
120
121
121
121
121
121
121
121
121
121
121
121
122
122
122
122
122
122
122
122
122
122
122
124
124
124
124
124
124
124
124
124
124
124
125
125
125
125
125
125
125
125
126
126
126
126
127
128
130
130
130
130
130
130
131
133
133
133
133
133
133
133
133
133
133
133
133
133
133
133
133
134
134
134
134
134
134
135
136
137
139
139
139
139
139
139
140
140
140
140
140
140
140
140
140
140
140
140
144
144
144
144
144
144
144
144
144
144
144
144
144
145
146
146
146
147
148
148
148
148
148
148
148
148
148
148
148
149
149
149
149
149
149
149
149
149
149
149
149
149
149
149
149
150
150
150
150
150
150
150
150
150
150
150
150
150
150
150
150
151
152
152
152
152
152
152
152
152
152
152
152
153
153
153
153
153
153
153
153
153
153
153
153
153
153
153
153
154
154
154
154
154
154
154
155
155
155
155
155
155
155
156
157
157
157
157
157
157
158
160
161
161
161
161
161
161
161
163
163
163
164
165
165
165
166
167
168
