17
17
17
17
17
17
17
17
17
19
19
19
19
19
19
19
20
20
20
20
20
20
20
21
21
21
21
21
21
21
22
22
22
22
22
22
22
23
23
23
23
23
23
23
24
24
24
24
24
24
24
25
25
25
25
25
25
25
25
25
26
26
26
26
26
26
26
26
26
27
27
27
27
27
27
27
27
27
28
28
28
28
28
28
28
28
28
29
29
29
29
29
29
29
29
29
29
29
31
31
31
31
31
31
31
31
31
32
32
32
32
32
32
32
32
32
32
32
33
33
33
33
33
33
33
33
33
33
33
34
34
34
34
34
34
34
34
34
34
34
35
35
35
35
35
35
35
35
35
35
35
35
35
36
36
36
36
36
36
36
36
36
36
36
36
36
37
37
37
37
37
37
37
37
37
37
37
37
37
38
38
38
38
38
38
38
38
38
38
38
38
38
40
40
40
40
40
40
41
42
42
42
42
42
42
43
43
43
43
43
43
44
44
44
44
44
44
44
44
45
45
45
45
45
45
45
45
47
47
47
47
47
49
49
49
49
51
51
51
51
51
51
51
52
52
52
52
52
52
52
53
53
53
53
53
53
53
55
55
55
55
55
55
55
55
55
57
57
57
57
57
58
58
58
58
58
59
59
59
59
60
60
60
60
61
61
61
61
62
62
62
62
64
64
65
65
65
65
65
65
65
65
65
65
65
65
65
65
65
65
65
65
65
67
67
67
67
67
67
67
67
67
67
67
67
67
67
67
67
67
67
67
67
67
67
67
67
67
69
69
69
69
69
69
70
72
72
72
73
74
74
74
74
74
75
77
77
77
77
77
78
79
79
79
79
79
79
81
81
81
81
81
81
81
82
82
82
82
82
82
82
83
85
85
85
85
85
86
86
86
86
87
89
89
89
89
89
89
90
91
91
91
91
91
91
93
93
93
93
93
93
93
93
93
94
94
94
94
94
94
94
94
94
94
95
95
95
95
95
95
95
95
95
96
96
96
96
96
96
96
96
96
97
97
97
97
97
97
97
99
99
99
99
99
99
99
100
100
100
100
100
100
100
101
101
101
101
101
101
101
103
103
103
103
104
109
109
110
110
110
110
110
111
112
112
114
114
114
114
114
114
114
115
115
115
115
115
115
116
118
118
118
118
118
119
119
119
119
119
119
119
119
119
119
119
119
119
119
119
119
119
119
119
119
119
119
119
119
119
119
119
119
119
119
119
119
119
120
120
120
120
120
120
120
120
120
120
120
120
120
120
120
120
120
120
120
121
122
123
123
123
123
123
123
125
125
125
125
125
125
126
126
126
126
126
126
126
127
128
128
129
129
129
129
129
129
129
132
132
132
132
132
132
132
133
134
135
137
137
137
137
137
138
139
139
140
140
140
140
140
140
140
140
140
140
140
140
140
140
140
140
140
140
141
141
141
141
141
141
141
141
141
141
141
141
141
141
142
143
143
143
143
144
144
144
144
145
145
145
146
148
148
148
148
148
148
148
148
148
148
148
148
148
148
150
150
150
150
150
150
150
151
151
151
151
152
152
152
152
153
153
153
154
156
156
156
156
156
156
156
156
156
156
156
157
157
157
157
157
157
157
158
158
158
159
161
161
161
161
161
161
161
161
161
162
162
162
162
162
162
162
162
162
162
162
162
162
162
162
162
162
162
162
162
162
163
163
163
163
163
163
163
164
164
164
164
164
164
164
165
165
165
165
165
165
165
165
165
165
165
165
165
166
167
167
168
168
168
168
168
168
168
168
169
170
171
171
171
171
171
171
171
171
171
171
171
171
171
171
171
171
171
171
171
171
171
171
172
172
172
172
172
172
172
172
172
172
173
173
173
173
173
174
175
176
176
176
176
176
176
176
176
176
176
176
176
176
176
176
176
176
176
176
176
176
176
177
177
177
177
177
177
177
178
178
178
178
178
178
178
179
179
179
179
179
179
179
179
179
179
179
179
179
180
181
181
182
182
182
182
182
182
182
182
183
184
186
186
186
186
186
186
186
186
186
187
187
187
187
187
188
190
190
190
191
192
192
193
193
193
193
194
195
197
197
197
197
198
199
199
199
199
200
200
200
200
200
200
200
200
200
200
200
200
201
201
201
201
201
201
201
201
202
202
202
202
202
202
202
202
202
202
202
202
202
202
202
202
202
203
203
203
203
203
203
203
203
203
203
203
204
205
207
207
207
207
208
209
209
209
209
209
209
209
209
210
210
210
211
213
213
213
213
214
215
215
215
215
215
215
215
215
215
215
216
218
218
218
218
218
218
218
219
220
220
221
221
221
221
221
221
221
222
222
222
222
222
222
222
222
222
222
222
222
222
222
222
222
222
223
224
224
224
224
224
224
226
227
229
229
229
229
229
229
229
230
231
231
231
231
231
232
232
233
235
235
236
236
236
236
236
236
236
237
237
237
237
237
237
237
237
237
237
237
237
237
237
237
237
237
238
239
239
239
239
239
239
241
242
244
244
244
244
244
244
244
244
245
246
246
246
246
246
247
247
248
250
250
250
250
250
250
250
250
250
250
252
252
252
252
252
252
252
252
253
253
253
253
253
253
253
254
254
254
254
254
254
255
255
255
255
255
255
255
255
256
256
256
256
256
257
257
257
257
257
257
257
257
257
257
257
258
258
258
258
258
258
258
258
258
258
258
258
258
259
261
261
261
261
261
261
261
261
261
261
261
262
262
262
262
262
262
263
265
265
265
265
265
265
265
265
265
265
265
265
265
265
265
265
265
265
265
265
265
265
265
265
266
266
266
266
266
266
266
266
266
266
266
266
267
267
267
267
267
267
268
269
271
271
271
271
271
271
271
271
271
271
271
271
271
271
271
271
271
271
272
275
275
275
275
275
275
275
275
275
275
275
275
276
276
276
276
276
276
276
277
278
278
278
278
278
278
278
278
278
278
278
278
278
278
278
278
278
278
278
278
278
278
278
278
278
278
278
278
278
278
278
278
279
279
279
279
279
279
279
279
279
280
280
280
280
280
281
281
281
281
281
282
282
282
282
282
283
283
284
284
284
284
284
285
285
285
285
285
286
286
286
286
286
286
286
287
287
287
287
287
287
287
287
288
289
289
290
290
290
290
290
290
290
290
291
292
292
293
293
294
294
294
294
294
294
294
294
294
294
294
295
295
296
297
298
300
300
300
300
300
301
302
302
302
303
303
303
303
303
303
303
303
303
303
303
303
303
303
303
304
304
304
304
304
304
304
305
305
305
305
305
305
305
305
305
305
306
306
306
306
306
306
306
306
306
306
306
306
307
307
307
307
307
308
308
308
308
308
308
308
308
308
308
308
309
309
309
309
309
309
309
309
309
309
309
309
309
310
312
312
312
312
312
312
312
313
313
313
313
313
313
313
313
313
313
314
314
314
314
314
314
314
314
314
314
314
314
315
315
315
315
315
316
316
316
316
316
316
316
316
316
316
316
317
317
317
317
317
317
317
317
317
317
317
317
317
318
320
320
320
320
320
320
320
320
320
320
320
320
320
320
320
321
321
321
321
321
321
321
321
321
321
321
321
321
321
321
323
323
323
323
323
323
323
323
323
323
323
323
323
324
324
324
324
324
324
324
324
324
324
324
324
324
325
326
328
328
328
328
328
329
330
330
330
331
331
331
331
331
331
331
331
331
331
331
331
331
331
331
332
332
332
332
332
333
334
336
336
336
336
336
337
338
338
338
338
338
338
338
338
338
339
339
340
342
342
342
342
342
342
342
342
343
343
343
343
343
343
343
343
343
343
343
343
344
344
344
344
344
344
344
344
344
345
345
345
345
345
345
345
345
345
346
346
346
346
346
346
346
346
346
346
346
346
346
346
346
346
346
346
346
346
346
346
346
346
346
346
347
347
347
347
347
347
348
348
348
348
348
348
348
348
348
348
348
349
350
351
353
353
353
353
353
353
353
353
354
355
355
355
355
355
355
355
355
355
355
355
355
355
356
356
356
356
356
356
356
356
356
356
356
356
356
357
357
357
357
357
357
357
357
357
357
357
357
357
359
359
359
359
359
359
359
359
360
360
360
360
360
360
360
360
360
360
360
360
360
360
360
360
360
360
360
360
360
360
360
360
360
360
361
361
361
361
361
361
361
361
361
361
361
362
363
363
364
364
364
364
364
364
364
365
366
368
368
368
368
368
369
370
370
370
370
370
370
371
371
371
371
371
371
371
371
371
371
371
371
371
371
371
371
371
372
372
372
372
372
372
372
373
373
373
373
373
373
373
373
373
373
373
373
373
374
375
376
377
