17
17
17
17
17
17
17
17
17
17
17
17
17
19
19
19
19
19
19
19
19
19
19
19
19
19
20
20
20
20
20
20
20
20
20
20
20
20
20
24
24
24
24
24
24
26
26
26
26
26
26
26
26
26
26
26
26
26
26
28
28
29
29
29
29
29
29
29
29
29
30
30
30
30
30
30
30
30
30
30
30
30
31
33
33
34
34
34
34
34
34
34
34
34
35
35
35
35
35
35
35
36
38
38
39
39
39
39
39
39
39
39
39
39
39
39
39
40
40
40
40
40
40
40
40
40
41
43
43
44
44
44
44
44
44
44
44
44
44
44
45
45
45
45
45
45
45
45
45
45
46
48
48
49
49
49
49
49
49
49
49
49
49
49
49
49
50
50
50
50
51
51
51
51
51
52
52
52
52
52
52
53
55
55
56
56
56
56
56
56
56
56
56
56
56
56
56
57
57
57
57
57
57
57
57
57
57
57
57
57
57
57
58
60
60
61
61
61
61
61
61
61
61
61
61
61
61
61
62
62
62
62
62
62
62
62
62
62
62
62
62
62
62
63
65
65
66
66
66
66
66
66
66
66
66
66
66
66
66
67
67
67
67
67
67
67
67
67
67
67
67
67
67
67
68
70
70
71
71
71
71
71
71
71
71
71
71
71
71
71
72
72
72
72
72
72
72
72
72
72
72
72
72
72
72
73
75
75
76
76
76
76
76
76
76
76
76
76
76
76
76
77
77
77
77
78
78
78
78
78
79
79
79
79
79
79
80
82
82
83
83
83
83
83
83
83
83
83
83
83
83
83
84
84
84
84
85
85
85
85
85
86
86
86
86
86
86
87
89
89
90
90
90
90
90
90
90
90
90
90
90
90
90
91
91
91
91
92
92
92
92
92
93
93
93
93
93
93
94
96
96
97
97
97
97
97
97
97
97
97
97
97
97
97
98
98
98
98
98
98
98
98
99
99
99
99
99
99
99
99
99
99
99
99
99
99
100
100
100
100
100
100
100
100
100
100
100
100
100
100
100
101
103
103
104
104
104
104
104
104
104
104
104
104
104
104
104
105
105
105
105
105
105
105
105
105
105
105
105
105
105
105
106
108
108
109
109
109
109
109
109
109
109
109
110
110
110
110
110
110
110
110
110
110
111
113
113
114
114
114
114
114
114
114
114
114
115
115
115
115
115
115
115
115
115
115
116
118
118
119
119
119
119
119
119
119
119
119
119
119
119
119
119
119
120
120
120
120
120
120
120
120
120
120
120
120
121
123
123
124
124
124
124
124
124
124
124
124
124
124
124
124
124
124
125
125
125
125
125
125
125
125
125
125
125
125
125
125
125
126
128
128
129
129
129
129
129
129
129
129
129
129
129
130
130
130
130
130
130
130
130
130
130
131
133
133
134
134
134
134
134
134
134
134
134
134
134
135
135
135
135
135
135
135
135
135
135
136
138
138
139
139
139
139
139
139
139
139
139
139
139
140
140
140
140
140
140
140
140
140
140
141
143
143
144
144
144
144
144
144
144
144
144
144
144
144
144
144
144
145
145
145
145
145
145
145
145
145
145
145
145
146
148
148
149
149
149
149
149
149
149
149
149
149
149
149
149
149
150
150
150
150
150
150
150
151
151
151
151
152
152
152
152
152
153
153
153
153
153
154
154
154
154
154
154
155
157
157
158
158
158
158
158
158
158
158
158
159
159
159
159
159
159
159
159
159
159
160
162
162
163
163
163
163
163
163
163
163
163
164
164
164
164
164
164
164
165
167
167
168
168
168
168
168
168
168
168
168
169
169
169
169
169
169
169
170
172
172
173
173
173
173
173
173
173
173
173
173
173
173
173
173
173
173
173
173
173
174
174
174
174
175
175
176
176
176
176
176
177
177
177
177
177
177
178
185
185
185
185
185
185
185
185
185
185
185
185
185
186
186
186
186
186
186
186
187
187
187
187
187
187
187
188
188
188
188
188
188
188
188
188
188
189
189
189
189
189
189
189
189
189
189
189
189
189
189
189
189
189
190
190
190
190
190
190
190
190
190
190
190
190
190
191
192
193
193
193
194
201
201
201
201
201
201
201
201
201
201
201
201
201
202
202
202
202
202
202
202
203
203
203
203
203
203
203
204
204
204
204
204
204
204
204
204
204
205
205
205
205
205
205
205
205
205
205
205
205
205
205
205
205
205
206
206
206
206
206
206
206
206
206
206
206
206
206
207
208
209
209
209
210
217
217
217
217
217
217
217
217
217
218
218
218
218
218
218
218
218
218
218
219
219
219
220
222
222
222
222
222
222
222
222
222
222
222
222
222
222
222
222
222
223
223
223
223
223
223
223
223
223
224
224
224
225
226
226
226
226
226
226
226
226
226
226
226
226
226
226
226
226
227
227
227
228
229
229
229
229
229
229
229
229
229
229
229
229
229
230
230
230
230
230
230
230
230
230
230
231
231
231
232
233
233
233
233
233
233
233
233
233
233
233
233
233
233
233
233
233
233
233
233
234
234
234
235
236
236
236
237
238
239
