17
17
17
17
17
17
17
17
17
19
19
19
19
19
19
19
20
20
20
20
20
20
20
22
22
22
22
22
22
22
22
22
24
24
25
26
26
26
26
26
26
27
27
27
27
27
27
28
28
28
28
28
28
30
30
31
31
31
31
31
31
31
31
32
32
32
32
32
32
32
32
32
33
33
33
33
33
33
33
33
33
34
34
34
34
34
34
34
34
35
37
37
37
37
37
39
39
39
39
40
40
40
40
40
40
40
40
41
43
43
43
43
43
44
44
44
44
44
44
44
44
45
47
47
47
47
47
47
47
47
48
48
48
48
48
48
48
48
48
49
51
51
51
51
51
51
51
51
52
52
52
52
52
52
52
52
52
53
55
55
55
55
55
56
56
56
56
56
56
56
56
57
59
59
59
59
59
60
60
60
61
63
63
63
63
63
64
64
64
65
67
67
67
67
67
67
68
79
79
79
79
80
80
80
80
82
82
82
82
83
83
83
83
83
83
83
85
85
85
85
85
85
85
86
86
86
86
86
86
86
87
89
89
89
89
89
89
90
91
91
91
91
91
91
92
94
94
94
94
94
95
95
96
96
96
96
96
96
96
96
96
97
97
97
97
97
97
97
97
97
97
98
113
113
113
113
113
113
113
114
114
114
114
114
114
114
114
114
114
114
114
114
114
114
114
114
115
127
127
127
127
127
128
128
128
128
128
128
128
133
133
133
133
134
134
134
134
135
135
135
135
136
137
138
139
