18
18
18
18
18
18
18
18
18
18
18
20
20
20
20
20
20
20
43
43
43
43
44
45
45
45
45
45
45
45
46
46
46
46
47
47
47
47
48
48
48
48
48
57
57
57
57
57
57
57
57
57
57
57
58
59
59
59
60
60
60
61
61
61
61
63
63
63
63
63
63
64
64
64
64
64
64
65
65
65
65
65
65
67
67
67
67
67
67
67
70
70
70
70
70
70
70
70
70
70
70
71
71
71
71
71
71
71
71
71
72
72
72
72
72
72
72
72
74
74
74
74
74
74
74
75
75
75
75
75
75
75
75
75
75
75
75
75
75
76
76
76
77
77
77
77
77
77
77
78
81
81
81
81
81
81
81
81
81
81
81
81
81
82
82
82
82
82
82
82
82
82
83
83
83
83
83
83
83
83
85
85
85
85
85
85
85
86
86
86
86
86
86
86
87
87
87
87
87
87
87
88
88
88
88
88
88
88
88
88
89
89
89
89
89
89
89
90
90
90
91
91
91
91
91
91
91
92
95
95
95
95
95
95
95
95
95
95
95
96
96
96
96
96
96
96
96
96
97
97
97
97
97
97
97
97
99
99
99
99
99
99
99
100
100
100
100
100
100
100
101
101
101
101
101
101
101
102
102
102
102
102
102
102
102
102
103
103
103
103
103
103
103
104
104
104
105
105
105
105
105
105
105
106
108
108
108
108
108
108
108
108
108
108
110
110
110
110
110
110
110
113
113
113
113
113
113
113
113
113
113
113
114
114
114
114
114
114
114
114
114
115
115
115
115
115
115
115
115
117
117
117
117
117
117
117
118
118
118
118
118
118
118
119
119
119
119
119
119
119
120
120
120
120
120
120
120
120
120
121
121
121
121
121
121
121
122
122
122
123
123
123
123
123
123
123
124
127
127
127
127
127
127
127
127
127
127
127
128
128
128
128
128
128
128
128
128
129
129
129
129
129
129
129
129
131
131
131
131
131
131
131
132
132
132
132
132
132
132
133
133
133
133
133
133
133
134
134
134
134
134
134
134
134
134
135
135
135
135
135
135
135
136
136
136
137
137
137
137
137
137
137
138
142
142
142
142
142
142
142
142
142
142
142
143
143
143
143
143
143
143
143
143
144
144
144
144
144
144
144
144
146
146
146
146
146
146
146
147
147
147
147
147
147
147
148
148
148
148
148
148
148
149
149
149
149
149
149
149
149
149
150
150
150
150
150
150
150
151
151
151
152
152
152
152
152
152
152
153
155
155
155
155
155
155
155
155
155
155
156
169
169
169
169
169
169
169
169
170
171
171
171
171
171
171
171
172
172
172
172
172
172
172
173
173
173
174
174
174
174
174
174
174
175
176
176
176
176
176
176
176
177
190
190
190
190
190
190
190
190
191
192
192
192
192
192
192
192
193
193
193
193
193
193
193
194
194
194
195
195
195
195
195
195
195
196
197
197
197
197
197
197
197
198
207
207
207
207
207
208
209
209
209
210
219
219
219
219
219
220
221
221
221
221
221
221
221
221
221
221
221
221
221
222
231
231
231
231
231
232
233
233
233
233
233
233
233
233
233
233
233
233
233
234
242
242
242
242
242
243
244
244
244
245
252
252
252
252
252
253
254
254
254
255
275
275
275
275
275
275
275
275
276
277
277
277
277
277
277
277
278
279
280
