19
19
19
19
19
19
19
19
19
19
19
29
29
29
29
29
29
29
30
30
30
30
30
30
30
31
31
31
31
31
31
31
32
32
32
32
32
32
32
34
34
34
34
41
41
41
41
41
41
41
41
41
41
41
41
41
41
41
41
41
41
42
42
42
42
42
42
42
42
42
43
43
43
43
43
43
43
43
43
43
44
44
44
44
44
48
48
48
48
48
48
48
49
49
49
49
49
49
49
49
49
50
50
50
51
51
51
51
51
51
51
51
51
51
52
52
52
52
53
53
53
56
56
56
56
56
56
57
58
61
61
61
61
61
61
61
62
62
62
62
62
62
62
63
63
63
63
63
63
64
64
64
64
64
64
64
64
64
65
69
69
69
69
69
70
71
71
71
71
71
71
71
71
71
71
71
71
72
72
72
72
72
72
72
72
73
74
74
74
74
74
74
74
74
74
74
77
77
77
77
77
77
77
78
78
78
78
78
78
78
79
79
79
79
79
79
79
79
79
80
85
85
85
85
85
85
85
86
86
86
86
86
86
86
86
87
87
87
87
87
87
88
88
88
88
88
88
88
88
88
88
88
88
90
90
90
90
90
90
91
91
91
91
91
91
91
91
92
92
92
92
92
92
93
94
94
94
94
95
96
100
100
100
100
100
101
101
101
101
101
101
101
101
101
101
101
101
101
101
102
103
103
103
103
104
109
109
109
109
109
109
109
109
109
110
110
110
110
110
112
112
112
112
112
112
112
112
112
112
112
112
112
112
113
113
113
113
114
114
114
114
114
114
114
114
114
114
114
115
115
115
115
115
115
115
116
116
117
118
120
120
120
120
120
120
120
121
121
121
121
122
123
123
124
124
125
125
125
125
125
125
126
129
129
129
129
129
129
129
130
130
130
130
130
130
130
130
130
130
131
131
131
132
132
132
132
132
132
132
132
133
135
135
135
135
135
135
136
136
136
136
136
136
137
140
140
140
140
140
140
140
141
141
141
141
141
141
142
142
142
142
142
142
142
142
143
143
143
143
143
143
144
145
152
152
152
152
152
152
152
152
152
152
152
152
152
152
153
153
153
153
153
153
153
153
153
154
154
154
154
154
154
154
154
154
154
154
154
154
154
154
154
154
154
154
154
155
155
155
155
155
155
155
155
155
155
156
156
156
156
156
156
156
156
156
157
157
157
157
157
157
157
157
157
158
158
158
158
158
158
158
158
158
158
158
158
158
158
158
159
160
160
160
160
160
160
160
160
161
161
161
161
161
161
162
163
164
164
164
165
172
172
172
172
172
172
172
172
172
174
174
174
174
174
176
176
176
176
176
176
176
176
176
176
176
176
176
176
176
176
176
176
176
176
177
177
177
178
181
181
181
181
181
181
181
181
181
181
181
181
181
181
181
181
181
181
181
181
181
181
181
181
181
181
181
181
182
182
182
182
184
184
184
184
184
184
184
184
184
184
184
184
184
184
184
184
184
184
184
184
185
185
185
185
185
185
185
190
190
190
190
190
190
190
191
191
191
191
191
191
191
191
192
194
194
194
194
194
194
194
194
194
194
196
196
196
196
196
196
196
196
196
196
196
196
196
197
197
198
200
200
200
200
200
200
200
200
200
200
200
209
209
209
209
209
210
210
210
210
210
210
210
210
210
210
210
210
210
210
211
211
211
211
211
211
211
212
212
212
212
212
212
212
212
213
213
213
213
213
213
214
214
214
214
214
214
214
214
214
214
214
214
215
215
215
215
215
215
215
215
215
216
216
216
217
218
221
221
221
221
221
221
221
222
222
223
227
227
227
227
227
227
227
228
228
228
228
228
228
228
228
228
228
228
228
228
228
228
228
228
228
229
229
229
229
230
230
230
230
230
230
230
230
230
230
230
230
230
230
230
230
230
230
230
230
230
230
230
231
231
231
231
231
231
231
234
234
234
234
234
234
234
235
235
235
235
235
235
235
235
236
238
238
238
238
238
238
238
238
238
238
241
241
241
241
241
241
241
241
241
241
241
241
241
242
242
243
245
245
245
245
245
245
245
245
245
245
245
247
247
247
247
247
247
247
248
248
249
253
253
253
253
253
253
253
254
254
254
254
254
254
254
254
255
255
255
256
256
256
256
256
256
256
256
257
258
258
258
258
258
258
260
260
260
260
260
260
260
260
260
260
260
260
260
260
260
262
262
262
263
263
263
263
263
263
263
263
264
264
264
264
264
264
264
264
264
264
265
265
265
265
265
265
265
267
269
269
269
269
269
269
269
270
270
270
270
270
270
270
270
271
273
273
273
273
273
273
273
273
273
273
273
273
273
273
273
273
273
273
273
274
274
274
274
274
274
275
277
277
277
277
277
277
278
278
278
278
279
279
279
279
279
280
280
280
280
280
280
280
281
281
281
281
281
281
281
281
282
282
282
282
282
282
282
282
282
282
282
282
284
284
284
284
284
284
285
285
285
285
285
285
285
285
286
286
286
286
286
286
287
287
287
290
290
290
290
290
290
290
290
290
291
291
291
291
291
291
291
291
292
292
292
292
292
292
292
292
294
294
294
294
294
294
294
294
294
295
295
295
295
296
296
296
296
296
296
297
298
298
298
298
298
298
299
301
301
301
301
301
301
302
302
302
302
302
302
304
304
304
304
304
304
305
305
305
305
305
305
308
308
308
308
308
308
309
309
309
309
309
309
310
312
312
312
312
313
315
315
315
315
315
315
316
316
316
316
318
324
324
324
324
324
324
324
324
324
325
325
325
325
325
325
325
326
326
326
326
326
326
326
326
326
326
326
326
326
326
326
326
326
326
327
327
327
327
328
328
328
328
329
329
329
329
330
330
330
330
330
330
330
330
330
330
330
330
330
330
330
333
333
333
333
333
333
333
333
333
333
333
333
333
333
333
334
334
334
334
334
334
334
335
335
335
335
335
335
335
335
336
336
336
337
337
337
337
337
337
337
337
338
341
341
341
341
342
345
345
345
346
346
346
346
346
347
347
347
347
347
347
348
348
348
348
348
348
348
349
349
349
349
349
349
349
349
349
349
349
351
351
351
352
352
352
352
352
352
352
352
355
355
355
355
355
355
355
356
356
356
356
356
356
357
357
357
358
358
358
358
358
358
359
364
364
364
364
364
364
364
364
364
364
364
364
364
364
364
364
364
364
364
365
365
365
365
365
365
365
365
366
368
368
368
368
368
368
368
368
369
369
369
369
369
369
369
369
373
373
373
373
376
376
376
376
377
377
377
377
377
377
377
377
377
377
377
380
380
380
380
380
381
382
383
392
392
392
392
392
392
392
392
392
392
392
392
392
392
393
393
393
393
393
393
393
394
394
394
395
397
397
397
397
397
397
397
397
397
397
397
397
397
397
397
400
400
400
400
400
400
400
400
400
401
401
401
401
401
401
401
401
401
401
402
402
402
402
402
402
402
403
404
406
406
406
406
406
406
406
406
406
407
407
407
408
410
410
410
410
410
410
410
410
410
411
411
411
411
411
411
412
412
412
412
414
414
414
414
414
416
416
416
416
416
416
417
417
417
417
417
419
419
419
419
419
419
419
419
419
420
420
420
420
420
420
420
420
420
421
423
423
423
423
423
423
423
423
423
423
423
423
423
423
423
423
423
423
423
423
424
424
424
424
424
424
424
424
424
425
425
425
425
425
425
425
425
425
425
425
425
425
425
426
427
429
429
429
429
429
429
429
429
429
429
429
429
429
429
429
429
429
429
429
429
430
430
430
430
430
430
432
432
432
433
442
442
442
442
442
442
442
442
442
442
442
442
442
442
443
443
443
443
443
443
443
443
443
443
443
443
443
443
444
456
456
457
457
457
457
457
457
457
457
457
457
457
458
458
458
458
458
458
458
459
459
459
460
461
461
461
461
461
461
461
461
461
461
461
462
464
465
