17
17
17
17
17
17
17
17
17
17
17
17
17
17
17
19
19
19
19
19
19
19
20
20
20
20
20
20
20
22
22
22
22
22
22
22
22
22
22
22
22
22
22
22
23
23
23
23
23
23
23
23
23
23
23
23
23
23
23
24
24
24
24
24
24
24
24
24
24
24
24
24
24
24
25
25
25
25
25
25
25
26
26
26
26
26
26
26
31
31
31
31
31
31
32
32
32
32
33
33
33
33
35
35
35
35
36
36
36
36
36
36
37
37
37
37
37
37
38
38
38
38
39
39
39
39
48
48
48
49
49
49
49
49
49
50
50
50
50
50
50
50
51
51
51
51
51
51
52
52
52
52
52
52
52
53
53
53
53
53
53
53
53
53
53
54
56
56
56
56
56
56
56
56
56
57
57
57
57
57
57
57
58
58
58
58
58
58
58
58
58
58
58
58
58
58
58
59
60
60
60
60
60
60
60
60
61
61
61
61
61
61
61
61
61
61
61
61
61
61
61
62
63
63
64
64
64
64
64
64
64
64
65
66
66
66
66
66
66
67
67
67
67
67
67
68
70
70
70
70
70
70
71
71
71
71
71
71
71
72
72
72
72
72
72
72
72
72
73
73
73
74
75
75
75
75
76
78
78
78
78
78
78
78
78
78
79
81
81
81
81
81
81
82
82
82
83
85
85
85
85
85
85
85
85
86
86
86
86
86
86
86
86
86
87
87
87
87
87
87
87
87
88
88
88
89
90
91
91
91
91
91
91
91
91
91
92
92
92
92
92
92
92
92
93
93
93
94
95
96
96
96
97
106
106
106
106
106
106
107
107
107
108
108
108
108
108
108
109
109
109
109
109
109
109
109
110
110
110
110
110
110
110
110
110
111
111
111
111
111
111
111
112
112
112
113
114
115
116
116
117
117
117
117
117
117
117
117
117
117
117
117
117
117
117
118
118
118
118
118
118
118
118
118
119
119
119
119
119
119
119
120
120
120
121
122
123
124
124
124
125
131
131
131
131
131
131
132
132
132
133
133
133
133
133
133
134
134
134
134
134
134
134
135
135
135
135
136
136
136
136
136
136
136
137
137
137
137
137
137
137
137
137
137
137
138
139
140
140
141
141
141
142
143
143
143
143
143
143
143
143
143
143
143
143
143
143
143
144
144
144
144
144
144
144
144
144
145
145
145
145
145
145
145
146
146
146
147
148
149
149
149
150
151
151
152
152
152
152
152
152
152
153
153
153
153
153
153
153
153
153
153
154
154
154
154
154
154
154
155
155
155
155
155
155
155
155
155
155
155
156
157
158
158
159
159
159
160
161
161
161
161
161
161
161
161
161
161
161
162
162
162
162
162
162
162
162
162
163
163
163
163
163
163
163
164
164
164
165
166
167
167
167
168
169
175
175
175
175
175
175
176
176
176
176
176
176
176
176
176
176
176
176
177
178
179
