17
17
17
17
17
17
17
17
17
17
17
17
17
19
19
19
19
19
19
19
21
21
21
21
21
21
21
21
21
21
21
21
21
22
22
22
22
22
22
22
22
22
22
22
22
22
22
22
23
23
23
23
23
23
23
23
23
23
23
23
23
23
23
24
24
24
24
24
24
24
24
24
24
24
24
24
24
24
29
29
29
29
29
29
30
30
30
30
30
31
31
31
31
31
31
32
32
32
32
32
32
33
33
33
33
34
34
34
34
35
35
35
35
35
43
43
43
44
44
44
44
45
45
45
45
46
46
46
46
46
47
47
47
47
47
48
48
48
48
48
48
49
49
49
49
49
49
50
52
52
53
53
53
53
53
53
54
54
54
55
57
57
58
58
58
58
58
58
59
59
59
59
59
59
59
59
60
62
62
63
63
63
63
63
63
64
64
64
64
64
64
65
65
65
65
66
68
68
69
69
69
69
69
69
69
69
69
70
70
70
70
70
70
70
70
70
71
71
71
71
72
74
74
74
74
74
74
74
74
74
75
75
75
75
75
75
75
75
76
76
76
77
78
79
79
79
80
82
82
83
83
83
83
83
83
84
84
84
84
84
84
85
85
85
85
86
86
86
86
86
86
86
87
87
87
87
87
87
87
88
89
89
90
90
90
90
90
90
91
92
92
92
92
92
92
92
92
93
93
93
93
93
93
93
93
93
93
94
94
94
94
94
94
94
96
96
96
96
97
97
97
97
97
97
97
97
97
97
97
97
98
99
101
101
101
101
101
102
102
102
102
102
102
102
102
102
103
103
103
103
103
103
103
103
105
105
105
105
105
106
106
106
106
106
106
106
106
107
107
108
110
110
110
110
110
110
110
110
110
110
111
111
111
111
111
111
111
112
112
112
112
113
113
113
113
114
114
115
115
116
116
116
116
117
118
120
120
120
120
120
120
120
120
120
120
121
121
121
121
121
121
122
122
122
122
122
122
122
122
122
122
122
122
122
123
123
123
123
123
123
123
123
123
123
123
123
123
123
123
123
124
124
124
124
124
124
124
124
125
125
125
125
125
125
125
125
125
125
126
126
126
126
127
127
127
127
128
128
129
129
130
130
130
130
131
132
132
132
132
132
132
132
132
132
132
133
133
133
133
133
133
133
133
133
133
133
134
134
134
135
136
137
137
140
140
140
140
140
140
141
142
143
143
144
144
144
144
144
144
144
144
144
144
144
144
145
145
145
145
145
145
145
145
145
145
145
145
145
145
145
145
146
146
146
146
146
146
146
146
147
147
147
147
147
147
147
147
147
147
148
148
148
148
149
149
149
149
150
150
151
151
152
152
152
152
153
154
154
154
154
154
154
154
154
154
154
154
155
155
155
155
155
155
155
155
155
155
155
156
156
156
157
158
159
159
160
160
160
160
160
160
161
161
161
161
161
161
161
161
161
161
162
162
162
162
162
162
162
162
162
162
162
163
163
163
163
163
163
163
163
164
164
164
164
164
164
164
164
164
164
165
165
165
165
165
165
165
165
165
165
165
166
166
166
167
168
169
170
171
172
173
173
173
174
175
176
