17
17
17
17
17
17
17
17
17
17
17
19
19
19
19
19
19
19
19
19
20
20
20
20
20
20
20
20
20
21
21
21
21
21
21
21
21
21
22
22
22
22
22
22
22
24
24
24
24
24
24
24
24
24
24
24
25
25
25
25
25
25
25
25
25
25
25
31
31
31
31
33
33
33
33
33
33
33
33
34
34
34
34
34
34
34
34
35
35
35
35
35
35
35
35
43
43
43
43
43
44
44
44
44
45
45
45
45
45
45
45
46
46
46
46
46
47
47
47
47
47
47
47
47
47
47
47
47
47
47
48
48
48
48
48
48
48
48
48
48
48
48
49
49
49
49
49
49
49
49
49
49
49
49
49
49
49
50
50
50
50
50
50
50
50
50
51
51
51
51
51
51
51
52
52
52
52
52
52
52
52
52
52
52
53
54
54
55
55
55
55
55
55
55
56
56
56
56
57
58
60
60
60
60
60
62
62
62
62
62
64
64
65
65
65
65
65
65
65
65
65
66
66
66
66
66
66
66
67
67
67
68
69
70
70
70
70
70
70
70
72
73
75
75
75
75
75
76
76
76
76
76
79
79
79
79
79
79
79
79
79
79
79
79
80
80
80
80
80
80
80
80
80
81
81
81
81
82
82
83
83
83
83
83
83
84
84
84
85
85
85
85
85
85
85
86
86
86
86
86
86
86
87
87
87
87
88
88
88
88
89
89
89
89
90
91
91
91
91
91
91
91
91
92
92
92
92
93
94
95
96
96
96
96
96
97
97
97
97
98
98
98
98
98
98
98
98
98
98
99
100
100
100
101
110
110
110
110
110
111
111
111
111
112
112
112
112
113
113
113
113
113
113
113
114
114
114
114
114
115
115
115
115
115
115
115
115
115
115
115
115
115
115
116
116
116
116
116
116
116
116
116
116
116
116
117
117
117
117
117
117
117
117
117
117
117
117
117
117
117
118
118
118
118
118
118
118
118
118
119
119
119
119
119
119
119
120
120
120
120
120
120
120
120
120
120
120
121
122
122
123
123
123
123
123
123
123
124
124
124
124
125
126
128
128
128
128
128
130
130
130
130
130
132
132
133
133
133
133
133
133
133
133
133
133
133
134
134
134
134
134
135
135
135
135
135
135
135
135
135
135
135
135
135
136
136
136
137
138
139
139
139
139
139
139
139
141
142
144
144
144
144
144
145
145
145
145
145
148
148
148
148
148
148
148
148
148
148
148
148
149
149
149
149
149
149
149
149
149
150
150
150
150
150
150
150
150
150
150
150
150
151
151
151
151
151
151
151
151
151
151
151
151
151
152
152
152
152
153
153
154
154
154
154
154
154
155
155
155
156
156
156
156
156
156
156
157
157
157
157
157
157
157
158
158
158
158
159
159
159
159
160
160
160
160
161
162
162
162
162
162
162
162
162
163
163
163
163
164
165
166
167
168
168
168
168
168
169
169
169
169
169
169
169
169
169
170
171
171
171
172
181
181
181
181
181
182
182
182
183
183
183
183
184
184
184
184
184
184
184
185
185
185
185
185
186
186
186
186
186
186
187
187
187
187
187
187
187
187
187
188
188
188
189
191
191
191
191
191
191
191
191
191
191
191
191
191
191
191
192
192
192
193
195
195
195
195
195
195
195
195
195
195
195
195
195
195
195
195
195
195
197
197
197
197
197
198
198
198
198
198
198
198
198
198
198
199
199
199
199
199
199
199
199
199
199
199
199
200
200
200
200
200
200
200
200
200
200
200
200
201
201
201
201
201
201
201
201
201
201
201
201
201
201
201
202
202
202
202
202
202
202
202
202
202
202
203
203
203
203
203
203
203
204
204
204
204
204
204
204
205
205
205
205
205
205
205
205
205
205
205
206
207
207
208
208
208
208
208
208
208
209
209
209
209
210
211
213
213
213
213
213
215
215
215
215
215
217
217
218
218
218
218
218
218
218
218
218
218
218
219
219
219
219
219
220
220
220
220
220
220
220
220
220
220
220
220
220
220
221
221
221
222
223
224
224
224
224
224
224
224
226
227
229
229
229
229
229
230
230
230
230
230
233
233
233
233
233
233
233
233
233
233
233
233
234
234
234
234
234
234
234
234
234
235
235
235
235
235
235
235
235
235
235
235
235
235
236
236
236
236
236
236
236
236
236
236
236
236
236
237
237
237
237
238
238
239
239
239
239
239
239
240
240
240
241
241
241
241
241
241
241
242
242
242
242
242
242
242
243
243
243
243
244
244
244
244
245
245
245
245
246
247
247
247
247
247
247
247
247
248
248
248
248
249
250
251
252
253
253
253
253
253
254
254
254
254
254
254
254
254
254
255
256
256
256
257
265
265
265
265
265
266
266
266
266
266
266
267
267
267
267
267
267
267
268
268
268
268
268
269
269
269
269
269
269
269
270
270
270
270
270
270
270
270
270
270
270
270
270
270
271
271
271
272
273
273
273
273
273
273
273
273
273
273
273
273
273
273
274
274
274
274
274
274
274
274
274
274
274
275
275
275
276
277
277
277
277
277
278
278
278
278
278
278
278
278
278
278
278
278
278
278
278
279
279
279
279
279
279
279
279
279
279
279
279
279
279
279
279
279
279
279
280
280
280
280
280
280
280
281
281
281
282
283
283
283
283
283
283
283
284
284
284
284
285
286
287
287
287
288
296
296
296
296
296
296
296
296
296
296
296
296
296
296
297
297
297
297
297
297
297
298
298
298
299
301
301
301
301
301
301
301
301
301
301
303
303
303
303
303
303
303
303
303
303
304
304
304
305
306
306
306
306
306
306
306
306
306
306
307
307
307
308
310
310
310
310
310
310
310
310
310
310
310
310
311
311
311
312
314
314
314
315
316
317
