18
18
18
18
18
18
18
18
18
20
20
20
20
20
20
20
20
20
20
20
20
20
20
22
22
22
22
22
22
22
23
23
23
23
23
23
23
24
24
24
24
24
24
24
25
25
25
25
25
25
25
26
26
26
26
26
26
26
27
27
27
27
27
27
27
37
37
37
37
37
37
44
44
44
44
44
44
49
49
49
49
49
49
49
49
49
49
58
58
58
58
58
58
58
58
58
59
59
59
59
59
59
59
60
60
60
61
70
70
70
70
70
70
70
70
70
71
71
71
71
71
71
71
72
72
72
73
80
80
80
80
80
80
81
81
81
82
83
86
86
86
86
86
86
86
86
89
89
89
89
89
89
89
89
89
89
89
89
89
89
89
92
92
92
92
92
92
92
92
92
92
92
92
92
92
92
97
97
97
97
97
99
106
106
106
106
106
106
106
106
106
107
107
107
107
107
107
107
108
108
108
108
108
108
108
109
110
117
117
117
117
117
117
117
117
117
118
118
118
118
118
118
118
119
119
119
119
119
119
119
120
121
128
128
128
128
128
128
128
128
128
129
129
129
130
137
137
137
137
137
137
137
137
138
138
138
138
138
138
138
138
138
138
139
148
148
149
149
149
149
149
149
149
149
149
150
150
150
150
150
150
150
150
150
150
150
151
160
160
161
161
161
161
161
161
161
161
161
162
162
163
163
163
163
163
163
164
164
164
164
164
164
164
164
165
165
165
165
165
165
165
165
165
165
165
165
165
165
165
165
165
165
165
166
166
166
167
168
180
180
180
180
180
180
180
180
180
181
181
181
181
181
181
181
181
181
183
183
183
183
183
183
183
183
183
184
184
184
184
184
184
184
184
184
184
185
185
185
185
185
185
185
185
185
185
185
185
185
186
186
186
186
186
186
186
186
186
186
186
188
188
188
188
188
188
188
188
188
188
188
188
188
188
188
188
188
188
188
189
189
189
189
189
189
189
189
189
189
189
189
189
191
191
191
191
191
191
191
191
191
191
191
191
191
191
192
193
194
196
196
196
197
209
209
209
209
209
209
209
209
209
210
210
210
210
210
210
210
210
210
212
212
212
212
212
212
212
212
212
213
213
213
213
213
213
213
213
213
213
213
213
213
213
213
213
213
213
213
213
213
213
213
213
213
214
214
214
214
214
214
214
214
214
214
214
214
214
215
215
215
215
215
215
215
215
215
215
215
217
217
217
217
217
217
217
217
217
217
217
217
217
217
217
217
217
217
217
218
218
218
218
218
218
218
218
218
218
218
218
218
220
220
220
220
220
220
220
220
220
220
220
220
220
220
221
222
223
225
225
225
226
233
233
233
233
233
233
233
233
234
234
234
234
234
234
234
234
234
234
235
243
243
243
243
243
243
243
243
243
244
244
244
244
244
244
244
244
244
244
244
245
254
254
254
254
254
254
254
254
254
254
254
254
254
255
255
255
255
255
255
255
255
255
255
255
255
255
256
265
265
265
265
265
265
265
265
265
266
266
266
266
266
266
266
267
267
267
268
269
269
269
269
269
269
269
269
269
269
269
270
270
270
270
270
270
270
270
270
270
270
270
271
281
281
281
281
281
281
281
281
281
281
281
281
281
282
282
282
282
282
282
282
282
282
283
283
283
283
283
283
283
283
283
284
292
292
292
292
292
292
292
292
292
293
293
293
293
293
293
293
293
293
294
303
303
303
303
303
303
303
303
303
303
303
303
303
304
304
304
304
304
304
304
304
304
304
304
305
313
313
313
313
313
313
313
313
313
313
313
314
314
314
314
314
314
314
314
314
314
314
315
324
324
324
324
324
324
324
324
324
324
324
325
325
325
325
325
325
325
325
325
325
325
325
325
325
327
327
327
327
327
327
327
327
327
328
328
328
328
328
328
328
328
328
328
329
329
329
329
329
329
329
329
329
329
329
330
331
333
333
333
333
333
333
333
333
333
333
333
333
333
333
333
333
334
342
342
342
342
342
342
342
342
342
342
342
343
343
343
343
343
343
343
343
343
344
355
355
355
355
355
355
355
355
355
355
355
356
356
356
356
356
356
356
356
356
356
356
357
368
368
368
368
368
368
368
368
368
368
368
369
369
369
369
369
369
369
370
370
370
371
372
372
372
372
372
372
372
372
372
373
373
373
373
373
373
373
374
374
374
375
376
376
376
376
376
376
376
376
376
376
376
376
376
376
377
388
388
388
388
388
388
388
388
388
388
388
389
389
389
389
389
389
389
389
389
390
416
416
416
416
416
416
416
416
416
417
417
417
417
417
417
417
417
417
417
417
418
427
427
427
427
427
427
427
427
427
428
428
428
428
428
428
428
428
429
437
437
437
437
437
437
437
437
437
438
438
438
438
438
438
438
438
438
439
446
446
446
446
446
446
446
446
446
447
447
447
447
447
447
447
448
456
456
456
456
456
456
456
456
456
457
457
457
457
457
457
457
457
457
457
457
458
458
458
458
458
458
458
459
459
459
459
459
459
459
459
459
460
460
460
460
460
460
460
460
460
460
460
460
460
460
460
460
460
460
460
460
460
460
460
460
460
461
461
461
462
463
464
465
465
465
466
467
468
