17
17
17
17
17
17
17
17
17
19
19
19
19
19
19
19
20
20
20
20
20
20
20
21
21
21
21
21
21
21
27
27
27
27
27
27
28
28
28
28
28
28
28
28
28
29
29
29
29
30
30
30
30
31
31
31
31
37
37
37
37
37
37
37
37
38
38
38
38
38
38
38
38
38
38
39
39
39
39
40
41
47
47
47
47
47
47
47
47
48
48
48
48
48
48
48
48
48
48
48
48
48
48
49
49
49
49
50
51
57
57
57
57
57
57
57
57
58
58
58
58
58
58
58
58
58
58
59
59
59
59
60
61
63
63
63
63
63
63
63
64
64
64
64
64
64
64
65
65
65
65
65
65
65
65
65
66
67
67
67
68
70
70
70
70
70
70
70
71
71
71
71
71
71
71
72
72
72
72
72
72
72
73
73
73
73
73
73
73
73
73
73
73
73
73
73
73
73
73
73
73
74
74
74
74
74
74
74
74
74
74
74
74
74
75
75
75
75
75
75
75
75
75
75
75
76
77
77
77
77
77
77
77
77
77
78
79
79
79
80
82
82
82
82
82
82
82
83
83
83
83
83
83
83
84
84
84
84
84
84
84
85
85
85
85
85
85
85
85
85
85
85
85
85
85
85
85
85
85
85
86
86
86
86
86
86
86
86
86
86
86
86
86
87
87
87
87
87
87
87
87
87
87
87
88
89
89
89
89
89
89
89
89
89
90
91
91
91
92
94
94
94
94
94
94
95
95
95
95
95
95
95
96
101
101
101
101
101
101
101
102
102
102
102
103
103
103
103
104
104
104
104
105
107
108
