17
17
17
17
17
17
17
17
17
17
17
17
17
19
19
19
19
19
19
19
20
20
20
20
20
20
20
21
21
21
21
21
21
21
23
23
23
23
23
23
23
23
23
23
23
24
24
24
24
24
24
24
24
24
24
24
24
24
25
25
25
25
25
25
25
25
25
25
25
25
25
26
26
26
26
26
26
26
26
26
26
26
26
26
27
27
27
27
27
27
27
27
27
27
27
27
27
28
28
28
28
28
28
28
28
28
28
28
28
28
28
28
29
29
29
29
29
29
29
29
29
29
29
29
29
29
29
30
30
30
30
30
30
30
30
30
30
30
30
30
30
30
31
31
31
31
31
31
31
31
31
31
31
31
31
31
31
32
32
32
32
32
32
32
32
32
32
32
32
32
32
32
33
33
33
33
33
33
33
33
33
33
33
33
33
33
33
34
34
34
34
34
34
34
34
34
34
34
34
34
34
34
35
35
35
35
35
35
35
35
35
35
35
35
35
35
35
35
35
36
36
36
36
36
36
36
36
36
36
36
36
36
36
36
36
36
37
37
37
37
37
37
37
37
37
37
37
37
37
37
37
37
37
38
38
38
38
38
38
38
38
38
38
38
38
38
38
38
38
38
39
39
39
39
39
39
39
39
39
39
39
39
39
39
39
39
39
48
48
48
48
56
56
56
56
56
56
56
56
56
56
56
56
56
56
57
57
57
57
57
57
57
57
75
75
75
75
75
76
76
76
76
76
76
76
76
76
76
76
76
78
78
78
78
78
78
78
78
78
78
78
78
78
78
80
80
80
81
97
97
97
97
97
98
98
98
98
98
98
99
99
99
99
99
99
99
99
99
99
99
102
102
102
103
103
103
103
103
103
103
103
103
103
103
103
103
103
103
103
105
105
105
106
120
120
120
120
120
121
121
121
121
121
121
122
122
122
122
122
122
122
122
122
123
123
123
123
123
123
123
124
124
124
125
127
127
127
127
127
127
127
127
127
129
129
129
130
133
133
133
133
133
133
133
135
135
135
135
135
135
135
135
136
136
136
136
136
136
136
136
136
136
136
149
149
149
149
149
149
149
150
150
150
150
150
150
150
150
150
150
150
150
150
151
151
151
152
152
153
153
153
153
153
154
154
155
155
155
156
157
157
157
158
158
159
159
159
159
159
160
160
161
161
161
162
163
163
163
163
163
163
163
163
163
163
163
163
163
164
164
164
165
165
166
166
167
167
168
168
168
169
170
170
170
171
171
172
172
173
173
174
174
174
175
191
191
191
191
191
192
192
192
192
192
192
193
193
193
193
193
193
193
193
193
194
194
194
194
194
194
194
194
195
195
195
196
196
196
196
196
196
196
198
198
198
198
198
198
198
199
199
199
200
201
201
201
201
201
201
201
201
201
201
203
203
203
204
204
205
205
206
206
207
207
207
208
209
209
209
209
209
209
209
209
209
209
209
211
211
211
212
213
213
213
213
213
213
213
213
213
217
217
217
217
217
218
218
218
218
218
218
218
218
218
218
218
219
219
219
219
219
220
220
220
220
220
220
220
220
220
221
221
221
221
221
221
221
221
221
221
221
221
221
221
221
222
222
222
222
222
222
222
223
223
223
224
224
224
224
224
224
224
224
224
224
224
224
224
225
225
225
225
225
225
225
225
226
226
226
226
226
226
226
227
227
227
228
229
229
229
229
229
229
229
229
230
230
230
230
231
231
231
231
231
231
231
231
231
231
231
232
233
234
234
234
234
234
234
234
235
235
235
236
238
238
238
238
238
238
238
238
238
238
238
238
239
241
241
241
241
241
241
241
241
241
241
241
241
241
241
242
257
257
257
257
257
258
258
258
258
258
258
259
259
259
259
259
259
259
259
259
260
260
260
260
260
260
260
260
262
262
262
262
262
262
262
262
262
262
262
262
262
263
263
263
263
263
263
263
263
263
263
263
263
263
263
264
266
266
266
266
266
267
267
267
267
267
268
268
268
268
268
268
268
268
268
268
268
268
269
269
269
269
269
269
269
270
270
270
270
270
270
270
270
270
270
270
270
270
270
270
270
270
270
271
271
271
271
271
271
271
271
271
272
272
272
272
272
272
272
272
272
272
272
274
274
274
275
276
276
276
276
276
277
277
277
277
277
277
277
277
277
277
277
278
278
278
278
278
278
278
278
279
279
279
279
279
279
279
280
280
280
281
282
282
282
282
282
282
282
283
283
283
283
284
284
284
284
284
284
284
284
284
284
284
285
286
287
288
288
288
288
288
288
289
289
289
289
289
289
289
289
289
289
289
289
290
302
302
302
302
302
303
303
303
303
303
303
304
304
304
304
304
304
304
304
304
305
305
305
305
305
305
305
305
306
306
306
306
306
306
306
306
306
306
306
308
308
308
309
309
309
309
309
309
309
310
310
310
310
310
310
310
310
310
310
312
312
312
313
313
314
314
315
315
316
316
316
317
320
320
320
321
321
322
322
323
323
324
324
325
325
326
326
326
327
335
335
335
335
335
336
336
336
336
336
336
336
337
337
337
337
337
337
337
337
337
338
338
338
338
338
338
338
338
338
338
338
338
338
338
338
339
339
339
339
339
339
339
339
339
339
339
339
339
339
339
339
339
339
340
340
340
340
340
340
340
340
340
340
340
340
340
340
341
341
341
341
341
341
341
342
343
343
343
343
343
343
343
343
343
343
344
344
344
344
344
344
344
344
344
345
345
345
345
345
345
345
345
345
346
346
346
346
346
346
346
347
347
347
347
347
347
347
347
347
347
347
348
348
348
349
351
351
351
352
353
353
353
354
366
366
366
366
366
367
367
367
367
367
367
368
368
368
368
368
368
368
368
368
369
369
369
369
369
369
369
369
370
370
370
370
370
370
370
370
370
370
370
372
372
372
372
372
372
372
372
372
373
373
373
373
373
373
373
373
373
374
374
374
375
375
376
376
377
377
378
378
379
379
380
380
380
381
383
383
383
383
383
383
383
383
390
390
390
390
390
390
390
390
390
391
391
391
391
391
391
391
391
391
391
391
391
392
392
392
392
392
393
393
393
393
393
393
393
394
394
394
394
394
394
394
395
395
395
395
395
395
395
395
395
395
396
396
396
396
396
396
396
396
396
396
396
396
396
396
396
396
396
396
397
397
397
397
397
397
397
397
397
398
398
398
398
398
398
398
398
398
398
399
399
399
399
400
400
401
402
403
404
404
405
405
405
405
405
405
405
405
405
405
406
406
406
406
406
406
406
406
406
406
406
406
407
407
407
407
407
407
407
407
408
409
410
411
411
411
411
411
411
411
412
412
412
412
412
412
412
412
412
412
412
412
412
412
413
414
415
415
416
416
416
416
416
416
416
416
416
416
416
416
417
417
417
417
417
417
417
418
418
418
418
418
418
418
418
419
419
419
419
419
419
419
419
419
419
419
419
419
419
419
419
419
419
420
420
420
420
420
420
420
420
420
420
420
421
422
422
422
423
423
424
424
425
425
426
426
427
427
428
428
429
429
429
430
430
430
430
430
430
430
431
431
431
432
433
434
435
435
435
435
435
435
435
435
435
435
435
435
436
449
449
449
449
449
450
450
450
450
450
450
451
451
451
451
451
451
451
451
452
452
452
452
452
452
452
452
452
453
453
453
453
453
453
453
453
453
454
454
454
454
454
454
454
454
454
454
454
454
454
454
455
457
457
457
457
457
457
457
457
458
458
458
458
458
458
458
459
459
459
460
460
461
461
462
462
463
463
464
464
465
465
465
466
468
468
468
469
469
470
470
471
471
472
472
473
473
474
474
474
475
487
487
487
487
487
488
488
488
488
488
488
489
489
489
489
489
489
489
489
490
490
490
490
490
490
490
490
490
491
491
491
491
491
491
491
491
492
492
492
492
492
492
492
492
492
492
493
493
493
493
493
493
493
493
494
494
494
494
494
494
494
495
495
495
496
496
496
496
496
496
496
496
496
496
496
497
497
497
497
497
497
497
498
498
498
498
498
498
498
498
498
499
499
499
500
500
501
501
502
502
503
503
504
504
505
505
505
505
505
506
507
508
508
508
508
508
508
508
508
508
508
515
515
515
515
515
516
516
516
516
516
517
517
517
517
517
517
517
517
517
517
517
518
518
518
518
518
518
518
518
518
519
519
519
519
519
519
519
519
519
519
519
519
519
519
519
520
520
520
520
520
520
520
521
521
521
521
521
521
521
521
522
522
522
523
523
523
523
523
523
523
524
524
524
524
524
524
524
524
525
525
526
526
527
527
528
528
529
529
530
530
531
531
532
532
532
533
534
534
534
534
534
534
534
534
534
534
534
535
535
536
536
537
537
538
538
539
539
540
540
541
541
542
542
542
542
542
543
544
544
545
545
545
545
546
547
547
547
547
547
547
547
548
548
548
548
548
548
548
548
549
549
549
549
549
549
549
550
550
550
551
552
552
552
552
552
552
552
553
553
553
553
553
553
553
553
553
553
553
554
554
554
554
555
556
557
558
558
558
558
558
558
558
559
559
559
560
561
562
562
566
566
566
567
567
568
568
569
569
569
569
569
569
569
570
570
571
571
572
572
573
573
573
574
574
574
574
574
574
574
575
575
575
576
577
579
579
579
580
580
581
581
582
582
583
583
584
584
585
585
585
586
599
599
599
599
599
600
600
600
600
600
600
601
601
601
601
601
601
601
601
602
602
602
602
602
602
602
602
602
603
603
603
603
603
603
603
603
603
603
603
604
604
604
605
610
610
610
610
610
610
610
610
610
611
611
611
611
611
611
611
611
611
611
611
611
611
612
612
612
612
612
612
612
612
612
612
612
612
612
612
613
615
615
615
615
615
615
615
615
616
616
616
616
616
616
616
617
617
617
617
617
617
617
617
617
617
618
618
618
618
618
618
618
618
619
619
619
619
619
619
619
619
619
619
619
619
619
619
619
619
619
619
619
620
620
620
620
620
620
620
620
620
620
620
620
620
621
621
621
621
621
621
621
621
621
621
622
622
622
622
622
622
622
623
624
625
625
625
625
625
625
625
625
625
625
625
626
626
626
627
628
628
628
629
629
630
630
631
631
632
632
633
633
634
634
634
634
634
635
636
636
640
640
640
640
640
640
640
640
640
640
641
641
641
641
641
641
641
641
641
641
641
641
641
641
641
642
642
642
643
644
644
644
644
644
644
644
644
644
644
644
644
644
645
645
645
646
646
647
647
648
648
649
649
650
650
651
651
651
651
651
652
653
666
666
666
666
666
667
667
667
667
667
667
668
668
668
668
668
668
668
668
669
669
669
669
669
669
669
669
669
670
670
670
670
670
670
670
670
671
671
671
671
671
671
671
671
671
671
672
672
672
672
672
673
673
673
673
673
673
673
673
673
673
674
674
674
674
674
674
674
674
674
674
674
675
675
675
675
675
675
675
676
676
676
677
677
678
678
679
679
680
680
681
681
682
682
682
682
682
683
684
684
684
685
685
686
686
687
687
688
688
689
689
690
690
690
691
700
700
700
700
700
701
701
701
702
702
702
702
703
703
703
703
703
703
703
703
703
703
704
704
704
704
704
704
704
705
705
705
705
705
705
705
705
705
705
705
705
705
706
707
707
707
707
707
707
707
708
708
708
708
708
708
708
708
708
708
708
708
708
709
710
710
710
710
710
710
710
711
711
711
711
711
711
711
711
711
712
714
714
714
714
714
714
714
715
715
715
715
715
715
716
716
716
716
716
716
716
716
716
716
716
716
716
716
716
716
716
717
718
718
718
718
718
718
718
718
718
718
718
718
718
719
728
728
728
728
728
728
728
728
729
729
729
729
730
730
730
731
731
731
731
731
731
731
731
731
731
731
732
732
732
732
732
732
732
732
732
732
732
732
732
733
742
742
742
742
742
742
742
742
742
743
743
743
743
743
744
744
744
744
744
744
744
744
744
744
744
744
744
744
745
745
745
746
746
746
746
746
746
746
746
747
748
748
748
749
758
758
758
758
758
759
759
759
760
760
760
760
761
761
761
761
761
761
761
761
761
761
762
762
762
762
763
763
763
763
763
763
763
764
764
764
764
764
764
764
764
764
764
764
764
764
764
764
764
765
774
774
774
774
774
775
775
775
776
776
776
776
777
777
777
777
777
777
778
778
778
778
778
779
779
779
779
779
779
779
780
780
780
780
781
781
781
781
781
781
781
781
781
781
781
782
790
790
790
790
790
790
790
790
790
791
791
791
791
791
791
791
791
791
791
791
791
791
792
804
804
804
804
804
805
805
805
805
805
805
805
805
805
805
805
806
806
806
806
807
807
807
807
807
807
807
807
807
808
808
808
809
811
811
811
811
811
811
811
813
813
813
813
813
813
813
813
815
815
815
815
815
815
815
815
815
816
816
816
816
816
816
816
816
816
816
816
816
816
816
816
817
817
817
817
817
817
817
817
817
818
818
818
818
818
818
818
818
818
818
818
818
818
818
818
818
818
818
819
819
819
819
819
819
819
819
819
819
819
820
820
820
820
820
820
820
820
820
820
820
821
821
821
821
822
825
825
825
825
825
825
825
825
825
825
825
826
826
826
827
827
828
828
829
829
830
830
831
831
832
832
832
833
845
845
845
845
845
846
846
846
846
846
846
847
847
847
847
847
847
847
847
848
848
848
848
848
848
848
848
848
849
849
849
849
849
849
849
849
849
849
849
849
849
849
849
849
849
850
850
850
850
850
850
850
850
851
851
851
851
851
851
851
852
852
852
852
852
852
852
852
852
852
853
853
853
853
853
853
853
854
854
854
854
854
854
854
854
854
855
855
855
855
855
855
855
856
856
856
856
857
858
858
859
859
859
859
859
859
859
859
859
859
860
860
860
860
860
860
860
861
861
861
861
861
861
861
862
863
863
864
864
864
864
864
864
864
864
864
864
865
866
867
869
869
869
870
870
870
870
870
870
870
870
870
870
870
871
880
880
880
880
880
881
881
881
882
882
882
883
883
883
883
884
884
884
884
884
884
884
884
884
884
884
884
884
885
885
885
885
885
885
885
885
885
886
886
886
886
886
886
886
886
886
886
886
886
886
886
887
887
887
887
887
887
887
887
887
888
888
888
888
888
888
888
889
889
889
889
889
889
889
889
890
890
890
890
890
890
891
891
891
891
891
891
891
891
891
891
892
893
893
893
893
893
893
893
893
893
893
893
893
894
896
896
896
896
896
896
896
896
896
896
896
896
896
896
897
897
897
897
898
899
899
899
899
899
899
899
899
900
901
901
901
901
901
902
902
902
902
902
902
902
902
902
902
902
902
902
902
902
902
903
910
910
910
910
910
910
910
910
910
911
911
911
911
911
911
911
911
912
912
912
912
912
912
912
912
912
912
912
913
913
913
913
913
913
913
913
913
913
913
913
914
915
916
