18
18
18
18
18
18
18
18
18
18
18
18
18
20
20
20
20
20
20
20
22
22
22
22
22
22
22
22
22
22
22
22
22
23
23
23
23
23
23
23
23
23
23
23
23
23
35
35
35
35
35
35
40
40
40
40
40
40
40
40
45
45
45
45
45
45
45
45
51
51
51
51
51
51
51
52
52
53
53
53
53
54
54
55
55
55
65
65
65
65
65
66
66
66
66
66
67
81
81
81
81
81
81
81
81
82
82
82
82
82
83
83
83
83
83
84
92
92
93
93
93
93
93
93
94
94
94
94
94
94
94
94
95
95
95
95
95
96
125
125
126
126
126
126
126
126
126
126
126
128
128
128
128
128
128
128
128
128
129
129
129
129
129
129
129
129
130
130
130
130
130
130
130
130
130
131
131
131
131
131
131
131
131
131
132
132
132
132
132
132
132
132
132
133
133
133
133
133
133
133
133
133
134
134
134
134
134
134
134
134
134
135
135
135
135
135
135
135
135
135
137
137
138
138
138
138
138
138
138
138
138
138
138
138
139
139
139
139
139
139
139
139
141
144
144
144
144
144
144
144
144
144
144
144
144
144
144
145
145
145
145
145
145
145
145
145
146
146
147
148
148
148
148
148
148
148
148
148
149
151
151
151
151
151
151
151
154
154
154
154
154
154
154
154
154
154
154
157
157
157
157
157
157
157
157
157
157
157
157
157
157
157
157
161
161
161
161
161
161
161
161
161
161
161
161
161
162
162
162
162
162
162
162
162
162
162
162
162
163
163
163
164
165
165
165
165
165
165
165
165
165
165
165
165
165
166
166
166
166
166
166
166
166
166
166
166
166
167
167
167
168
170
170
170
171
172
172
172
174
176
177
