18
18
18
18
18
18
18
18
18
18
18
33
33
33
33
34
41
41
41
41
41
41
41
41
44
44
44
44
44
44
44
44
47
47
47
47
47
47
47
47
52
52
52
52
52
52
52
52
54
54
54
54
55
55
55
55
56
56
56
56
57
57
57
57
58
58
58
58
60
60
61
61
61
61
61
61
62
62
62
62
62
62
63
71
71
71
71
71
72
73
73
73
74
76
76
77
77
77
77
77
77
78
78
78
78
78
78
79
86
86
86
86
86
87
88
88
88
89
91
91
92
92
92
92
92
92
93
93
93
93
93
93
94
101
101
101
101
101
102
103
103
103
104
111
111
111
111
111
112
113
113
113
114
122
122
122
122
122
123
124
124
124
125
127
127
127
127
127
127
127
128
129
129
129
129
130
132
132
132
132
132
132
132
133
134
134
134
134
135
157
157
157
157
157
157
157
158
159
159
159
159
160
162
162
162
162
162
162
162
163
164
164
164
164
164
164
165
167
167
167
167
167
167
167
168
169
169
169
169
170
171
172
