19
19
19
19
19
19
19
19
19
19
19
21
21
21
21
21
21
21
22
22
22
22
22
22
22
23
23
23
23
23
23
23
24
24
24
24
24
24
24
25
25
25
25
25
25
25
26
26
26
26
26
26
26
27
27
27
27
27
27
27
28
28
28
28
28
28
28
29
29
29
29
29
29
29
30
30
30
30
30
30
30
30
30
31
31
31
31
31
31
31
31
31
32
32
32
32
32
32
32
33
33
33
33
33
33
33
35
35
35
35
35
35
35
35
35
36
36
36
36
36
36
36
36
36
38
38
38
38
38
38
38
38
38
38
38
38
38
67
67
67
67
67
69
69
69
69
69
71
71
71
71
71
71
71
72
72
72
72
72
73
73
73
73
73
75
75
75
75
75
75
75
75
75
75
75
75
75
75
75
75
75
76
76
76
76
76
76
77
77
77
77
77
77
77
77
77
77
77
77
77
77
77
77
77
77
77
77
77
77
78
78
78
78
78
78
78
78
78
78
78
78
78
78
78
79
79
79
79
79
79
79
79
79
79
79
79
79
79
80
80
80
80
80
80
80
80
80
80
80
80
80
80
80
80
80
81
81
81
81
81
81
82
84
84
84
84
84
84
85
85
85
85
85
86
88
88
88
88
88
88
88
88
89
89
89
89
89
90
92
92
92
92
92
92
93
93
93
93
93
94
95
97
97
97
97
97
97
97
99
99
99
99
99
101
101
101
101
101
101
101
102
102
102
102
102
102
103
106
106
107
107
107
107
107
107
107
107
107
107
107
107
107
107
107
107
107
107
107
107
107
108
108
108
108
108
108
108
109
111
111
112
112
112
112
112
112
112
112
112
112
112
112
112
112
112
112
112
112
112
113
113
113
114
117
117
118
118
118
118
118
118
118
118
118
118
118
119
119
119
119
119
119
119
120
122
122
123
123
123
123
123
123
123
123
123
123
123
123
123
123
123
123
123
124
124
124
124
124
124
124
124
124
124
124
124
124
125
128
128
129
129
129
129
129
129
129
129
129
130
130
130
130
130
130
130
131
133
133
134
134
134
134
134
134
134
134
134
134
134
134
134
134
134
134
134
135
135
135
136
138
140
140
140
140
140
140
140
140
140
140
140
140
152
152
152
152
152
152
152
152
152
152
152
152
152
152
152
152
152
152
153
153
153
153
153
153
153
153
153
153
153
153
153
153
154
167
167
167
167
167
167
167
167
167
167
167
167
167
167
167
167
167
168
168
168
168
168
169
169
169
169
169
169
169
169
169
169
169
169
169
169
170
181
181
181
181
181
181
181
181
181
181
181
181
181
181
181
181
181
181
181
181
182
182
182
182
182
182
182
182
182
182
182
182
182
182
182
182
182
182
182
182
182
182
182
183
183
183
183
183
183
183
184
198
198
198
198
198
198
198
198
198
198
198
198
198
198
198
198
198
198
198
198
198
199
199
199
199
199
199
199
199
199
200
200
200
200
200
200
200
200
200
200
200
200
200
201
201
201
201
201
201
201
201
201
201
202
204
204
204
204
204
204
204
204
204
204
204
204
205
205
205
205
205
205
205
205
205
205
205
205
205
206
206
206
206
206
206
206
206
206
207
207
207
207
207
207
207
207
207
207
208
208
208
208
208
208
208
208
208
208
209
209
209
210
211
212
212
212
212
212
212
212
213
215
215
215
215
215
215
215
215
215
215
215
215
215
215
215
215
215
216
216
216
216
216
216
216
217
217
217
217
217
217
217
217
217
217
217
218
218
218
218
218
219
219
220
220
220
220
220
220
220
220
221
221
221
221
221
221
221
221
221
221
221
221
221
222
222
222
223
223
223
223
223
223
223
224
225
225
225
226
228
228
228
228
228
230
232
233
