18
18
18
18
18
18
18
18
18
18
18
18
18
20
20
20
20
20
20
20
21
21
21
21
21
21
21
21
21
23
23
23
23
23
23
23
23
23
23
23
23
23
24
24
24
24
24
24
24
24
24
24
24
24
24
25
25
25
25
25
25
25
25
25
25
25
25
25
32
32
32
32
32
32
34
34
34
34
34
34
34
34
36
36
36
36
36
36
36
36
41
41
41
41
41
41
41
42
42
43
43
43
45
45
45
45
45
53
53
53
53
53
54
54
54
54
54
55
65
65
65
65
65
65
65
65
66
66
66
66
66
66
66
66
66
67
67
67
67
67
68
68
68
68
68
68
68
68
68
68
68
68
68
68
68
68
69
69
69
69
69
69
69
70
70
70
70
70
70
70
70
70
71
71
71
71
71
71
71
71
71
71
71
71
71
71
72
79
79
80
80
80
80
80
80
81
81
81
81
81
81
81
81
81
81
81
81
81
82
92
92
93
93
93
93
93
93
93
93
93
94
94
94
94
94
94
94
94
94
95
95
95
95
95
95
95
97
97
97
97
97
97
97
97
98
98
98
98
98
98
98
98
98
98
98
98
98
98
98
98
99
99
99
99
99
99
99
99
99
100
100
100
100
100
100
100
100
100
101
101
101
101
101
101
101
101
101
102
102
103
103
103
103
103
103
103
103
103
103
103
103
104
104
104
104
104
104
104
104
106
106
107
107
107
107
107
107
107
107
107
107
107
107
108
108
108
108
108
108
108
108
110
111
113
113
113
113
113
113
113
113
113
113
113
113
113
113
113
113
113
113
113
113
113
114
114
114
115
116
116
116
116
116
116
116
118
118
118
118
118
118
118
118
118
118
119
119
119
119
119
119
119
119
119
120
120
120
120
120
120
120
121
121
121
122
122
122
122
122
122
122
122
122
123
123
123
123
123
123
123
124
124
124
124
124
124
124
124
124
124
124
124
125
126
127
127
127
128
129
129
129
130
132
133
