18
18
18
18
18
18
18
18
18
18
18
44
44
44
44
45
45
45
45
45
45
45
46
46
46
46
46
47
47
47
47
47
48
48
48
48
57
57
57
57
57
57
57
57
57
57
57
57
58
58
58
58
58
58
59
59
59
59
59
59
60
60
60
60
60
60
60
60
60
61
61
61
61
61
61
61
61
61
62
62
62
62
62
62
63
77
77
77
77
77
77
77
77
77
77
77
77
77
78
78
78
78
78
78
78
79
79
79
79
79
79
79
80
80
80
80
80
80
80
81
81
81
81
81
81
81
82
90
90
90
90
90
90
90
90
90
91
91
91
91
91
91
91
91
92
92
92
92
92
92
92
93
94
94
94
94
94
94
94
95
103
103
103
103
103
103
104
104
104
105
113
113
113
113
113
113
114
114
114
114
114
114
114
115
123
123
123
123
123
123
124
124
124
125
134
134
135
135
135
135
135
135
136
136
136
136
136
136
136
136
136
138
138
138
138
138
138
138
139
139
139
139
139
139
139
140
140
140
140
140
140
140
141
141
141
141
141
141
141
141
141
141
141
142
142
142
142
142
142
142
143
143
143
143
143
143
143
144
144
144
144
144
144
144
145
145
145
145
145
145
145
145
145
145
145
146
146
146
146
146
146
146
146
146
146
146
147
148
148
148
148
148
148
148
150
150
150
150
150
150
150
151
152
153
