18
18
18
18
18
18
18
18
18
18
18
24
24
24
25
25
25
26
26
26
28
28
28
29
29
29
36
36
36
36
36
36
36
36
37
37
37
37
37
37
37
38
38
38
39
40
40
40
40
40
40
40
41
41
41
42
43
43
43
43
43
43
43
43
44
50
50
50
50
50
51
51
51
51
51
51
51
51
51
51
51
52
52
52
52
52
52
52
52
52
52
52
52
52
53
55
55
55
55
57
57
57
57
57
57
57
58
58
58
58
58
58
58
58
58
58
58
58
58
58
58
59
61
61
61
61
61
61
61
62
62
62
62
62
62
63
63
63
63
64
66
66
66
66
66
66
66
67
67
67
67
67
67
67
67
67
67
67
67
67
67
67
68
70
70
70
70
70
70
70
71
71
71
71
71
71
72
72
72
72
73
75
75
75
75
76
82
82
82
82
82
83
83
83
83
83
83
83
84
84
84
84
84
84
84
85
85
85
85
85
85
85
85
85
85
85
85
85
85
85
85
85
85
85
85
85
85
85
85
85
85
85
85
85
85
85
85
85
85
85
85
85
85
85
85
85
86
86
86
86
86
86
87
89
89
89
89
92
92
92
92
92
92
92
92
92
92
92
92
92
92
92
92
92
93
93
93
93
93
93
94
95
96
97
98
