18
18
18
18
18
18
18
18
18
18
18
18
18
20
20
20
20
20
20
20
21
21
21
21
21
21
21
23
23
23
23
23
23
23
23
23
23
23
23
23
24
24
24
24
24
24
24
24
24
24
24
24
24
34
34
34
34
34
34
36
36
36
36
36
36
36
38
38
38
38
38
38
38
40
40
40
40
40
40
40
43
43
43
43
43
43
43
43
44
44
44
44
44
44
44
44
45
45
45
45
45
45
45
45
47
47
47
47
47
47
47
47
47
47
47
47
47
47
47
47
47
47
47
47
49
49
49
49
49
49
49
49
49
49
49
49
49
49
49
49
58
58
58
58
58
58
58
58
58
58
58
58
58
58
58
58
58
58
70
70
70
70
70
70
70
71
71
73
73
75
75
77
77
79
79
80
80
81
81
83
83
90
90
90
90
90
91
91
92
92
93
93
93
93
93
93
93
93
93
93
93
95
95
100
100
100
100
100
100
102
102
104
104
104
108
108
108
108
116
116
116
116
116
117
117
117
117
117
118
128
128
128
128
128
128
128
128
129
129
129
129
129
129
129
130
141
141
141
141
141
141
141
141
141
141
141
141
142
142
142
142
142
143
143
143
143
143
144
144
144
144
144
144
145
152
152
153
153
153
153
153
153
154
154
154
154
154
154
154
154
154
154
154
154
154
155
165
165
166
166
166
166
166
166
166
166
166
167
167
167
167
167
167
167
167
167
168
168
168
168
168
168
168
169
169
169
169
170
170
170
170
170
172
172
172
172
172
172
172
172
173
173
173
173
173
173
173
173
173
174
174
174
174
174
174
174
174
174
175
175
175
175
175
175
175
175
175
176
176
176
176
176
176
176
176
176
177
177
177
177
177
177
177
177
177
178
178
178
178
178
178
178
178
178
178
178
178
178
178
178
178
179
179
179
179
179
179
179
179
180
180
180
180
180
181
181
181
181
181
181
181
181
181
181
181
182
184
184
185
185
185
185
185
185
185
185
185
185
185
185
185
186
186
186
186
186
186
186
186
186
187
187
187
187
187
187
187
187
187
187
187
187
187
187
187
187
187
188
188
188
188
188
188
188
188
188
188
188
188
189
189
189
190
190
190
190
190
190
190
190
190
190
190
190
191
192
192
192
192
192
192
192
192
194
200
200
200
200
200
200
200
200
200
200
201
201
201
202
202
202
202
202
202
203
203
204
204
204
205
205
205
205
205
205
206
206
207
207
207
208
208
208
208
208
208
209
209
210
210
210
211
211
211
212
212
212
212
213
213
213
213
213
213
214
214
215
215
215
216
216
216
217
217
217
217
217
217
218
218
219
219
220
220
220
220
220
220
221
223
223
223
223
223
223
223
225
225
225
225
225
226
226
226
226
226
226
226
226
226
226
226
226
226
226
226
226
226
226
226
228
228
228
228
228
228
228
228
228
228
228
228
228
228
228
228
228
228
228
228
228
228
229
229
229
229
229
229
229
229
229
229
229
229
229
229
229
229
229
229
229
229
229
229
229
229
231
231
231
231
231
231
231
231
231
231
231
232
232
232
232
232
232
232
232
232
232
232
232
232
232
232
232
232
232
232
232
232
232
232
232
232
232
232
232
232
232
232
232
233
235
235
235
235
235
235
236
236
237
237
237
237
237
237
237
237
237
237
237
237
238
238
238
238
238
238
238
238
240
241
243
243
243
243
243
243
243
244
244
244
244
244
244
244
246
246
247
247
247
247
247
247
247
247
247
247
247
247
248
248
248
248
248
248
248
248
250
254
254
254
254
254
254
254
254
254
256
256
256
256
256
256
256
256
256
256
256
258
258
258
258
258
258
258
258
259
259
259
259
259
259
259
260
260
260
261
261
261
261
261
261
261
261
261
261
261
261
261
261
262
262
262
262
262
262
262
262
262
262
262
262
262
262
263
265
265
265
266
266
266
266
266
266
266
267
268
268
268
269
270
270
270
271
276
276
277
277
277
277
277
277
277
277
277
277
277
277
277
277
277
279
279
279
279
279
279
279
279
279
279
279
279
279
279
280
280
280
281
283
284
