18
18
18
18
18
18
18
18
18
18
18
20
20
20
20
20
20
20
27
27
27
28
33
33
33
33
33
35
35
35
35
35
36
36
36
36
36
37
37
37
37
37
38
38
38
38
38
41
41
41
41
41
42
42
42
42
42
43
43
43
43
43
44
44
44
44
44
45
45
45
45
45
46
46
46
46
46
47
47
47
47
47
48
48
48
48
48
50
50
50
50
50
51
51
51
51
51
53
53
53
53
53
54
54
54
54
54
56
56
56
56
56
57
57
57
57
57
62
62
62
62
62
63
63
63
63
63
64
64
64
64
64
65
65
65
65
65
70
70
70
70
70
75
75
75
75
75
80
80
80
80
80
85
85
85
85
85
90
90
90
90
90
96
96
96
96
96
101
101
101
101
101
106
106
106
106
106
111
111
111
111
111
116
116
116
116
116
121
121
121
121
121
126
126
126
126
126
131
131
131
131
131
136
136
136
136
136
141
141
141
141
141
146
146
146
146
146
151
151
151
151
151
156
156
156
156
156
164
164
164
164
164
169
169
169
169
169
175
175
175
175
175
175
175
181
181
181
181
181
181
181
187
187
187
187
187
187
187
193
193
193
193
193
193
193
200
200
200
200
200
200
200
207
207
207
207
207
207
207
213
213
213
213
213
213
213
219
219
219
219
219
219
219
225
225
225
225
225
225
225
232
232
232
232
232
232
232
239
239
239
239
239
239
239
245
245
245
245
245
245
245
251
251
251
251
251
251
251
257
257
257
257
257
257
257
259
260
