18
18
18
18
18
18
18
18
18
18
18
20
20
20
20
20
20
20
21
21
21
21
21
21
21
35
35
35
35
35
36
37
37
37
37
37
39
39
39
39
39
39
39
40
40
40
40
42
42
42
42
42
42
43
44
44
44
44
44
44
45
49
49
50
50
50
50
50
50
50
51
52
52
52
52
52
52
53
57
57
58
58
58
58
58
58
58
59
60
60
60
60
60
60
61
71
71
72
72
72
72
72
72
72
72
72
72
72
72
73
74
74
74
74
74
74
74
74
74
74
74
75
87
87
88
88
88
88
88
88
88
88
88
88
88
88
88
88
88
88
88
88
89
90
90
90
90
91
92
92
92
92
92
92
92
92
93
93
93
93
93
93
93
93
93
94
95
96
105
105
106
106
106
106
106
106
106
106
106
107
109
109
109
109
110
111
111
111
111
113
113
113
113
113
113
113
113
113
113
113
114
115
115
115
115
116
117
117
117
117
118
119
119
119
119
119
119
119
120
120
120
120
120
120
121
122
122
122
122
123
123
124
125
126
126
126
126
126
126
126
127
128
128
128
128
128
128
128
129
130
132
132
132
132
133
134
134
134
135
135
135
135
135
135
135
136
136
136
136
137
137
138
138
138
139
139
139
139
139
139
140
140
140
140
140
140
140
141
142
142
142
142
142
142
142
143
143
143
143
144
144
145
145
145
145
145
146
146
146
146
146
146
146
146
146
147
147
147
147
147
147
147
147
147
148
148
148
148
149
149
150
150
151
151
151
151
151
151
151
152
152
152
152
153
153
154
155
156
156
156
156
156
156
156
156
156
157
158
158
158
158
158
158
158
159
159
159
159
159
159
159
159
159
160
160
160
161
161
161
161
161
161
161
162
163
164
165
166
