18
18
18
18
18
18
18
18
18
18
18
27
27
27
27
28
30
30
30
30
30
30
30
30
33
33
33
33
33
33
33
33
36
36
36
36
36
36
36
36
39
39
39
39
39
39
39
39
42
42
42
42
42
42
42
42
45
45
45
45
45
45
45
45
48
48
48
48
48
48
48
48
51
51
51
51
51
51
51
51
54
54
54
54
54
54
54
54
57
57
57
57
57
57
57
57
60
60
60
60
60
60
60
60
63
63
63
63
63
63
63
63
66
66
66
66
66
66
66
66
69
69
69
69
69
69
69
69
72
72
72
72
72
72
72
72
75
75
75
75
75
75
75
75
78
78
78
78
78
78
78
78
81
81
81
81
81
81
81
81
84
84
84
84
84
84
84
84
87
87
87
87
87
87
87
87
90
90
90
90
90
90
90
90
93
93
93
93
93
93
93
93
96
96
96
96
96
96
96
96
96
97
97
97
97
97
97
97
97
97
97
97
97
97
97
97
97
97
97
97
97
98
98
98
98
98
98
98
98
98
98
98
98
98
98
98
98
98
98
98
99
99
101
101
101
101
101
101
101
101
102
102
102
102
102
102
102
102
111
111
111
111
111
111
111
111
111
112
113
113
113
113
113
113
113
113
114
123
123
123
123
123
123
123
123
123
124
125
125
125
125
125
125
125
125
125
126
129
129
129
129
130
130
131
132
