1
1
1
1
1
1
1
1
1
1
1
1
1
3
3
3
3
3
3
3
5
5
5
5
5
5
5
5
5
5
5
6
6
6
6
6
6
6
6
6
6
6
6
6
7
7
7
7
7
7
7
7
7
7
7
7
7
8
8
8
8
8
8
8
8
8
8
8
8
8
9
9
9
9
9
9
9
9
9
9
9
9
9
9
9
15
15
15
16
16
17
17
17
17
17
17
18
19
19
19
19
19
19
19
19
24
24
24
24
24
24
26
26
26
26
26
26
27
28
28
28
28
29
31
31
32
32
32
32
32
32
32
32
32
32
33
33
33
33
33
33
33
33
33
34
35
35
35
35
35
35
35
35
35
35
36
36
36
36
36
38
38
38
38
38
38
38
38
38
38
38
38
38
38
38
38
38
38
38
38
38
38
38
39
39
39
39
39
39
39
39
39
39
40
40
40
40
40
40
40
40
40
42
42
42
42
42
42
42
43
43
44
50
50
50
50
50
50
50
50
50
50
50
50
50
50
51
51
51
51
51
51
51
51
51
51
51
51
51
53
53
53
53
53
53
53
53
53
53
54
54
54
54
54
54
54
55
55
55
55
55
55
55
55
55
56
57
57
58
60
60
60
60
60
60
60
60
60
62
62
62
62
62
62
62
62
62
62
62
62
62
63
63
63
63
63
63
63
63
63
64
64
64
64
64
64
64
64
64
64
64
64
64
64
64
65
65
65
65
65
65
65
65
65
65
65
65
65
65
67
67
67
67
67
67
67
68
68
68
68
68
68
68
68
68
68
68
69
70
70
70
71
71
71
71
71
71
71
71
71
71
71
71
71
71
72
72
73
75
76
77
77
77
78
80
80
81
81
81
81
81
81
81
81
81
81
82
82
82
82
82
82
82
82
82
83
84
84
84
84
84
84
84
84
84
84
85
85
85
86
92
92
92
92
92
92
92
92
96
96
96
96
96
96
96
96
96
103
103
103
103
103
103
103
103
103
103
104
104
104
104
104
104
104
104
104
104
104
104
104
104
105
105
105
105
105
105
105
106
106
106
106
106
106
106
106
106
107
108
109
109
109
109
109
109
109
110
112
112
112
112
112
112
112
113
113
113
113
113
113
114
115
115
115
115
115
115
115
115
115
115
116
116
116
116
116
117
117
117
117
117
117
117
117
117
118
118
118
118
118
118
118
118
118
119
119
119
119
119
119
119
119
119
120
120
120
120
120
120
120
122
122
122
122
122
122
122
122
122
123
123
123
123
123
123
123
123
123
123
123
123
123
123
125
125
125
125
126
126
127
129
129
129
129
129
129
129
129
129
129
129
129
129
129
130
130
130
130
130
130
130
130
130
130
130
130
130
131
131
132
133
135
135
135
136
137
137
137
138
139
140
