17
17
17
17
17
17
17
17
17
17
17
17
17
17
17
19
19
19
19
19
19
19
21
21
21
21
21
21
21
21
21
21
21
22
22
22
22
22
22
22
22
22
22
22
23
23
23
23
23
23
23
23
23
23
23
23
23
24
24
24
24
24
24
24
24
24
24
24
24
24
24
24
32
32
32
32
32
32
33
33
33
33
34
34
34
34
35
35
35
35
37
37
37
37
37
37
37
37
37
46
46
46
46
46
46
46
46
46
46
46
46
47
47
47
47
48
48
48
48
48
48
48
49
49
49
49
49
49
50
50
50
50
50
50
51
51
51
51
51
51
52
61
61
61
61
61
61
61
61
61
61
61
61
62
62
62
62
63
63
63
63
63
64
64
64
64
64
64
65
65
65
65
65
65
66
66
66
66
66
66
67
69
69
69
69
69
69
70
70
70
70
70
70
70
70
70
71
73
73
73
73
73
73
74
74
74
75
77
77
77
77
77
77
78
78
78
79
85
85
85
85
85
85
86
86
86
87
93
93
93
93
93
93
94
94
94
95
97
97
97
97
97
97
98
98
98
98
98
98
98
99
99
99
99
100
100
100
100
100
100
100
100
100
100
100
100
100
100
100
100
101
103
103
103
103
103
103
104
104
104
104
104
104
104
104
104
104
104
104
104
105
107
107
107
107
107
107
107
107
108
108
108
108
108
108
108
109
109
109
110
112
112
112
112
112
112
112
112
112
112
113
113
113
114
116
116
116
116
116
116
116
116
117
117
117
117
117
117
117
117
117
117
117
117
117
117
117
117
117
117
117
117
117
117
117
117
117
118
118
118
119
121
121
121
121
121
121
121
121
121
121
121
121
121
122
122
122
122
122
122
122
122
122
122
122
122
122
122
122
122
122
122
123
123
123
124
126
126
126
126
126
126
126
126
126
126
126
126
126
127
127
127
127
127
127
127
127
127
127
127
127
127
127
127
127
127
128
128
128
128
128
128
128
129
129
129
130
132
132
132
132
132
133
133
133
133
134
134
134
134
134
134
135
135
135
135
135
135
135
135
135
135
136
137
137
137
137
137
137
137
138
147
147
147
147
147
147
148
148
148
148
148
148
148
149
149
149
149
149
149
149
150
151
151
151
151
151
151
151
152
152
152
153
154
154
154
154
154
154
154
155
155
155
155
155
155
155
155
155
156
156
156
156
156
156
156
156
156
156
157
157
157
157
157
157
157
157
157
157
157
157
157
157
157
157
157
158
159
159
159
160
161
161
161
161
161
161
161
162
162
162
162
162
162
162
162
162
162
162
162
162
162
162
162
163
164
164
164
164
164
164
164
165
165
165
165
165
165
165
166
167
167
167
168
169
170
