17
17
17
17
17
17
17
17
17
19
19
19
19
19
19
19
19
19
20
20
20
20
20
20
20
20
20
21
21
21
21
21
21
21
22
22
22
22
22
22
22
24
24
24
24
24
24
24
24
24
24
24
24
24
25
25
25
25
25
25
25
25
25
25
25
25
25
26
26
26
26
26
26
26
26
26
26
26
26
26
51
51
51
51
51
51
52
52
52
52
52
52
52
52
52
52
52
54
54
54
54
54
55
55
55
55
55
62
62
62
62
62
62
62
62
62
62
62
62
63
63
63
63
63
63
64
64
64
64
64
64
65
72
72
73
73
73
73
73
73
74
74
74
74
74
74
74
74
75
89
89
90
90
90
90
91
91
91
91
92
92
92
92
93
93
93
93
93
93
94
94
94
94
94
94
94
95
95
95
95
95
95
95
95
95
96
96
96
97
98
99
99
99
99
99
99
99
99
99
99
99
99
99
99
100
100
100
101
103
103
103
103
103
103
103
104
104
104
104
105
107
107
107
107
107
107
107
107
107
107
108
108
108
108
109
109
109
109
109
109
109
109
109
110
110
110
110
110
110
110
111
111
111
111
111
111
111
112
113
114
114
115
115
115
115
115
116
116
116
116
116
116
116
116
116
117
117
117
117
117
117
117
118
118
118
118
118
118
118
119
121
121
121
121
122
122
122
122
122
122
122
122
122
123
123
123
123
123
123
123
124
124
124
124
124
124
124
125
126
128
128
128
129
130
131
