17
17
17
17
17
17
17
17
17
17
17
17
17
17
17
19
19
19
19
19
19
19
21
21
21
21
21
21
21
21
21
21
21
22
22
22
22
22
22
22
22
22
22
22
23
23
23
23
23
23
23
23
23
23
23
23
23
24
24
24
24
24
24
24
24
24
24
24
24
24
25
25
25
25
25
25
25
25
25
25
25
25
25
25
25
26
26
26
26
26
26
26
26
26
26
26
26
26
26
26
27
27
27
27
27
27
27
27
27
27
27
27
27
27
27
28
28
28
28
28
28
28
28
28
28
28
28
28
28
28
29
29
29
29
29
29
29
29
29
29
29
29
29
29
29
30
30
30
30
30
30
30
30
30
30
30
30
30
35
35
35
35
35
35
36
36
36
36
37
37
37
37
39
39
39
39
39
39
39
39
46
46
46
46
46
46
46
46
46
46
46
46
47
47
47
47
47
47
47
48
48
48
48
48
48
49
56
56
56
56
56
56
56
56
56
56
56
56
57
57
57
57
57
58
58
58
58
58
58
59
61
61
62
62
62
62
62
62
63
63
63
64
66
66
67
67
67
67
67
67
68
68
68
69
71
71
72
72
72
72
72
72
73
73
73
74
76
76
77
77
77
77
77
77
78
78
78
78
78
78
78
78
78
78
79
81
81
82
82
82
82
82
82
83
83
83
83
83
83
83
83
84
84
84
84
84
84
84
84
84
84
84
84
84
84
84
84
84
84
84
84
85
87
87
88
88
88
88
88
88
89
89
89
89
89
90
92
92
93
93
93
93
93
93
94
94
94
94
94
94
94
94
94
94
94
95
95
95
95
95
95
95
95
95
95
96
98
98
99
99
99
99
99
99
99
99
99
100
100
100
100
100
100
100
101
101
101
101
101
101
101
102
103
103
104
104
104
104
104
104
104
104
104
104
104
105
106
108
108
109
109
109
109
109
109
109
109
109
110
110
110
110
110
110
110
111
111
111
111
112
114
114
115
115
115
115
115
115
116
116
116
116
116
116
116
117
117
117
117
117
117
117
118
118
118
118
119
120
120
121
121
121
121
121
121
121
121
122
122
123
123
123
123
123
123
123
123
123
123
123
123
123
124
125
126
126
126
127
129
129
130
130
130
130
130
130
130
130
130
131
131
131
131
131
131
131
131
131
131
131
131
131
131
132
132
132
132
132
132
132
132
132
132
132
132
132
132
132
133
134
134
134
135
137
137
138
138
138
138
138
138
138
138
138
138
138
138
138
139
139
139
139
139
139
139
139
139
140
140
140
140
140
140
140
141
141
141
142
144
144
145
145
145
145
146
146
146
146
147
147
147
147
148
148
148
148
149
149
149
149
149
150
150
150
150
150
150
150
150
150
150
150
151
151
151
151
151
151
151
152
152
152
152
152
152
152
152
152
152
153
155
155
156
156
156
156
157
157
157
157
158
158
158
158
159
159
159
159
159
160
160
160
160
160
160
160
160
160
160
160
161
161
161
161
161
161
161
162
162
162
162
162
162
162
162
163
165
165
166
166
166
166
166
166
167
167
167
167
167
167
167
167
167
167
168
170
170
171
171
171
171
171
171
171
171
171
172
172
172
172
172
172
172
173
173
173
174
176
176
176
176
176
176
176
176
176
176
177
177
177
178
180
180
180
180
180
180
180
180
180
181
181
181
181
181
181
181
181
181
181
181
181
181
182
184
184
185
185
185
185
185
185
185
185
186
186
186
186
186
186
186
186
186
187
187
187
187
187
187
187
188
188
188
188
189
189
190
190
191
191
192
192
192
193
194
194
194
194
194
194
194
194
194
194
194
194
194
194
195
197
197
198
198
198
198
198
198
198
198
198
199
199
199
199
199
199
199
199
199
199
199
199
200
200
200
200
200
200
200
200
200
200
201
203
203
204
204
204
204
204
204
205
205
205
205
205
205
205
205
205
205
205
205
205
205
205
206
208
208
209
209
209
209
209
209
209
209
209
210
210
210
210
210
210
210
210
210
210
210
210
210
210
210
210
211
213
213
214
214
214
214
214
214
214
214
214
215
215
215
215
215
215
215
216
216
216
216
216
216
216
217
217
217
218
219
219
219
219
219
219
219
220
220
220
221
222
222
222
222
222
222
222
222
222
222
222
222
222
222
222
222
222
222
222
222
223
224
224
224
224
224
224
224
224
224
224
225
227
227
228
228
228
228
229
229
229
229
229
229
229
229
229
230
230
230
230
230
230
230
230
230
230
230
230
230
231
233
233
234
234
234
234
234
234
235
235
235
235
235
235
235
235
235
236
236
236
236
236
236
236
236
237
237
237
237
237
237
237
238
238
238
238
238
238
238
238
238
238
238
239
239
239
239
239
239
239
241
241
241
241
241
241
241
241
241
241
241
242
242
242
242
242
242
242
243
244
244
244
244
244
244
244
244
244
244
244
244
244
244
244
244
244
244
244
245
246
247
247
248
248
248
248
248
248
248
249
249
249
249
249
249
249
249
249
249
249
249
249
249
249
249
249
249
249
250
251
251
252
252
252
252
252
252
252
253
254
255
255
255
255
255
255
255
256
257
258
