17
17
17
17
17
17
17
17
17
17
17
17
17
17
17
19
19
19
19
19
19
19
21
21
21
21
21
21
21
21
21
21
21
22
22
22
22
22
22
22
22
22
22
22
23
23
23
23
23
23
23
23
23
23
23
23
23
24
24
24
24
24
24
24
24
24
24
24
24
24
24
24
25
25
25
25
25
25
25
25
25
25
25
25
25
25
25
26
26
26
26
26
26
26
26
26
26
26
26
26
26
26
26
26
27
27
27
27
27
27
27
27
27
27
27
27
27
27
27
27
27
28
28
28
28
28
28
28
28
28
28
28
28
28
28
28
28
28
35
35
35
35
35
35
36
36
36
36
36
37
37
37
37
37
38
38
38
38
38
40
40
40
40
40
40
40
40
40
49
49
49
49
49
49
49
49
49
49
49
50
50
50
50
50
50
50
50
50
51
51
51
51
51
51
51
52
52
52
52
52
52
53
53
53
53
53
53
54
54
54
54
54
54
55
64
64
64
64
64
64
64
64
64
64
64
65
65
65
65
65
65
65
65
65
66
66
66
66
66
67
67
67
67
67
67
68
68
68
68
68
68
69
69
69
69
69
69
70
72
72
73
73
73
73
73
73
74
74
74
74
74
74
74
74
74
75
77
77
78
78
78
78
79
79
79
79
79
79
79
79
79
79
79
79
79
80
80
80
80
80
80
80
80
80
80
80
80
80
81
83
83
84
84
84
84
84
84
84
84
84
85
85
85
85
85
85
85
85
85
86
88
88
89
89
89
89
89
89
90
90
90
91
93
93
94
94
94
94
94
94
95
95
95
96
102
102
103
103
103
103
103
103
104
104
104
105
107
107
108
108
108
108
108
108
109
109
109
109
109
109
109
109
110
110
110
110
110
110
110
110
110
110
110
110
110
110
110
110
110
110
110
110
111
113
113
114
114
114
114
114
114
115
115
115
116
122
122
123
123
123
123
123
123
124
124
124
125
127
127
128
128
128
128
128
128
129
129
129
129
129
129
129
129
129
129
129
129
129
130
132
132
133
133
133
133
133
133
134
134
134
134
134
134
134
134
134
134
134
134
134
134
134
134
134
134
134
134
134
134
135
137
137
138
138
138
138
138
138
138
138
138
139
139
139
139
139
139
139
140
140
140
141
143
143
143
143
143
143
143
143
143
143
144
144
144
145
147
147
147
147
147
147
147
147
147
148
148
148
148
148
148
148
148
148
149
149
149
150
151
151
151
151
151
151
151
151
151
151
151
151
151
151
151
151
151
151
151
151
152
153
154
