17
17
17
17
17
17
17
17
17
17
17
19
19
19
19
19
19
19
20
20
20
20
20
20
20
21
21
21
21
21
21
21
22
22
22
22
22
22
22
23
23
23
23
23
23
23
24
24
24
24
24
24
24
26
26
26
26
26
26
26
26
26
26
26
27
27
27
27
27
27
27
27
27
27
27
28
28
28
28
28
28
28
28
28
28
28
29
29
29
29
29
29
29
29
29
29
29
30
30
30
30
30
30
30
30
30
30
30
31
31
31
31
31
31
31
31
31
31
31
32
32
32
32
32
32
32
32
32
32
32
32
32
32
32
33
33
33
33
33
33
33
33
33
33
33
33
33
33
33
34
34
34
34
34
34
34
34
34
34
34
34
34
43
43
43
43
43
43
43
43
43
45
45
45
45
48
48
48
48
51
51
51
51
51
51
53
53
53
53
53
53
54
54
54
54
54
54
55
55
55
55
55
55
56
56
56
56
62
62
62
62
62
62
62
62
63
63
63
63
63
63
64
66
66
67
67
67
67
67
67
68
68
68
68
68
69
71
71
72
72
72
72
72
72
73
73
73
73
73
73
73
73
73
74
76
76
77
77
77
77
77
77
78
78
78
79
87
87
87
87
87
87
88
88
88
88
88
88
88
88
88
88
88
88
88
88
88
89
97
97
97
97
97
97
100
100
100
100
100
100
100
101
107
107
108
108
108
108
108
108
109
109
109
109
109
109
109
110
110
110
110
110
110
110
111
112
112
112
112
112
112
112
112
112
113
113
113
113
113
114
115
115
115
115
115
115
115
115
115
116
116
116
116
117
118
118
118
118
119
125
125
126
126
126
126
126
126
127
127
127
127
127
127
127
128
128
128
128
128
128
128
129
131
131
131
131
131
131
131
131
131
132
132
132
132
132
132
132
132
133
133
133
133
133
133
134
135
135
135
135
135
135
135
136
137
137
137
137
137
137
137
137
137
138
138
138
138
139
140
140
140
140
140
141
141
141
141
141
141
142
143
143
143
143
144
144
144
144
144
145
150
150
150
150
150
150
151
151
151
151
152
152
152
152
152
152
152
152
152
152
152
153
153
153
153
154
155
155
156
156
156
156
156
156
156
157
157
157
157
157
157
157
158
158
158
158
159
159
160
161
162
163
163
163
163
164
170
170
171
171
171
171
171
171
172
172
172
172
173
173
173
174
180
180
180
180
180
180
181
181
181
181
181
181
181
181
181
182
182
182
182
182
182
182
182
182
183
183
183
183
183
183
183
184
184
184
184
184
184
184
185
185
185
185
185
185
185
185
186
186
186
186
186
186
186
186
186
186
186
187
187
187
187
187
187
187
188
188
188
188
188
188
188
189
190
191
192
192
192
192
192
192
192
192
192
193
193
193
194
196
196
196
196
196
198
198
198
198
198
198
198
198
199
199
199
200
206
206
206
206
206
206
206
206
206
207
207
207
207
207
207
207
208
208
208
209
209
209
209
209
209
209
210
210
211
211
211
211
212
212
212
212
212
212
212
212
212
212
212
213
213
214
214
215
215
216
217
224
224
225
225
225
225
225
225
226
226
226
226
226
226
227
227
227
227
227
227
227
228
228
228
228
229
230
230
230
230
230
230
230
230
230
231
231
231
231
231
231
231
232
232
232
232
232
232
232
232
232
233
234
234
234
234
234
234
234
235
235
235
235
235
236
237
237
238
238
238
238
239
240
240
240
241
249
249
249
249
249
249
250
250
250
250
250
250
250
251
251
251
251
252
253
253
254
254
254
254
255
256
256
256
256
256
256
256
256
256
257
257
257
257
257
257
257
258
258
258
258
258
258
258
259
259
259
259
259
259
259
259
259
259
259
259
259
259
259
259
260
261
263
263
263
264
272
272
272
272
272
272
273
273
273
273
273
274
276
276
277
277
277
277
277
277
278
278
278
278
278
278
278
278
279
279
279
279
279
279
279
279
279
279
279
279
280
280
280
280
280
280
280
280
280
281
288
288
288
288
288
288
289
289
289
289
289
289
289
290
290
290
290
290
290
290
290
291
292
292
292
293
298
298
298
298
298
298
299
299
299
299
300
306
306
306
306
306
306
307
307
307
308
315
315
315
315
315
315
316
316
316
316
317
317
317
317
317
317
317
318
318
318
318
318
318
318
319
319
319
319
319
320
321
322
322
322
323
330
330
330
330
330
330
330
337
337
337
337
337
337
338
338
338
338
343
343
343
343
343
343
344
344
344
344
345
345
345
345
345
345
345
345
345
346
346
346
346
346
346
346
346
346
347
347
347
348
349
350
350
350
351
355
355
355
355
355
355
355
355
355
356
356
356
357
361
361
361
361
361
361
361
361
361
362
362
362
362
362
362
362
362
362
363
363
363
364
365
366
366
366
367
374
374
374
374
374
374
374
384
384
384
384
384
384
384
384
384
385
385
385
385
385
385
386
386
386
387
388
389
