17
17
17
17
17
17
17
17
17
17
17
17
17
19
19
19
19
19
19
19
19
19
19
19
19
19
20
20
20
20
20
20
20
20
20
20
20
20
20
20
20
21
21
21
21
21
21
21
21
21
21
21
21
21
21
21
22
22
22
22
22
22
22
22
22
22
22
22
22
22
22
23
23
23
23
23
23
23
23
23
23
23
23
23
23
23
24
24
24
24
24
24
24
24
24
24
24
24
24
24
24
25
25
25
25
25
25
25
25
25
25
25
25
25
25
25
32
32
32
32
32
32
34
34
34
34
35
35
35
35
35
35
37
37
37
37
37
37
38
38
38
38
46
46
46
46
46
46
46
46
46
46
46
47
47
47
47
47
47
48
48
48
48
48
49
49
49
49
49
49
50
50
50
50
50
50
51
57
57
57
57
57
57
58
58
58
59
66
66
66
66
66
66
66
66
67
67
67
68
75
75
75
75
75
75
76
76
76
76
76
76
76
76
76
77
77
77
78
79
79
79
79
79
79
79
80
80
80
80
80
80
80
80
80
80
80
80
80
80
80
80
80
81
81
81
81
81
81
81
81
81
81
81
81
82
82
82
83
84
85
86
86
86
86
86
86
86
87
94
94
94
94
94
94
94
95
95
95
95
95
95
96
96
96
96
97
97
97
97
97
97
97
97
97
97
97
97
97
98
99
99
99
100
102
102
102
102
102
102
103
103
103
103
103
103
103
103
104
104
104
104
104
105
105
105
105
106
106
106
106
106
106
107
107
107
107
107
107
107
108
108
108
108
108
108
108
109
109
109
109
109
109
109
110
111
111
112
112
112
112
112
112
112
113
114
114
114
114
114
114
114
115
115
115
115
115
115
115
115
115
115
115
115
115
115
115
115
115
116
116
116
116
116
116
116
117
117
117
117
117
117
117
117
117
117
118
118
118
118
118
118
118
119
120
122
122
122
122
122
122
122
122
122
123
123
123
123
123
123
123
124
124
124
124
124
124
124
124
124
124
124
124
124
124
124
124
124
125
125
125
125
125
125
125
126
126
126
126
126
126
126
126
126
126
127
128
129
129
129
129
129
129
129
130
132
132
132
132
132
132
132
132
133
133
133
133
133
133
133
133
134
136
136
136
136
136
136
136
136
137
137
137
137
137
137
137
137
138
146
146
146
146
146
146
146
146
146
146
146
147
147
147
147
147
147
147
147
147
147
148
148
148
149
149
149
149
149
149
149
152
152
152
152
152
152
152
153
154
154
154
154
154
154
154
154
157
157
158
158
158
159
159
160
160
160
160
160
160
160
160
160
160
160
160
161
162
162
163
163
163
163
163
163
163
163
163
163
163
163
163
164
166
166
166
167
167
167
167
168
168
168
168
168
168
168
168
168
169
169
169
169
169
170
170
170
170
170
170
170
170
170
170
170
170
171
171
171
171
171
172
172
172
172
172
172
172
172
172
172
172
173
173
173
173
174
174
174
174
174
174
174
174
174
175
175
175
175
175
176
176
177
177
178
178
179
179
179
179
179
180
181
182
182
182
182
182
182
182
183
183
183
183
183
183
183
183
183
183
183
183
183
183
183
183
183
184
184
184
184
184
184
184
185
185
185
185
185
185
185
185
185
185
185
185
185
185
185
185
186
187
187
187
187
187
187
187
187
187
187
187
187
187
188
189
190
190
190
190
190
190
190
190
190
190
191
191
191
191
191
191
192
193
194
