17
17
17
17
17
17
17
17
17
17
17
17
17
19
19
19
19
19
19
19
19
19
19
19
20
20
20
20
20
20
20
20
20
20
20
20
20
21
21
21
21
21
21
21
21
21
21
21
21
21
21
21
28
28
28
28
28
28
29
29
29
29
29
29
30
30
30
30
31
31
31
31
37
37
37
37
37
37
37
38
38
38
38
38
39
39
40
40
40
40
40
40
40
40
40
40
40
40
40
41
41
41
41
41
41
41
42
42
43
43
43
43
43
43
43
43
43
43
43
43
44
45
47
47
47
47
47
47
48
48
48
49
51
51
51
51
51
51
52
52
52
53
55
55
55
55
55
55
56
56
56
56
56
56
56
57
59
59
59
59
59
59
60
60
60
60
60
60
60
60
61
63
63
63
63
63
63
63
63
64
64
64
64
64
64
65
65
65
65
65
66
66
66
66
66
66
66
66
66
66
66
66
66
66
66
67
67
67
67
67
67
67
67
67
68
68
68
69
70
70
70
71
72
72
72
72
72
73
75
75
75
75
75
75
76
76
76
76
76
77
77
77
78
79
79
79
79
80
80
80
81
82
83
