17
17
17
17
17
17
17
17
17
17
17
17
17
19
19
19
19
19
19
19
19
19
19
19
20
20
20
20
20
20
20
20
20
20
20
21
21
21
21
21
21
21
21
21
21
21
22
22
22
22
22
22
22
22
22
22
22
22
22
23
23
23
23
23
23
23
23
23
23
23
23
23
24
24
24
24
24
24
24
24
24
24
24
24
24
25
25
25
25
25
25
25
25
25
25
25
25
25
25
25
30
30
30
30
30
30
31
31
31
31
31
32
32
32
32
32
33
33
33
33
33
33
34
34
34
34
34
34
35
35
35
35
35
35
35
35
35
35
35
36
36
36
36
36
36
36
36
43
43
43
43
43
43
43
44
44
44
44
44
45
45
45
45
45
46
46
46
46
46
46
47
47
47
47
47
47
48
48
48
48
48
48
48
49
49
49
49
49
49
49
49
49
49
49
50
51
53
53
54
54
54
54
54
54
55
55
55
56
58
58
59
59
59
59
59
59
60
60
60
61
67
67
67
67
67
67
68
68
68
68
68
68
68
69
71
71
72
72
72
72
72
72
73
73
73
74
76
76
77
77
77
77
77
77
78
78
78
79
81
81
82
82
82
82
82
82
83
83
83
83
83
83
84
86
86
87
87
87
87
87
87
88
88
88
88
88
88
89
91
91
92
92
92
92
92
92
93
93
93
93
93
93
94
96
96
97
97
97
97
97
97
97
97
97
98
98
98
98
98
98
99
106
106
106
106
106
106
106
106
106
107
107
107
107
107
107
107
108
108
108
108
109
109
109
109
109
109
109
109
110
110
110
110
110
110
111
113
113
113
114
114
114
114
114
114
114
115
115
115
115
115
115
115
116
117
117
118
118
118
118
118
118
119
119
119
119
119
119
119
119
120
120
121
121
121
122
123
123
123
123
123
123
123
123
123
123
123
123
123
124
131
131
131
131
131
131
131
131
131
132
132
132
132
133
133
133
134
134
135
135
135
135
135
135
135
135
135
136
144
144
144
144
144
144
144
144
144
144
144
144
144
144
144
145
145
145
145
145
145
145
145
145
145
146
153
153
153
153
153
153
153
153
153
154
154
154
154
154
154
154
154
154
154
154
154
154
154
154
154
155
155
155
156
157
157
157
157
157
157
158
165
165
165
165
165
165
165
165
165
166
166
166
166
166
166
166
167
167
167
167
167
167
167
167
168
168
168
168
168
168
168
168
168
168
168
168
168
168
168
169
169
169
169
169
169
169
170
171
172
172
172
172
172
172
172
173
173
173
173
174
175
175
175
175
175
175
175
176
176
176
177
177
177
177
177
178
180
180
181
181
181
181
181
181
182
182
182
182
182
182
182
182
182
182
182
182
182
182
182
183
184
185
