17
17
17
17
17
17
17
17
17
17
17
17
17
17
17
19
19
19
19
19
19
19
21
21
21
21
21
21
21
21
21
21
21
22
22
22
22
22
22
22
22
22
22
22
23
23
23
23
23
23
23
23
23
23
23
23
23
24
24
24
24
24
24
24
24
24
24
24
24
24
24
24
25
25
25
25
25
25
25
25
25
25
25
25
25
25
25
26
26
26
26
26
26
26
26
26
26
26
26
26
26
26
26
26
27
27
27
27
27
27
27
27
27
27
27
27
27
27
27
27
27
28
28
28
28
28
28
28
28
28
28
28
28
28
28
28
28
28
35
35
35
35
35
35
36
36
36
36
37
37
37
37
38
38
38
38
40
40
40
40
40
40
40
40
40
49
49
49
49
49
49
49
49
49
50
50
50
50
50
50
50
51
51
51
51
51
51
51
52
52
52
52
52
52
53
53
53
53
53
53
54
54
54
54
54
54
55
64
64
64
64
64
64
64
64
64
65
65
65
65
65
65
65
66
66
66
66
66
67
67
67
67
67
67
68
68
68
68
68
68
69
69
69
69
69
69
70
72
72
72
72
72
72
73
73
73
73
73
73
73
73
73
74
76
76
76
76
77
77
77
77
77
77
77
77
77
77
78
78
78
78
78
78
78
78
78
78
78
78
78
79
81
81
81
81
81
81
81
81
82
82
82
82
82
82
82
82
82
83
85
85
85
85
85
85
86
86
86
87
89
89
89
89
89
89
90
90
90
91
97
97
97
97
97
97
98
98
98
99
101
101
101
101
101
101
102
102
102
102
102
102
102
103
103
103
103
103
103
103
103
103
103
103
103
103
103
103
103
103
103
103
103
104
106
106
106
106
106
106
107
107
107
108
114
114
114
114
114
114
115
115
115
116
118
118
118
118
118
118
119
119
119
119
119
119
119
119
119
119
119
119
119
120
122
122
122
122
122
122
123
123
123
123
123
123
123
123
123
123
123
123
123
123
123
123
123
123
123
123
123
123
124
126
126
126
126
126
126
126
126
127
127
127
127
127
127
127
128
128
128
129
131
131
131
131
131
131
131
131
131
131
132
132
132
133
135
135
135
135
135
135
135
135
136
136
136
136
136
136
136
136
136
137
137
137
138
139
139
139
139
139
139
139
139
139
139
139
139
139
139
139
139
139
139
139
139
140
141
142
