18
18
18
18
18
18
18
18
18
20
20
20
20
20
20
20
21
21
21
21
21
21
21
22
22
22
22
22
22
22
23
23
23
23
23
23
23
24
24
24
24
24
24
24
25
25
25
25
25
25
25
26
26
26
26
26
26
26
28
28
28
28
28
28
28
28
28
28
28
28
28
28
38
38
38
38
38
38
44
44
44
44
44
44
48
48
48
48
48
48
48
48
48
48
57
57
57
57
57
57
57
57
57
58
58
58
58
58
58
58
59
59
59
60
69
69
69
69
69
69
69
69
69
70
70
70
70
70
70
70
71
71
71
72
74
74
74
74
74
74
75
75
75
76
77
80
80
80
80
80
80
80
80
83
83
83
83
83
83
83
83
83
83
83
83
83
83
83
86
86
86
86
86
86
86
86
86
86
86
86
86
86
86
91
91
91
91
91
93
100
100
100
100
100
100
100
100
100
101
101
101
101
101
101
101
102
109
109
109
109
109
109
109
109
109
110
110
110
110
110
110
110
111
118
118
118
118
118
118
118
118
118
119
119
119
120
127
127
127
127
127
127
127
127
128
128
128
128
128
128
128
128
128
128
128
128
128
128
128
128
130
130
130
130
130
130
130
132
132
132
133
142
142
143
143
143
143
143
143
143
143
143
144
144
144
144
144
144
144
144
144
144
144
145
154
154
155
155
155
155
155
155
155
155
155
156
156
157
157
157
157
157
157
158
158
158
158
158
158
158
158
159
159
159
159
159
159
159
159
159
159
159
159
159
159
159
159
159
159
159
160
160
160
161
162
174
174
174
174
174
174
174
174
174
175
175
175
175
175
175
175
175
175
177
177
177
177
177
177
177
177
177
178
178
178
178
178
178
178
178
178
178
179
179
179
179
179
179
179
179
179
179
179
179
179
180
180
180
180
180
180
180
180
180
180
180
182
182
182
182
182
182
182
182
182
182
182
182
182
182
182
182
182
182
182
183
183
183
183
183
183
183
183
183
183
183
183
183
185
185
185
185
185
185
185
185
185
185
185
185
185
185
186
187
188
190
190
190
191
203
203
203
203
203
203
203
203
203
204
204
204
204
204
204
204
204
204
206
206
206
206
206
206
206
206
206
207
207
207
207
207
207
207
207
207
207
207
207
207
207
207
207
207
207
207
207
207
207
207
207
207
208
208
208
208
208
208
208
208
208
208
208
208
208
209
209
209
209
209
209
209
209
209
209
209
211
211
211
211
211
211
211
211
211
211
211
211
211
211
211
211
211
211
211
212
212
212
212
212
212
212
212
212
212
212
212
212
214
214
214
214
214
214
214
214
214
214
214
214
214
214
215
216
217
219
219
219
220
227
227
227
227
227
227
227
227
228
228
228
228
228
228
228
228
228
231
231
231
231
231
231
231
231
231
231
231
231
231
231
231
231
234
234
234
234
234
234
234
234
235
243
243
243
243
243
243
243
243
243
244
244
244
244
244
244
244
244
244
244
244
245
254
254
254
254
254
254
254
254
254
254
254
254
254
255
255
255
255
255
255
255
255
255
255
255
255
255
256
265
265
265
265
265
265
265
265
265
266
266
266
266
266
266
266
267
267
267
268
269
269
269
269
269
269
269
269
269
269
269
270
270
270
270
270
270
270
270
270
270
270
270
271
281
281
281
281
281
281
281
281
281
281
281
281
281
282
282
282
282
282
282
282
282
282
283
283
283
283
283
283
283
283
283
284
292
292
292
292
292
292
292
292
292
293
293
293
293
293
293
293
293
293
294
303
303
303
303
303
303
303
303
303
303
303
303
303
304
304
304
304
304
304
304
304
304
304
304
305
313
313
313
313
313
313
313
313
313
313
313
314
314
314
314
314
314
314
314
314
314
314
315
324
324
324
324
324
324
324
324
324
324
324
325
325
325
325
325
325
325
325
325
325
325
325
325
325
327
327
327
327
327
327
327
327
327
328
328
328
328
328
328
328
328
328
328
329
329
329
329
329
329
329
329
329
329
329
330
331
333
333
333
333
333
333
333
333
333
333
333
333
333
333
333
333
334
342
342
342
342
342
342
342
342
342
342
342
343
343
343
343
343
343
343
343
343
344
355
355
355
355
355
355
355
355
355
355
355
356
356
356
356
356
356
356
356
356
356
356
357
368
368
368
368
368
368
368
368
368
368
368
369
369
369
369
369
369
369
370
370
370
371
372
372
372
372
372
372
372
372
372
373
373
373
373
373
373
373
374
374
374
375
376
376
376
376
376
376
376
376
376
376
376
376
376
376
377
388
388
388
388
388
388
388
388
388
388
388
389
389
389
389
389
389
389
389
389
390
416
416
416
416
416
416
416
416
416
417
417
417
417
417
417
417
417
417
417
417
418
427
427
427
427
427
427
427
427
427
428
428
428
428
428
428
428
428
429
437
437
437
437
437
437
437
437
437
438
438
438
438
438
438
438
438
438
439
446
446
446
446
446
446
446
446
446
447
447
447
447
447
447
447
448
456
456
456
456
456
456
456
456
457
457
457
457
457
457
457
457
457
458
458
458
458
458
458
458
458
458
459
459
459
459
459
459
459
459
459
459
459
459
459
459
459
459
459
459
459
459
459
459
459
459
459
460
460
460
461
463
464
464
464
465
466
467
