18
18
18
18
18
18
18
18
18
18
18
20
20
20
20
20
20
20
21
21
21
21
21
21
21
22
22
22
22
22
22
22
23
23
23
23
23
23
23
25
25
25
25
25
25
25
25
25
26
26
26
26
26
26
26
26
26
27
27
27
27
27
27
27
27
27
28
28
28
28
28
28
28
28
28
29
29
29
29
29
29
29
29
29
30
30
30
30
30
30
30
30
30
31
31
31
31
31
31
31
31
31
32
32
32
32
32
32
32
32
32
34
34
34
34
34
34
34
34
34
34
34
34
34
35
35
35
35
35
35
35
35
35
35
35
35
35
36
36
36
36
36
36
36
36
36
36
36
36
36
56
56
56
56
56
57
63
63
63
63
63
63
63
63
66
66
66
66
66
66
66
66
69
69
69
69
69
71
71
71
71
71
73
73
73
73
76
76
76
76
76
76
78
78
78
78
78
79
82
82
82
82
85
85
85
85
88
88
88
88
91
91
91
91
97
97
97
97
98
99
99
99
99
99
99
99
100
106
106
106
106
106
106
106
107
108
108
108
108
108
108
108
109
116
116
116
116
116
116
116
116
116
116
116
117
118
118
118
118
118
118
118
118
118
119
126
126
126
126
126
126
126
127
128
128
128
128
128
128
128
129
136
136
136
136
136
136
136
137
138
138
138
138
138
138
138
139
146
146
146
146
146
146
146
146
146
146
146
147
148
148
148
148
148
148
148
148
148
149
158
158
158
158
158
158
158
158
158
158
158
158
158
158
158
159
160
160
160
160
161
161
161
161
162
162
162
162
163
163
163
163
163
164
164
164
164
164
165
166
176
176
177
177
177
177
177
177
177
178
180
180
180
180
180
181
181
181
181
182
182
182
182
183
184
184
184
184
184
184
186
195
195
195
195
195
195
195
195
195
196
197
197
197
197
197
197
197
197
197
197
197
198
199
199
199
201
202
202
202
202
203
203
203
204
212
212
212
212
212
212
212
213
214
214
214
214
214
214
215
216
216
216
216
216
216
216
216
216
216
216
216
217
218
218
218
219
227
227
227
227
227
227
227
228
229
229
229
229
229
229
230
231
231
231
231
231
231
231
231
231
231
231
231
232
233
233
233
234
241
241
241
241
241
242
243
243
243
244
250
250
250
250
250
251
252
252
252
253
259
259
259
259
259
260
261
261
261
262
268
268
268
268
268
268
268
269
270
270
270
270
270
270
271
272
272
272
272
272
272
272
272
272
272
272
272
272
272
272
272
272
273
274
283
283
283
283
283
284
285
285
285
286
293
293
293
293
293
293
293
294
295
295
295
295
297
297
297
297
297
297
297
297
297
297
298
298
298
298
298
298
298
298
298
298
298
298
298
298
298
298
298
298
299
299
299
299
299
299
299
299
300
300
300
300
301
301
301
301
301
301
301
301
301
301
301
301
301
301
301
301
302
302
302
302
302
302
302
303
303
303
303
303
303
303
305
305
305
305
305
306
306
306
306
306
306
306
307
309
309
309
309
309
309
309
310
310
310
310
310
310
310
311
312
312
312
312
312
312
312
313
313
313
313
313
313
313
314
315
315
315
315
315
315
318
318
318
318
319
319
319
319
319
319
319
319
320
320
320
320
320
320
320
320
321
321
321
321
321
321
321
321
321
321
321
321
321
321
322
322
322
322
322
322
322
322
322
322
322
322
322
322
324
324
324
324
324
324
324
324
324
324
324
324
324
324
324
324
324
324
324
324
324
325
325
325
325
325
325
325
326
327
334
334
334
334
334
334
334
334
334
334
335
336
336
336
336
336
336
336
336
337
344
344
344
344
344
344
344
344
344
344
345
346
346
346
346
346
346
346
346
347
356
356
356
356
356
356
356
356
357
358
358
358
358
359
366
366
366
366
366
366
366
366
367
368
368
368
368
369
376
376
376
376
376
376
376
376
377
378
378
378
378
379
386
386
386
386
386
386
386
386
387
388
388
388
388
389
390
393
