17
17
17
17
17
17
17
17
17
17
17
19
19
19
19
19
19
19
19
19
20
20
20
20
20
20
20
20
20
27
27
27
27
33
33
33
33
33
35
35
35
35
35
35
35
35
37
37
37
37
37
37
39
39
39
39
39
39
39
39
39
40
40
40
40
40
40
41
42
42
42
42
42
42
42
42
42
42
42
42
47
47
47
47
47
47
47
47
47
47
47
48
48
48
48
48
48
48
48
48
48
49
49
49
49
49
49
49
49
49
50
50
50
50
50
50
50
50
50
50
50
50
51
51
51
51
51
51
51
51
51
51
52
52
52
52
52
52
52
53
53
53
53
53
53
53
54
55
55
55
55
55
55
55
56
57
59
59
59
59
59
59
60
60
60
60
60
60
60
60
60
61
70
70
71
71
71
71
71
71
72
72
72
72
72
72
72
72
73
73
73
73
73
73
73
73
73
74
74
74
74
74
74
74
74
74
75
77
77
77
77
77
77
78
86
86
86
86
86
86
87
87
87
87
87
87
87
87
88
88
88
88
88
88
88
88
89
89
89
89
89
89
89
89
89
89
89
89
89
89
89
89
89
89
89
90
90
90
90
90
90
90
90
90
91
93
93
93
93
93
93
93
93
94
94
94
94
94
94
94
94
95
95
95
95
95
95
95
95
95
95
95
95
96
96
96
96
96
96
96
97
97
97
98
99
99
99
99
99
99
99
99
99
99
99
99
99
99
99
99
99
99
99
99
99
99
99
99
99
99
100
100
100
100
100
100
100
100
100
100
100
100
100
101
102
102
102
103
105
105
105
105
105
105
106
106
106
106
106
106
106
106
106
107
109
109
109
109
109
109
110
110
110
110
110
110
110
110
110
110
110
110
110
110
110
110
111
119
119
119
119
119
119
120
120
120
120
120
120
120
120
120
120
120
121
129
129
129
129
129
129
130
130
130
130
130
130
130
130
130
130
130
131
133
133
133
133
133
133
134
134
134
134
134
134
134
134
134
135
137
137
137
137
137
137
138
138
138
138
138
138
138
138
138
139
141
141
141
141
141
141
142
142
142
142
142
142
142
142
142
142
142
143
145
145
145
145
145
145
146
146
146
146
146
146
146
146
146
146
146
147
149
149
149
149
149
149
150
150
150
150
150
150
150
151
151
151
151
151
151
151
151
151
151
151
151
151
151
151
151
152
163
163
163
163
163
163
163
163
163
164
164
164
164
164
164
164
165
165
165
166
167
167
167
167
167
167
167
167
168
168
168
168
168
168
168
168
168
168
169
169
169
169
169
169
169
169
169
169
170
170
170
170
170
170
170
170
170
171
181
181
181
181
181
181
181
181
181
182
182
182
182
182
182
182
182
182
183
185
185
185
185
185
185
186
186
186
186
186
186
186
187
187
187
187
187
187
187
187
187
187
187
187
187
187
187
187
188
191
191
191
191
191
191
191
191
191
191
191
191
196
196
196
196
196
196
196
196
196
196
196
197
197
197
197
197
197
197
197
197
197
197
197
198
198
198
198
198
198
198
198
198
198
198
198
198
198
198
199
199
199
199
199
199
199
199
199
199
199
199
199
199
199
199
199
199
199
200
201
201
201
202
208
208
209
209
209
209
209
209
210
210
210
210
210
210
210
210
210
212
212
212
212
212
212
212
212
212
212
212
212
212
212
212
212
212
212
213
213
213
213
213
213
213
213
213
213
213
213
213
213
213
213
213
214
214
214
214
214
214
214
214
214
214
214
214
214
214
214
214
214
215
215
215
215
215
215
215
215
215
215
215
215
215
215
215
215
215
216
216
216
216
216
216
216
216
216
216
216
216
216
216
216
216
216
217
217
217
217
217
217
217
217
217
217
217
217
217
217
217
217
217
218
218
218
218
218
218
218
218
218
218
218
218
218
218
218
218
218
218
220
220
220
220
220
220
220
221
222
223
223
223
223
223
223
223
223
224
224
224
224
224
224
224
224
224
224
225
225
225
225
225
225
225
225
225
225
225
225
225
226
226
226
226
226
226
226
226
226
226
226
226
226
228
228
228
228
228
228
228
228
230
230
230
230
230
230
230
230
235
235
235
235
235
235
235
235
235
235
236
236
236
236
236
237
237
237
237
237
237
237
237
237
237
237
237
237
237
237
238
238
238
238
238
238
238
238
238
238
238
238
238
238
238
238
238
238
238
238
238
238
238
239
239
239
239
239
239
239
239
239
239
239
239
239
239
239
239
239
240
241
241
241
242
248
248
248
248
248
248
248
248
248
248
248
248
248
248
248
248
248
248
249
249
249
249
249
249
249
249
249
249
249
250
250
250
251
253
253
253
253
253
253
253
253
253
253
253
253
253
253
253
253
253
253
253
254
259
259
259
259
259
259
259
259
259
259
260
260
260
260
260
260
260
260
260
260
260
261
261
261
261
261
261
261
261
261
262
262
262
262
262
262
263
264
264
264
264
264
264
264
264
264
264
264
264
264
264
265
267
267
267
267
267
269
269
269
269
269
271
271
271
271
271
273
273
273
273
273
276
276
276
276
284
284
284
284
284
284
284
284
285
285
285
285
285
285
285
285
285
285
285
287
287
287
287
287
287
287
287
287
287
288
288
288
288
288
288
288
288
288
288
288
288
288
288
289
290
290
290
290
290
290
290
290
290
294
294
294
294
294
294
294
294
294
294
294
294
294
294
294
294
294
294
294
294
294
294
294
294
294
304
304
304
304
304
304
304
304
304
304
304
304
304
304
307
307
307
307
307
307
307
307
310
310
310
310
310
310
310
310
310
311
320
320
320
320
320
320
320
320
320
320
320
320
321
321
321
321
321
321
321
321
321
322
322
322
322
322
322
322
322
322
324
324
324
324
324
324
324
324
324
324
324
324
324
324
324
324
324
324
324
324
324
325
325
325
325
325
325
325
325
325
325
325
325
325
325
326
329
329
329
329
329
329
329
329
329
329
329
329
332
332
332
332
332
332
332
332
332
332
332
332
332
333
339
339
339
339
339
339
339
339
339
339
339
339
339
339
341
341
341
341
341
341
342
342
342
342
342
342
342
342
342
342
342
342
342
342
342
342
342
342
342
342
342
343
345
345
345
345
345
345
346
346
346
346
346
346
346
346
346
346
346
346
346
346
346
346
346
346
346
346
346
347
355
355
355
355
355
355
356
356
356
357
363
363
363
363
363
363
363
364
364
364
364
364
364
364
364
364
364
364
364
364
364
365
365
365
365
365
365
365
365
365
365
365
365
365
365
365
365
365
365
366
366
366
366
366
366
366
366
366
366
366
366
366
366
367
367
367
367
367
367
367
367
367
367
367
367
368
368
368
368
368
368
368
368
368
368
368
368
369
369
369
369
369
370
379
379
379
379
379
379
379
379
379
380
380
380
380
380
380
381
383
384
