1
1
1
1
1
1
1
3
3
3
3
3
3
3
5
5
5
5
7
7
7
7
7
9
12
12
12
12
12
12
12
12
12
12
13
13
13
13
13
13
13
14
14
15
16
16
16
16
16
17
17
17
17
17
17
17
17
17
18
18
18
19
19
19
19
19
19
19
20
20
20
20
20
20
20
21
21
21
21
21
21
21
21
21
21
22
22
22
22
22
22
22
23
23
23
24
24
24
25
26
39
39
39
39
39
39
39
39
39
39
39
40
40
40
40
40
40
40
41
41
41
41
41
41
41
41
42
42
42
42
42
42
42
42
42
43
43
43
44
44
44
45
45
45
45
45
45
45
45
45
45
45
46
46
46
46
46
47
47
47
47
47
47
47
48
48
48
48
48
48
48
48
48
48
48
48
48
48
48
48
49
49
49
50
50
50
51
51
51
51
51
51
51
51
51
51
51
51
52
52
52
52
52
52
52
53
53
53
54
54
54
54
55
55
55
56
56
57
58
59
60
60
60
61
62
64
64
64
64
64
64
64
64
64
64
64
65
65
65
65
65
65
65
65
65
66
68
69
