18
18
18
18
18
18
18
18
18
18
18
20
20
20
20
20
20
20
21
21
21
21
21
21
21
22
22
22
22
22
22
22
24
24
24
24
24
24
24
24
24
24
24
24
24
37
37
37
37
37
37
38
39
39
39
39
39
39
39
39
40
40
40
40
40
40
40
40
41
41
41
41
41
41
41
41
42
42
42
42
50
50
50
50
50
50
50
51
52
52
52
52
52
53
53
53
53
54
57
57
58
58
58
58
58
58
58
59
60
60
60
60
62
62
62
62
62
62
62
62
64
64
64
64
64
64
64
65
65
65
65
65
66
68
68
68
69
73
73
74
74
74
74
74
75
76
76
76
77
89
89
90
90
90
90
90
90
90
91
92
92
92
92
94
94
94
94
94
94
95
96
96
96
96
97
97
97
98
100
100
100
100
100
100
100
100
102
102
102
102
103
104
104
104
105
105
105
105
106
106
106
107
107
107
108
108
108
108
108
108
109
110
110
110
110
111
111
111
112
114
114
115
115
115
115
116
116
116
117
120
133
133
134
134
134
134
134
134
134
134
134
134
134
134
135
136
136
136
136
136
136
136
136
136
136
136
136
137
153
153
154
154
154
154
154
154
154
154
154
154
154
154
154
154
154
154
154
154
155
156
156
156
157
157
157
157
159
159
159
159
159
159
159
160
160
160
161
163
163
163
163
163
163
165
165
165
165
165
165
165
166
166
166
166
167
170
170
170
170
170
170
170
171
171
171
171
172
174
174
174
174
174
174
174
174
174
174
174
174
174
174
174
175
175
175
175
175
176
178
178
178
178
180
181
182
182
182
182
182
182
182
182
182
182
182
183
184
184
184
184
184
184
184
184
184
184
184
184
184
184
184
184
184
184
184
184
186
186
186
186
186
187
188
189
