17
17
17
17
17
17
17
17
17
17
17
19
19
19
19
19
19
19
20
20
20
20
20
20
20
21
21
21
21
21
21
21
22
22
22
22
22
22
22
24
24
24
24
24
24
24
24
24
24
24
25
25
25
25
25
25
25
25
25
25
25
26
26
26
26
26
26
26
26
26
26
26
26
26
38
38
38
38
38
38
38
38
41
41
41
41
41
41
41
41
44
44
44
44
44
44
44
44
46
46
46
46
46
46
46
46
46
48
48
48
48
48
48
48
48
48
48
49
49
50
50
50
50
50
50
51
51
51
52
52
52
52
52
52
53
53
53
54
56
56
56
56
56
56
56
56
56
56
58
58
58
58
59
59
59
59
60
60
60
60
68
68
68
68
68
68
68
68
68
68
68
68
69
69
69
69
69
69
69
69
69
70
78
78
78
78
78
78
78
78
78
78
78
78
79
79
79
79
79
79
79
79
79
80
89
89
89
89
89
89
89
90
90
90
90
90
90
90
91
101
101
101
101
101
101
101
101
101
101
102
102
102
102
102
102
103
103
103
103
103
103
103
104
104
104
104
104
104
104
105
106
106
106
106
106
106
107
113
113
113
113
113
113
114
114
114
114
114
114
114
115
115
116
116
116
116
116
117
117
118
118
118
118
118
118
118
119
119
119
119
119
119
119
119
120
121
121
121
121
121
121
121
122
123
123
124
124
124
124
124
124
124
125
125
125
125
125
125
126
127
128
129
129
129
129
129
129
130
130
130
130
131
131
131
131
131
131
131
131
132
132
132
133
134
135
135
135
136
143
143
143
143
143
143
143
143
144
144
144
144
144
144
144
144
145
145
145
145
145
145
145
146
146
146
146
146
146
146
146
147
147
147
147
147
147
147
147
147
148
148
148
148
148
148
148
148
148
149
149
149
149
150
150
150
150
150
151
151
151
151
151
151
151
151
151
152
152
152
152
152
152
152
152
152
153
153
153
153
153
153
153
153
153
154
155
155
155
155
155
155
155
155
156
162
162
162
162
162
162
162
162
163
163
163
163
163
163
164
171
171
171
171
171
171
171
171
171
172
172
172
172
172
172
172
172
172
172
172
172
172
173
173
173
173
173
173
173
174
174
174
174
174
174
174
174
174
174
174
174
174
175
175
175
175
175
175
175
176
176
176
176
176
176
176
176
176
177
178
178
179
179
179
179
179
179
179
179
179
179
179
179
180
180
180
180
180
180
180
180
180
180
180
181
182
182
182
182
182
182
183
183
183
183
184
184
184
184
184
184
184
185
186
186
186
186
186
186
186
186
186
187
188
188
188
189
190
191
