17
17
17
17
17
17
17
17
17
17
17
17
17
19
19
19
19
19
19
19
19
19
19
19
20
20
20
20
20
20
20
20
20
20
20
20
20
21
21
21
21
21
21
21
21
21
21
21
21
21
21
21
26
26
26
26
26
26
27
27
27
27
27
27
28
28
28
28
35
35
35
35
35
35
35
35
35
35
36
36
36
36
36
37
37
37
37
37
37
38
40
40
40
40
40
40
41
41
41
42
44
44
44
44
44
44
45
45
45
45
45
45
45
45
45
45
45
45
45
46
46
46
47
48
48
48
48
48
48
48
48
48
48
48
48
48
48
48
48
48
49
51
51
51
51
51
51
51
51
52
52
52
52
52
52
52
53
53
53
53
53
53
53
53
53
53
53
53
53
53
53
53
53
54
56
56
56
56
56
56
57
57
57
57
57
58
58
58
59
60
60
60
60
61
61
61
62
64
64
64
64
64
64
65
65
65
65
65
65
65
65
66
67
68
