6
6
6
6
6
6
6
6
6
6
6
8
8
8
8
8
8
8
8
8
8
8
8
8
8
9
9
9
9
9
9
9
9
9
9
9
9
9
9
10
10
10
10
10
10
10
10
10
10
10
10
10
10
11
11
11
11
11
11
11
11
11
11
11
11
11
11
12
12
12
12
12
12
12
12
12
12
12
12
12
12
13
13
13
13
13
13
13
13
13
13
13
13
13
13
14
14
14
14
14
14
14
14
14
14
14
14
14
14
15
15
15
15
15
15
15
15
15
15
15
15
15
15
16
16
16
16
16
16
16
16
16
16
16
16
16
16
17
17
17
17
17
17
17
17
17
17
17
17
17
17
18
18
18
18
18
18
18
18
18
18
18
18
18
18
19
19
19
19
19
19
19
19
19
19
19
19
19
19
20
20
20
20
20
20
20
20
20
20
20
20
20
20
21
21
21
21
21
21
21
21
21
21
21
21
21
21
22
22
22
22
22
22
22
22
22
22
22
22
22
22
24
24
24
24
24
24
24
25
25
25
25
25
25
25
26
26
26
26
26
26
26
27
27
27
27
27
27
27
27
27
27
27
28
28
28
28
28
28
28
28
28
28
28
29
29
29
29
29
29
29
29
29
29
29
30
30
30
30
30
30
30
30
30
30
30
31
31
31
31
31
31
31
31
31
31
31
33
33
33
34
35
35
35
35
36
36
36
36
37
37
37
37
38
38
38
38
39
39
39
39
40
40
40
40
41
41
41
41
42
42
42
42
43
43
43
43
44
44
44
44
46
46
46
46
47
47
47
47
48
48
48
48
50
50
50
50
52
52
52
52
52
53
54
54
54
55
57
57
57
57
57
57
57
58
59
59
59
59
59
59
60
62
62
62
62
62
63
64
64
64
65
67
67
67
67
67
67
67
68
69
69
69
69
69
69
70
72
72
72
72
72
73
74
74
74
75
77
77
77
77
77
77
77
78
79
79
79
79
79
79
80
82
82
82
82
82
83
84
84
84
85
87
87
87
87
87
87
87
88
89
89
89
89
89
89
90
92
92
92
92
92
93
94
94
94
95
97
97
97
97
97
97
97
98
99
99
99
99
99
99
100
102
102
102
102
102
103
104
104
104
105
107
107
107
107
107
107
107
108
109
109
109
109
109
109
110
112
112
112
112
112
113
114
114
114
115
117
117
117
117
117
117
117
118
119
119
119
119
119
119
120
122
122
122
122
122
123
124
124
124
125
127
127
127
127
127
127
127
128
129
129
129
129
129
129
130
132
132
132
132
132
133
134
134
134
135
137
137
137
137
137
137
137
138
139
139
139
139
139
139
140
142
142
142
142
142
142
142
143
144
144
144
144
144
144
145
147
147
147
147
147
148
149
149
149
150
152
152
152
152
152
152
152
153
154
154
154
154
154
154
155
157
157
157
157
157
157
157
158
159
159
159
159
159
159
159
159
160
162
162
162
162
162
163
164
164
164
165
167
167
168
168
168
168
168
169
170
170
170
170
170
170
170
170
170
170
170
170
170
170
171
171
171
171
171
171
171
171
171
171
171
171
171
171
172
172
172
172
172
172
173
173
173
173
173
173
173
173
174
174
174
174
174
174
174
174
174
174
174
174
174
174
174
174
174
175
177
177
177
177
177
177
177
178
179
179
179
179
179
179
179
179
179
179
179
179
179
179
179
179
179
179
179
179
179
179
179
179
179
180
182
182
182
182
182
183
184
184
184
184
184
184
184
184
184
184
184
184
184
184
184
186
186
186
186
186
186
186
186
186
186
186
186
186
186
187
187
187
187
187
187
187
187
187
187
187
187
188
188
188
188
188
188
188
188
188
189
189
189
189
189
189
189
189
189
189
189
189
189
189
189
189
191
191
191
191
191
191
191
191
191
191
191
191
191
191
191
191
191
191
191
191
193
193
193
194
196
196
196
196
196
197
198
198
198
198
198
198
198
198
198
198
198
198
198
198
198
199
199
199
199
199
199
199
199
199
199
199
199
199
199
200
200
200
200
200
200
200
200
200
200
200
200
201
201
201
201
201
201
201
201
201
202
202
202
202
202
202
202
202
202
202
202
202
202
202
202
203
203
203
203
203
203
203
203
203
203
203
203
203
203
204
204
204
204
204
204
204
204
204
204
204
204
204
204
204
204
205
205
205
205
205
205
205
205
205
205
205
205
205
205
205
205
206
206
206
206
206
206
206
206
206
206
206
206
206
206
208
208
208
208
208
208
208
208
208
208
208
208
208
208
208
208
208
208
208
208
210
210
210
211
213
213
213
213
213
214
215
215
215
215
215
215
215
215
215
215
215
215
215
215
215
216
216
216
216
216
216
216
216
216
216
216
216
216
216
217
217
217
217
217
217
217
217
217
217
217
217
218
218
218
218
218
218
218
218
218
219
219
219
219
219
219
219
219
219
219
219
219
219
219
220
220
220
220
220
220
220
220
220
220
220
220
220
220
220
220
222
222
222
222
222
222
222
222
222
222
222
222
222
222
222
222
222
222
224
224
224
224
224
224
224
224
224
224
224
224
224
224
224
225
225
225
225
225
225
225
225
225
225
225
225
225
225
225
225
226
226
226
226
226
226
226
226
226
226
226
226
227
227
227
227
227
227
227
227
227
229
229
229
229
229
229
229
229
229
229
229
229
229
229
229
229
229
229
231
231
231
231
231
231
231
233
233
233
234
236
236
236
236
236
237
238
238
238
239
241
241
241
241
241
241
241
242
243
243
243
243
243
243
244
246
246
246
246
246
247
248
248
248
249
251
251
251
251
251
251
251
252
253
253
253
253
253
253
254
256
256
256
256
256
257
258
258
258
259
261
261
261
261
261
261
261
262
263
263
263
263
263
263
264
265
265
