18
18
18
18
18
18
18
18
18
18
18
18
18
20
20
20
20
20
20
20
21
21
21
21
21
21
21
23
23
23
23
23
23
23
23
23
23
23
23
23
24
24
24
24
24
24
24
24
24
24
24
24
24
36
36
36
36
36
36
36
36
36
38
38
38
38
38
45
45
45
45
45
45
45
45
46
46
46
46
46
47
47
47
47
47
47
47
47
47
48
57
57
57
57
57
57
57
57
57
57
57
57
58
58
58
58
58
58
58
59
59
59
59
59
59
59
59
59
60
70
70
71
71
71
71
71
71
71
71
71
72
72
72
72
72
72
72
72
72
73
73
73
73
73
73
73
73
74
74
74
74
74
74
74
75
75
75
75
75
75
75
75
75
75
75
76
76
76
76
76
76
76
76
76
76
76
77
78
78
78
78
78
78
78
78
78
78
78
79
79
79
79
79
79
79
79
79
79
79
80
81
81
81
81
81
81
81
81
81
81
81
81
81
81
82
82
82
83
83
83
83
83
83
83
83
83
83
83
83
83
83
84
85
86
94
94
94
94
94
94
94
104
104
104
104
104
104
104
104
104
104
104
105
105
105
105
105
105
105
105
105
105
106
107
108
