22
22
22
22
22
22
22
22
22
22
22
22
22
24
24
24
24
24
25
33
33
33
33
33
33
33
33
38
38
38
38
38
38
38
43
43
43
43
43
43
43
48
48
48
48
48
48
48
53
53
53
53
53
53
53
59
59
59
67
67
67
67
67
67
67
67
67
67
67
68
68
68
68
68
68
68
68
68
69
69
69
70
70
70
70
70
70
70
70
70
70
70
70
70
70
70
70
70
70
70
71
71
71
71
71
71
71
71
71
72
73
73
73
74
74
75
75
75
76
76
76
76
76
76
76
77
77
78
78
78
79
79
79
79
79
79
79
80
80
81
81
81
82
82
82
82
82
82
82
83
83
84
84
84
85
85
85
85
85
85
85
86
86
87
87
87
88
88
88
88
88
88
88
89
89
90
90
90
91
91
91
91
91
91
91
92
92
93
93
93
94
94
94
94
94
94
94
95
95
96
96
96
97
97
97
97
97
97
97
98
98
99
99
100
100
100
100
100
100
100
100
100
100
100
100
100
100
100
100
100
100
100
100
101
101
101
101
101
101
101
101
101
101
101
101
101
101
101
102
102
102
102
102
102
102
102
102
102
102
102
102
102
102
102
102
102
102
102
102
102
102
102
102
102
103
103
103
104
104
104
104
104
104
104
105
106
106
107
108
109
109
109
109
109
109
109
110
125
125
125
125
125
125
125
125
125
125
125
125
125
125
125
125
125
125
125
125
125
125
125
125
125
125
125
125
125
125
126
126
126
127
127
127
127
128
128
128
128
129
129
129
129
129
129
129
129
129
129
129
129
129
129
129
129
129
129
129
129
129
129
129
129
129
129
129
129
129
130
130
130
130
130
130
130
130
130
131
142
142
143
143
143
143
143
143
144
144
144
144
144
144
144
145
151
151
151
151
151
152
154
154
154
154
154
154
154
154
154
154
154
154
155
155
155
155
155
156
156
156
156
157
159
159
159
159
159
159
159
159
159
159
159
159
159
159
159
159
159
159
159
159
159
159
159
159
159
159
159
159
159
159
159
159
160
160
160
160
160
160
160
160
160
160
160
160
160
160
160
160
160
160
160
160
163
163
163
163
163
163
164
164
164
164
165
168
168
168
168
169
169
169
169
172
172
172
172
172
172
173
173
173
174
176
176
176
176
176
176
177
177
177
178
179
180
