1
1
1
1
1
1
1
1
1
1
1
1
1
3
3
3
3
3
3
3
4
4
4
4
4
4
4
5
5
5
5
5
5
5
6
6
6
6
6
6
6
8
8
8
8
8
8
8
9
9
9
9
9
9
9
9
9
11
11
11
11
11
11
11
11
11
13
13
13
13
13
13
13
13
13
13
13
14
14
14
14
14
14
14
14
14
14
14
14
14
16
16
16
16
16
16
16
16
16
16
16
16
16
17
17
17
17
17
17
17
17
17
17
17
17
17
17
17
27
27
27
28
28
28
28
28
28
28
28
29
29
29
29
29
30
31
31
31
31
31
31
31
31
39
39
39
40
41
41
41
41
41
41
41
41
41
41
41
41
41
43
43
43
43
43
43
43
43
43
43
43
43
43
49
49
49
49
49
49
50
61
61
61
61
61
61
61
61
61
69
69
69
69
69
69
69
69
69
78
78
78
78
78
78
90
90
90
90
90
90
90
99
99
99
99
99
107
107
107
107
107
107
109
109
109
109
109
109
110
111
111
111
111
111
111
112
112
112
112
112
112
113
113
113
113
113
113
114
114
114
114
114
114
115
117
117
117
117
117
117
117
118
119
119
119
119
119
119
119
119
119
119
119
119
119
119
119
120
122
122
122
122
122
122
122
123
124
124
124
124
124
124
124
124
124
124
124
124
124
124
124
125
127
127
127
127
127
127
127
127
127
127
127
127
127
135
135
136
136
136
136
136
136
137
137
137
137
137
137
137
138
146
146
147
147
147
147
147
147
147
147
147
147
149
149
149
149
149
149
149
150
158
158
159
159
159
159
159
159
159
159
159
159
161
163
163
164
164
164
164
164
164
164
164
164
164
166
168
168
169
169
169
169
169
169
169
169
169
169
171
173
173
174
174
174
174
174
174
174
174
174
174
174
174
174
176
184
184
185
185
185
185
185
185
185
186
186
186
186
187
189
191
191
192
192
192
192
192
192
192
192
192
193
194
194
194
194
194
194
194
194
194
194
195
195
195
195
195
195
195
196
196
196
196
196
196
196
196
196
197
198
198
198
199
200
200
200
200
201
201
201
201
201
201
201
201
201
201
201
202
204
204
205
205
205
205
205
205
205
205
205
205
207
209
209
210
210
210
210
210
210
210
210
210
210
212
214
214
215
215
215
215
215
215
215
215
215
215
215
215
216
217
217
217
217
217
217
217
217
217
217
218
218
218
219
221
221
221
221
221
222
222
222
222
223
223
223
224
224
224
224
224
224
224
224
224
225
226
226
226
226
226
226
226
226
226
226
226
227
235
235
236
236
236
236
236
236
236
237
237
237
237
237
237
237
237
238
239
239
239
239
239
239
239
239
239
239
240
240
240
240
240
241
241
241
241
242
243
243
243
243
243
243
243
243
243
244
244
244
245
246
246
246
246
246
246
246
246
246
247
247
247
247
248
250
250
251
251
251
251
251
251
251
251
251
251
251
251
252
253
253
253
253
253
253
253
253
253
253
254
254
254
255
257
257
257
257
257
258
258
258
258
259
259
259
260
260
260
260
260
260
260
260
260
261
262
262
262
262
262
262
263
265
265
266
266
266
266
266
266
266
267
267
267
267
267
267
267
267
267
267
267
267
268
268
269
270
270
270
270
270
270
270
270
270
270
271
271
271
271
271
271
271
271
271
272
273
273
273
273
273
273
273
273
273
274
274
274
274
274
275
275
275
275
275
275
275
276
276
276
277
277
277
277
277
277
277
278
279
279
279
279
279
279
280
280
280
280
281
283
283
284
284
284
284
284
284
284
285
285
285
285
285
285
286
286
286
286
286
286
286
286
286
286
286
286
286
286
287
287
288
289
289
289
289
289
289
289
289
289
289
290
290
290
290
290
290
290
290
290
291
292
292
292
292
292
292
292
292
292
293
293
293
293
293
294
294
294
294
294
294
294
294
294
294
294
295
295
295
296
296
296
296
296
296
296
296
296
296
296
297
298
298
298
298
298
298
299
299
299
299
300
302
302
303
303
303
303
303
303
303
304
304
304
304
304
304
304
304
304
305
305
306
307
307
307
307
307
307
307
307
307
307
308
308
308
308
308
308
308
308
308
309
310
310
310
310
310
310
310
310
310
311
311
311
311
311
311
311
312
312
312
312
312
312
313
313
313
313
314
316
316
317
317
317
317
317
317
317
318
318
318
318
318
318
318
318
318
319
319
320
321
321
321
321
321
321
321
321
321
321
322
322
322
322
322
322
322
322
322
323
324
324
324
324
324
324
324
324
324
325
325
325
325
325
325
325
326
326
326
326
326
326
327
327
327
327
328
330
330
331
331
331
331
331
331
331
332
332
332
332
332
332
332
332
332
333
333
334
335
335
335
335
335
335
335
335
335
335
336
336
336
336
336
336
336
336
336
337
338
338
338
338
338
338
338
338
338
339
339
339
339
339
339
339
340
340
340
340
340
340
341
341
341
341
342
344
344
345
345
345
345
345
345
345
346
346
346
346
346
346
346
346
346
347
347
348
349
349
349
349
349
349
349
349
349
349
350
350
350
350
350
350
350
350
350
351
352
352
352
352
352
352
352
352
352
353
353
353
353
353
353
353
354
354
354
354
354
354
355
355
355
355
356
358
358
359
359
359
359
359
359
359
360
360
360
360
360
360
360
360
360
361
361
362
363
363
363
363
363
363
363
363
363
363
364
364
364
364
364
364
364
364
364
365
366
366
366
366
366
366
366
366
366
367
367
367
367
367
367
367
368
368
368
368
368
368
369
369
369
369
370
372
372
373
373
373
373
373
373
373
374
374
374
374
374
374
374
374
374
375
375
376
377
377
377
377
377
377
377
377
377
377
378
378
378
378
378
378
378
378
378
379
380
380
380
380
380
380
380
380
380
381
381
381
381
381
381
381
382
382
382
382
382
382
383
383
383
383
384
386
386
387
387
387
387
387
387
387
388
388
388
388
388
388
388
388
388
389
389
390
391
391
391
391
391
391
391
391
391
391
392
392
392
392
392
392
392
392
392
393
394
394
394
394
394
394
394
394
394
395
395
395
395
395
395
395
396
396
396
396
396
396
397
397
397
397
398
401
401
402
402
402
402
402
402
402
403
403
403
403
403
403
404
404
404
404
404
404
404
404
404
404
404
405
405
405
405
405
405
405
405
405
405
405
406
406
407
408
408
408
408
408
408
408
408
408
408
409
409
409
409
409
409
409
409
409
410
411
411
411
411
411
411
411
411
411
412
412
412
412
412
412
412
412
412
412
412
412
412
413
413
413
413
413
413
414
414
414
414
415
417
417
418
418
418
418
418
418
418
419
419
419
419
419
419
420
420
421
422
422
422
422
422
422
422
422
422
422
423
423
423
423
423
423
423
423
423
424
425
425
425
425
425
425
425
425
425
426
426
426
426
427
430
430
430
430
430
430
430
431
431
431
431
431
431
432
432
433
434
434
434
434
434
434
434
434
434
434
435
435
435
435
435
435
435
435
435
436
437
437
437
437
437
437
437
437
437
438
438
438
438
438
438
438
438
438
438
438
438
438
438
438
439
439
439
439
440
442
442
443
443
443
443
443
443
443
443
443
444
446
446
446
446
446
446
446
446
446
447
460
460
460
460
461
461
461
461
461
461
461
461
462
463
463
463
463
463
463
463
463
465
465
465
465
465
465
466
466
466
466
466
466
466
466
466
466
466
466
466
466
467
467
467
467
467
467
467
467
467
467
467
467
468
468
468
468
468
468
468
468
468
468
468
468
468
468
469
476
476
476
476
477
477
477
477
477
477
477
477
478
479
479
479
479
479
479
479
479
481
481
481
481
481
481
483
483
484
484
484
484
484
484
484
484
484
484
485
485
486
487
487
487
487
487
487
487
488
490
490
491
491
491
491
491
491
491
491
491
491
491
491
492
493
493
493
493
493
493
493
494
496
496
497
497
497
497
497
497
497
497
497
497
498
504
504
504
504
505
505
505
505
505
505
505
505
506
507
507
507
507
507
507
507
507
509
509
509
509
509
510
510
511
511
511
511
511
512
512
513
513
513
513
513
513
513
513
513
514
514
514
514
514
514
514
514
515
515
515
515
515
515
515
515
515
515
515
515
516
518
518
518
518
518
518
518
519
519
519
519
519
519
519
519
519
519
519
519
519
520
520
521
521
521
521
521
521
521
521
521
522
524
524
524
524
524
524
526
526
527
527
527
527
527
527
527
527
527
527
529
529
530
530
530
530
530
530
530
530
530
530
530
530
531
532
532
532
532
532
532
532
533
533
533
533
534
534
534
534
534
534
534
535
535
535
535
535
535
535
535
535
535
535
536
536
536
536
536
536
537
538
538
538
538
538
538
538
538
538
538
538
539
541
541
542
542
542
542
542
542
542
542
542
542
542
542
543
544
544
544
544
544
544
544
545
545
545
545
546
546
546
546
546
546
546
547
547
547
547
547
547
547
547
547
547
547
548
548
548
548
548
548
549
550
550
550
550
550
550
550
550
550
550
550
551
552
553
554
