1
1
1
1
1
1
1
1
1
1
1
1
1
3
3
3
3
3
3
3
5
5
5
5
5
5
5
5
5
5
5
6
6
6
6
6
6
6
6
6
6
6
6
6
7
7
7
7
7
7
7
7
7
7
7
7
7
19
19
19
19
20
20
21
24
24
24
24
24
28
28
28
28
29
29
29
29
31
31
31
31
36
36
36
36
38
38
38
38
38
38
38
43
43
43
43
53
53
53
53
53
53
61
61
61
61
61
61
61
61
61
61
61
61
61
61
61
62
63
63
63
63
64
64
64
64
65
65
65
65
66
66
66
66
67
67
67
67
68
68
68
68
68
69
71
71
71
71
71
71
71
71
71
71
71
71
71
71
72
73
73
73
73
74
74
74
74
74
75
75
75
75
76
76
76
76
77
77
77
77
78
78
78
78
79
79
79
79
80
82
82
83
83
83
83
83
83
84
84
84
85
87
87
88
88
88
88
88
88
88
88
89
89
89
89
90
98
98
98
98
98
98
98
98
98
98
98
98
99
99
99
99
99
99
99
99
99
99
99
99
99
100
102
102
102
102
102
102
102
103
103
103
103
103
103
103
103
103
103
103
103
103
104
106
106
106
106
106
106
106
106
106
106
106
107
108
108
108
109
109
109
109
109
110
110
110
110
110
110
110
111
111
111
111
111
111
111
111
111
111
111
111
111
111
111
111
112
112
112
113
114
114
114
114
114
114
114
114
114
114
114
115
115
115
116
118
118
118
118
118
118
118
118
118
118
118
119
120
120
120
121
121
121
121
121
122
122
122
122
122
122
122
123
123
123
123
123
123
123
123
123
123
123
123
123
123
123
123
124
124
124
125
126
126
126
126
126
126
126
126
126
126
126
127
127
127
128
136
136
137
137
137
137
137
137
137
137
137
137
137
140
140
140
140
140
140
140
140
140
140
140
140
140
140
142
142
143
143
143
143
143
143
143
143
143
143
143
149
149
150
150
150
150
150
150
150
150
150
152
152
152
152
152
152
154
154
154
154
154
154
154
154
154
154
154
154
154
155
169
169
169
169
169
169
169
170
170
170
171
173
173
173
173
173
173
173
173
174
174
174
174
175
177
177
177
177
177
177
177
177
177
177
177
178
178
178
178
179
182
182
182
182
182
182
182
182
183
183
183
183
183
183
183
183
183
183
183
183
183
183
184
186
186
186
186
186
186
187
187
187
187
188
200
200
201
201
201
201
201
201
202
203
203
203
203
203
203
203
203
203
204
204
204
204
204
205
205
205
206
206
206
206
206
206
206
207
207
208
208
208
209
209
209
209
209
209
209
210
210
210
210
210
210
210
210
210
211
211
211
211
211
211
211
212
212
213
213
213
214
214
214
214
214
214
214
215
215
215
215
215
215
215
216
216
216
216
216
216
216
217
217
217
217
217
217
217
217
217
218
218
218
218
218
218
218
219
219
219
220
220
220
220
220
220
220
221
222
222
222
222
222
222
222
223
223
224
225
225
225
225
225
225
225
226
227
228
