18
18
18
18
18
18
18
18
18
18
18
20
20
20
20
20
20
20
21
21
21
21
21
21
21
22
22
22
22
22
22
22
23
23
23
23
23
23
23
24
24
24
24
24
24
24
25
25
25
25
25
25
25
25
25
27
27
27
27
27
27
27
27
27
27
27
28
28
28
28
28
28
28
28
28
28
28
28
28
29
29
29
29
29
29
29
29
29
29
29
29
29
52
52
52
52
52
52
56
56
56
56
56
56
56
56
61
61
61
61
61
61
61
61
63
63
63
63
69
69
69
69
74
74
74
74
74
75
75
75
75
76
76
76
76
76
77
81
81
81
81
81
81
81
82
82
82
82
83
83
83
83
85
85
85
85
85
85
85
85
85
85
85
85
85
85
85
87
87
87
87
87
87
87
87
87
87
87
87
87
87
87
87
87
87
87
87
87
87
87
88
88
88
88
88
88
88
89
89
89
89
89
89
91
91
91
91
91
91
91
91
92
92
92
92
92
92
94
94
94
94
94
94
94
94
94
94
94
95
95
95
95
95
95
96
96
96
96
96
96
96
96
96
96
96
96
96
96
96
96
96
97
99
99
99
99
99
99
99
99
99
99
99
99
99
100
107
107
108
108
108
108
108
108
108
108
109
109
109
109
109
109
109
110
110
110
110
110
110
111
112
112
112
112
113
113
113
113
113
113
114
123
123
123
123
123
123
124
124
124
125
133
133
133
133
133
133
134
134
134
135
143
143
143
143
143
143
144
144
144
145
153
153
153
153
153
153
153
154
154
154
155
165
165
165
165
165
165
165
165
165
165
165
165
165
165
165
165
165
165
165
166
166
166
166
166
166
166
166
166
166
166
167
187
187
187
187
187
187
187
187
187
187
187
187
187
187
187
187
187
187
187
187
187
187
187
188
188
188
190
190
190
190
190
191
191
191
191
191
191
192
192
192
193
193
193
193
193
193
193
194
196
196
196
196
196
196
196
196
196
196
196
196
196
196
197
197
197
197
197
197
197
198
198
198
198
198
198
198
198
198
198
198
198
198
198
199
199
199
199
199
199
199
200
200
200
200
200
200
200
200
200
200
200
200
200
200
201
201
201
201
201
201
201
202
202
202
202
202
202
204
204
204
204
204
204
204
204
205
205
205
205
205
205
205
206
206
206
206
206
206
206
206
206
208
208
208
208
208
208
208
208
208
208
208
208
208
208
208
208
208
208
208
208
208
209
209
209
209
209
209
209
209
209
209
210
212
212
212
212
212
212
212
212
212
212
212
213
214
214
214
214
214
214
214
215
215
215
215
215
215
215
216
217
225
225
225
225
225
225
225
225
225
225
226
226
226
226
227
229
230
