6
6
6
6
6
6
6
6
6
8
8
8
8
8
8
8
8
8
8
8
8
8
8
9
9
9
9
9
9
9
9
9
9
9
9
9
9
10
10
10
10
10
10
10
10
10
10
10
10
10
10
11
11
11
11
11
11
11
11
11
11
11
11
11
11
12
12
12
12
12
12
12
12
12
12
12
12
12
12
13
13
13
13
13
13
13
13
13
13
13
13
13
13
14
14
14
14
14
14
14
14
14
14
14
14
14
14
15
15
15
15
15
15
15
15
15
15
15
15
15
15
16
16
16
16
16
16
16
16
16
16
16
16
16
16
17
17
17
17
17
17
17
17
17
17
17
17
17
17
18
18
18
18
18
18
18
18
18
18
18
18
18
18
19
19
19
19
19
19
19
19
19
19
19
19
19
19
20
20
20
20
20
20
20
20
20
20
20
20
20
20
21
21
21
21
21
21
21
21
21
21
21
21
21
21
22
22
22
22
22
22
22
22
22
22
22
22
22
22
23
23
23
23
23
23
23
23
23
23
23
23
23
23
24
24
24
24
24
24
24
24
24
24
24
24
24
24
25
25
25
25
25
25
25
25
25
25
25
25
25
25
26
26
26
26
26
26
26
26
26
26
26
26
26
26
27
27
27
27
27
27
27
27
27
27
27
27
27
27
28
28
28
28
28
28
28
28
28
28
28
28
28
28
29
29
29
29
29
29
29
29
29
29
29
29
29
29
30
30
30
30
30
30
30
30
30
30
30
30
30
30
31
31
31
31
31
31
31
31
31
31
31
31
31
31
32
32
32
32
32
32
32
32
32
32
32
32
32
32
33
33
33
33
33
33
33
33
33
33
33
33
33
33
35
35
35
35
35
35
35
36
36
36
36
36
36
36
38
38
38
38
38
38
38
38
38
38
38
39
39
39
39
39
39
39
39
39
39
39
40
40
40
40
40
40
40
40
40
40
40
41
41
41
41
41
41
41
41
41
41
41
42
42
42
42
42
42
42
42
42
42
42
43
43
43
43
43
43
43
43
43
43
43
44
44
44
44
44
44
44
44
44
44
44
45
45
45
45
45
45
45
45
45
45
45
46
46
46
46
46
46
46
46
46
47
47
47
47
47
47
47
47
47
49
49
49
49
49
50
51
51
51
51
51
51
51
51
51
51
51
51
51
51
51
53
53
53
53
55
55
55
55
55
55
57
57
57
57
59
59
59
59
59
59
60
61
61
61
61
61
61
63
63
63
63
63
63
63
64
64
64
64
64
64
64
65
65
65
65
65
65
65
66
66
66
66
66
66
66
67
67
67
67
67
67
67
68
68
68
68
68
68
68
69
69
69
69
69
69
69
70
70
70
70
70
70
70
71
71
71
71
71
71
71
72
72
72
72
72
72
72
73
73
73
73
73
73
73
74
74
74
74
74
74
74
75
75
75
75
75
75
75
76
76
76
76
76
76
76
77
79
79
79
79
79
79
79
80
81
81
81
81
81
81
83
83
83
83
83
83
85
86
87
87
87
87
87
87
87
87
87
88
89
89
89
89
89
90
91
91
91
91
91
91
91
91
91
92
94
94
94
95
97
97
97
97
97
97
97
97
97
97
97
97
97
98
99
99
99
99
99
100
100
100
100
100
102
102
102
102
102
102
102
102
102
102
102
102
102
102
102
103
103
103
103
103
103
103
103
103
103
103
103
103
103
103
105
105
105
105
105
105
105
105
105
105
105
106
107
107
107
107
107
107
107
107
107
108
108
108
108
108
108
108
108
108
108
108
108
108
108
110
110
110
110
111
112
112
112
113
114
114
114
114
114
114
115
115
116
118
118
118
119
120
120
120
120
120
120
120
120
120
121
121
121
121
121
121
122
122
122
122
122
122
122
123
123
124
126
126
126
127
128
128
128
128
128
128
128
128
128
129
129
129
129
129
129
130
130
130
130
130
130
130
131
131
132
134
134
134
135
136
136
136
136
136
136
136
136
136
136
136
136
136
136
136
136
136
136
136
137
137
137
137
138
138
138
138
139
139
140
142
142
142
143
144
144
144
144
144
144
144
144
144
144
144
144
144
144
144
144
144
144
144
144
144
145
145
146
148
148
148
149
150
150
150
150
150
150
150
150
150
150
152
152
152
152
152
154
154
154
154
154
154
155
156
156
156
156
157
158
158
158
158
158
158
158
158
158
158
158
158
158
158
158
158
159
160
160
160
160
160
160
160
160
160
162
162
162
162
162
162
162
164
164
164
164
165
167
167
167
167
167
167
167
167
167
169
169
170
172
172
172
173
174
174
174
174
174
174
174
174
174
174
176
176
176
176
176
176
176
176
176
177
178
178
178
178
178
178
178
178
178
179
180
181
182
182
182
182
182
182
182
182
182
183
184
184
185
187
187
187
188
188
188
188
188
188
188
188
188
188
188
188
188
188
188
188
188
188
188
188
188
189
189
191
191
192
192
192
192
192
193
193
194
195
196
198
198
198
198
198
198
198
198
198
198
198
198
198
198
198
198
198
198
198
199
199
199
199
199
199
199
199
199
199
199
199
199
199
199
199
199
199
199
199
199
199
199
199
200
201
201
201
201
201
201
201
201
201
202
202
202
202
202
202
202
204
204
204
204
204
204
204
204
204
204
205
205
205
205
205
205
205
205
205
205
205
205
205
205
205
205
205
205
207
207
207
207
207
207
207
208
208
208
208
208
208
208
209
209
209
209
209
209
209
211
211
211
212
214
214
215
215
215
215
215
215
215
215
215
215
215
215
216
217
217
217
217
217
217
217
217
217
217
217
217
217
217
222
222
222
222
222
222
223
224
224
224
224
224
224
224
224
224
224
224
224
224
224
224
225
227
227
227
227
227
227
227
227
227
228
229
230
