17
17
17
17
17
17
17
17
17
17
17
17
17
19
19
19
19
19
19
19
19
19
19
19
19
19
20
20
20
20
20
20
20
20
20
20
20
20
20
20
20
21
21
21
21
21
21
21
21
21
21
21
21
21
21
21
26
26
26
26
26
26
27
27
27
27
27
28
28
28
28
28
28
29
29
29
29
30
30
30
30
30
39
39
39
40
40
40
40
41
41
41
41
42
42
42
42
42
43
43
43
43
43
44
44
44
44
44
44
45
45
45
45
45
45
46
48
48
49
49
49
49
49
49
50
50
50
51
53
53
54
54
54
54
54
54
55
55
55
55
56
58
58
59
59
59
59
59
59
60
60
60
60
60
60
61
61
61
61
62
64
64
65
65
65
65
65
65
65
65
65
66
66
66
66
66
66
66
66
66
67
67
67
67
68
70
70
70
70
70
70
70
70
70
71
71
71
71
71
71
71
71
72
72
72
73
74
75
75
75
76
78
78
79
79
79
79
79
79
80
80
80
80
80
80
81
81
81
81
82
82
82
82
82
82
82
82
83
83
83
83
83
83
83
83
83
83
83
83
84
84
84
85
85
85
86
87
89
89
89
89
89
90
90
90
90
90
90
90
90
92
92
92
92
92
92
92
93
93
93
94
96
96
96
96
96
96
96
96
96
96
97
97
97
98
98
98
99
100
101
102
103
