17
17
17
17
17
17
17
17
17
17
17
19
19
19
19
19
19
19
19
19
20
20
20
20
20
20
20
21
21
21
21
21
21
21
22
22
22
22
22
22
22
23
23
23
23
23
23
23
24
24
24
24
24
24
24
25
25
25
25
25
25
25
26
26
26
26
26
26
26
27
27
27
27
27
27
27
27
27
28
28
28
28
28
28
28
30
30
30
30
30
30
30
30
30
30
30
31
31
31
31
31
31
31
31
31
31
31
32
32
32
32
32
32
32
32
32
32
32
33
33
33
33
33
33
33
33
33
33
33
34
34
34
34
34
34
34
34
34
34
34
35
35
35
35
35
35
35
35
35
35
35
36
36
36
36
36
36
36
36
36
36
36
37
37
37
37
37
37
37
37
37
37
37
38
38
38
38
38
38
38
38
38
38
38
39
39
39
39
39
39
39
39
39
39
39
40
40
40
40
40
40
40
40
40
40
40
41
41
41
41
41
41
41
41
41
41
41
41
41
41
41
42
42
42
42
42
42
42
42
42
42
42
42
42
42
42
43
43
43
43
43
43
43
43
43
43
43
43
43
43
43
44
44
44
44
44
44
44
44
44
44
44
44
44
44
44
45
45
45
45
45
45
45
45
45
45
45
45
45
45
45
46
46
46
46
46
46
46
46
46
46
46
46
46
46
46
47
47
47
47
47
47
47
47
47
47
47
47
47
47
47
48
48
48
48
48
48
48
48
48
48
48
48
48
48
48
49
49
49
49
49
49
49
49
49
49
49
49
49
49
49
50
50
50
50
50
50
50
50
50
50
50
50
50
50
50
50
50
51
51
51
51
51
51
51
51
51
51
51
51
51
51
51
51
51
52
52
52
52
52
52
52
52
52
52
52
52
52
52
52
52
52
53
53
53
53
53
53
53
53
53
53
53
53
53
53
53
53
53
54
54
54
54
54
54
54
54
54
54
54
54
54
55
55
55
55
55
55
55
55
55
55
55
55
55
56
56
56
56
56
56
56
56
56
56
56
56
56
61
61
61
61
61
61
67
67
67
67
67
67
67
67
69
69
69
69
69
69
69
69
69
69
69
70
70
70
70
70
70
70
70
70
70
71
71
71
71
71
71
71
73
73
73
73
73
73
73
73
73
75
75
75
75
75
75
75
75
76
76
76
76
76
76
76
76
76
76
76
78
78
79
79
79
79
79
79
79
79
79
79
80
80
80
80
80
80
80
80
80
80
81
81
81
81
81
81
81
81
81
81
82
82
82
82
82
82
82
82
82
82
85
85
85
85
85
85
86
86
87
87
87
88
88
88
88
88
88
88
89
89
89
89
89
89
89
90
93
93
93
93
93
93
94
94
95
95
95
96
96
96
96
96
96
96
97
97
97
97
97
97
97
98
101
101
101
101
102
102
103
104
104
104
105
105
105
106
106
106
106
106
106
106
107
107
107
107
107
107
107
108
110
110
110
110
110
110
110
110
110
110
111
111
111
111
112
117
117
117
117
117
117
117
117
118
118
118
118
118
118
118
119
119
120
120
120
120
120
120
120
121
121
121
121
121
121
121
121
121
121
121
121
121
122
122
122
122
122
122
122
122
122
122
122
123
123
124
124
124
124
124
124
124
124
124
124
124
124
124
125
125
125
125
125
125
125
125
125
125
125
125
125
125
125
126
126
126
126
126
126
126
126
126
126
126
126
126
126
126
127
127
127
127
127
128
129
129
129
130
131
139
139
139
139
139
139
139
139
139
139
140
140
140
140
140
141
141
141
141
141
141
141
142
142
142
142
143
144
153
153
153
153
153
153
153
153
153
153
154
154
154
154
154
155
155
155
155
155
155
155
155
155
155
155
156
156
156
156
157
157
157
158
159
165
165
165
165
165
165
165
165
165
166
166
166
167
170
170
170
170
172
172
172
172
173
173
173
173
180
180
180
180
180
180
180
181
181
181
181
181
182
182
182
182
182
182
182
182
182
183
191
191
191
191
191
191
191
192
192
192
192
192
192
192
192
192
193
193
193
193
193
193
193
195
195
195
195
195
196
196
196
196
197
199
199
199
199
199
199
199
200
200
200
200
200
200
201
201
201
201
202
202
202
202
203
203
203
203
203
203
203
203
204
204
204
204
204
204
205
205
205
205
205
206
207
207
208
208
208
208
209
209
209
209
210
210
210
210
210
210
210
210
211
211
212
212
212
212
212
213
213
213
213
213
213
213
213
214
216
216
216
216
216
217
217
217
217
217
217
217
218
218
218
218
218
218
218
218
218
218
218
218
218
219
220
220
220
220
220
220
220
220
221
222
222
222
222
222
222
222
222
222
222
222
223
231
231
231
231
231
231
232
232
232
233
235
235
236
236
236
236
236
236
236
236
236
237
237
237
237
237
237
237
237
237
237
237
237
238
245
245
245
245
245
245
245
245
245
246
246
246
248
248
248
248
248
249
249
249
249
249
250
250
250
250
251
251
251
251
251
251
251
251
251
251
251
251
251
251
252
252
252
252
252
252
252
253
253
253
253
253
253
253
253
253
253
253
254
255
256
256
257
257
257
257
257
257
257
257
257
257
257
257
258
259
261
261
261
261
261
261
261
262
262
262
263
265
265
265
265
265
265
265
265
265
265
265
265
265
265
265
265
267
267
267
267
267
268
268
268
268
268
269
269
269
269
269
269
269
269
270
270
270
270
270
270
270
270
270
270
270
270
270
270
271
271
271
271
271
271
271
271
271
272
272
272
272
272
272
272
272
272
272
272
272
272
273
273
273
273
273
273
273
273
273
273
273
273
273
273
273
273
273
273
273
273
274
274
274
274
274
274
275
276
277
277
277
277
278
279
279
279
279
279
279
279
279
279
279
279
279
279
280
281
281
282
282
282
282
282
282
282
282
282
283
284
286
286
286
287
295
295
296
296
296
296
296
296
296
296
296
297
297
297
297
297
297
297
297
297
330
330
330
330
330
330
330
330
331
369
369
369
369
369
369
369
369
369
369
369
369
369
370
370
370
370
370
370
370
370
370
370
370
370
371
371
371
371
371
371
371
372
372
372
372
372
372
372
372
372
372
372
372
373
373
373
373
373
374
374
374
374
375
376
376
376
377
378
378
378
378
378
378
378
379
379
379
379
379
379
379
379
379
380
380
380
380
380
380
380
380
381
381
381
381
381
381
381
381
381
381
381
381
382
382
382
382
382
383
383
383
383
384
385
386
386
386
386
386
386
386
387
387
387
387
387
387
387
387
387
387
387
387
387
388
388
388
388
388
388
388
388
389
389
389
389
389
389
389
389
389
389
390
391
391
391
391
391
391
391
391
391
391
391
391
391
392
393
393
393
394
403
403
404
404
404
404
404
404
404
404
404
404
404
404
404
405
405
405
405
405
405
405
405
405
406
406
406
406
406
406
406
406
406
406
407
416
416
416
416
416
416
416
416
416
416
416
416
416
416
416
416
416
417
417
417
417
417
417
417
417
417
417
418
418
418
418
418
418
418
418
418
418
418
419
419
419
419
419
419
419
419
419
419
419
419
419
420
420
420
420
421
422
422
423
423
424
424
424
424
424
424
424
424
424
424
425
425
426
426
426
426
426
426
426
426
427
428
428
428
428
428
428
428
428
428
428
428
429
430
430
430
431
440
440
441
441
441
441
441
441
441
441
441
442
442
442
442
442
442
442
442
442
442
442
443
453
453
453
453
453
453
453
453
453
453
453
453
453
454
454
454
454
454
454
454
454
454
454
455
457
457
458
458
458
458
458
458
458
458
458
459
459
459
459
459
459
459
459
459
459
459
460
468
468
468
468
468
468
468
468
468
468
468
468
468
469
469
469
469
469
469
469
469
469
469
469
469
470
470
470
470
470
470
470
471
471
471
471
471
471
471
471
471
471
471
471
471
472
473
473
473
473
473
473
473
474
474
474
474
474
474
474
474
474
474
474
474
474
474
474
474
474
474
474
474
475
475
475
475
475
476
476
476
476
477
478
478
478
478
478
478
479
480
480
480
480
480
480
480
480
480
480
480
480
480
480
481
483
483
484
484
484
484
484
484
484
484
484
484
484
484
484
485
485
485
485
485
485
485
485
485
485
485
485
486
494
494
494
494
494
494
494
494
494
494
494
494
494
494
494
494
494
495
495
496
496
496
496
496
496
496
496
496
496
496
497
498
498
498
498
498
498
498
499
499
499
499
500
500
500
500
500
500
500
501
502
504
504
505
505
505
505
505
505
505
505
505
506
506
506
506
506
506
506
506
506
506
506
507
515
515
515
515
515
515
515
515
515
515
515
515
515
516
516
517
517
517
517
517
517
517
517
517
517
517
517
517
518
518
518
520
520
520
520
520
520
520
521
521
521
521
521
521
521
522
523
523
523
523
523
523
523
523
524
524
524
524
524
524
524
524
524
525
525
525
525
525
525
525
525
526
527
527
528
528
528
528
528
530
530
530
530
530
530
530
530
530
531
532
532
532
532
532
532
532
532
532
532
532
532
532
533
534
534
534
534
534
534
534
535
535
535
535
536
536
536
536
537
537
537
538
539
541
541
542
542
542
542
542
542
542
542
542
542
542
542
542
543
543
543
543
543
543
543
543
543
543
543
543
543
544
553
553
553
553
553
553
553
553
553
553
553
553
554
554
554
554
554
555
555
556
556
556
556
556
556
556
556
556
556
556
556
557
558
558
558
558
558
558
558
559
559
559
559
560
560
560
560
561
561
561
562
563
573
573
573
573
573
573
573
573
573
573
573
573
573
573
573
573
574
574
574
574
574
575
575
575
575
575
575
575
575
575
575
575
575
575
576
576
576
578
578
578
578
578
578
578
579
579
579
579
579
579
579
580
581
581
581
581
581
581
581
581
582
582
582
582
582
582
582
582
582
583
583
583
583
583
583
583
583
584
585
585
586
586
586
586
586
587
587
587
587
587
588
591
591
591
591
591
591
591
591
591
592
593
593
593
593
593
594
594
594
594
594
594
594
594
594
594
594
594
594
594
594
594
595
596
596
597
597
597
597
597
597
597
598
599
599
599
600
607
607
607
607
607
607
607
607
607
608
608
608
608
608
608
608
608
609
609
609
609
609
609
609
609
609
609
609
609
609
609
610
610
610
610
611
612
612
613
613
613
613
614
615
625
625
626
626
626
626
626
626
626
626
626
627
627
627
627
627
627
627
627
627
627
627
628
639
639
639
639
639
639
639
639
639
639
639
639
639
640
640
640
640
640
640
640
640
640
640
641
643
643
644
644
644
644
644
644
644
644
644
645
645
645
645
645
645
645
645
645
645
646
653
653
653
653
653
653
653
653
653
653
653
653
653
654
654
655
655
655
655
655
655
655
655
655
655
655
655
655
655
656
656
656
656
656
656
656
657
657
657
657
657
657
658
659
660
660
660
660
660
660
660
661
661
661
661
662
662
662
662
663
663
663
664
665
667
667
668
668
668
668
668
668
668
668
668
669
669
669
669
669
669
669
669
669
669
670
677
677
677
677
677
677
677
677
677
677
677
677
677
678
678
679
679
679
679
679
679
679
679
679
680
680
680
680
680
680
680
680
680
680
680
680
681
681
681
681
681
681
681
681
681
682
682
682
682
682
682
682
682
682
682
682
683
684
684
684
684
684
684
684
684
684
684
684
685
685
685
685
685
685
685
685
686
686
686
686
686
686
686
686
686
687
687
687
687
687
687
687
687
687
687
687
687
687
688
688
688
688
688
688
689
689
689
689
689
689
689
689
689
690
690
690
690
690
690
690
690
690
690
690
690
690
690
690
690
690
690
691
692
693
694
694
694
694
694
694
694
695
695
695
695
696
696
696
696
697
697
697
698
699
701
701
702
702
702
702
702
702
702
702
702
703
703
703
703
703
703
703
703
703
703
704
704
704
704
704
704
704
705
705
705
705
706
707
707
707
707
708
709
709
709
709
709
709
709
709
709
709
709
710
712
712
713
713
713
713
713
713
714
714
714
715
721
721
721
721
721
721
722
722
722
722
722
722
723
729
729
729
729
729
729
730
730
730
730
730
730
730
730
730
731
731
731
731
731
731
731
731
731
732
738
738
738
738
738
738
739
739
739
739
739
739
739
739
739
740
740
740
740
740
740
741
748
748
748
748
748
748
748
748
748
749
749
749
749
749
749
749
749
750
750
750
750
750
750
750
750
750
750
750
751
759
759
759
759
759
759
759
759
759
759
759
759
759
759
759
760
760
760
760
760
760
760
760
760
760
761
761
761
761
761
761
761
761
761
761
762
762
762
762
762
763
763
763
764
764
764
765
765
765
765
765
765
765
766
766
766
766
766
766
766
766
767
767
767
767
767
767
767
768
768
768
768
768
768
768
768
768
768
768
768
768
769
769
769
769
769
769
769
770
770
770
771
772
773
773
773
773
773
773
773
773
774
775
775
775
775
776
776
776
776
776
776
776
776
776
777
779
779
780
780
780
780
780
780
780
780
780
780
780
780
780
781
781
781
781
781
781
781
781
781
782
782
782
782
782
782
782
782
782
782
782
783
784
784
784
784
784
784
784
784
784
785
787
787
788
788
788
788
788
788
788
788
788
789
789
789
789
789
789
789
789
790
796
796
797
797
797
797
797
797
797
797
797
798
798
798
798
798
798
798
798
799
801
801
802
802
802
802
802
802
802
802
802
803
803
803
803
803
803
803
803
803
804
804
804
804
804
804
804
804
804
804
804
805
806
806
806
806
806
806
806
806
806
806
807
809
809
810
810
810
810
810
810
811
811
811
811
811
811
811
812
818
818
818
818
818
818
819
819
819
819
819
819
820
820
820
821
826
826
827
827
827
827
827
827
827
827
827
828
828
828
828
828
828
828
829
829
829
829
829
829
829
829
829
829
829
829
830
831
840
840
840
840
840
840
840
840
840
841
841
841
841
841
842
842
843
843
844
844
844
844
844
844
844
844
844
845
846
846
846
846
846
846
846
847
847
847
848
849
849
849
849
849
849
849
849
849
849
849
849
849
850
850
850
850
850
850
850
851
852
852
852
852
852
852
852
853
853
853
853
853
853
853
853
853
853
853
854
855
856
857
