17
17
17
17
17
17
17
17
17
17
17
19
19
19
19
19
19
19
19
19
19
19
25
25
25
25
25
25
26
26
26
26
26
26
26
26
28
28
28
28
28
29
29
29
29
29
36
36
36
36
36
36
36
36
36
36
36
36
37
37
37
37
37
37
37
38
38
38
38
38
38
38
39
40
40
40
40
40
40
41
41
41
41
41
41
42
44
44
45
45
45
45
45
45
45
45
45
46
46
46
46
46
46
46
46
47
49
49
50
50
50
50
50
50
50
50
50
51
51
51
51
51
51
51
51
51
51
52
54
54
55
55
55
55
55
55
55
55
55
55
55
55
55
56
56
56
56
57
57
57
58
60
60
61
61
61
61
61
61
61
61
61
62
62
62
62
63
63
63
64
65
66
