6
6
6
6
6
6
6
6
6
6
6
8
8
8
8
8
8
8
8
8
8
8
8
8
8
10
10
10
10
10
10
10
11
11
11
11
11
11
11
12
12
12
12
12
12
12
13
13
13
13
13
13
13
14
14
14
14
14
14
14
16
16
16
16
16
16
16
16
16
16
16
18
18
18
18
18
19
20
20
20
20
20
20
20
20
20
20
20
20
20
20
20
20
22
22
22
22
23
24
26
26
26
26
26
26
26
26
26
26
27
28
28
28
28
28
28
28
28
28
29
31
31
32
32
32
32
32
33
34
34
34
34
34
34
34
34
36
36
36
36
36
36
36
36
36
36
36
36
36
36
36
36
36
36
38
38
38
38
38
38
38
40
40
40
40
40
40
40
41
42
42
42
42
42
42
42
42
42
42
42
42
42
42
42
42
42
42
42
42
42
42
42
42
42
42
42
42
44
44
44
44
44
44
44
44
44
44
44
44
44
44
44
44
44
44
44
45
47
47
47
47
47
47
47
48
50
50
50
50
50
50
50
51
52
52
52
52
52
52
52
52
54
54
54
54
54
54
54
54
54
54
54
54
54
54
54
54
54
54
56
56
56
56
56
56
56
58
58
58
58
58
58
58
58
58
58
59
60
60
60
60
60
60
60
60
60
60
62
62
62
62
62
62
62
62
62
62
62
62
62
62
62
62
62
62
62
62
62
62
62
62
62
62
62
62
64
64
64
64
64
64
64
64
64
64
64
64
64
64
65
67
67
67
67
67
67
67
68
70
70
70
70
70
71
72
72
72
72
72
72
72
73
75
75
76
76
76
76
76
76
76
76
76
76
77
78
78
78
79
80
81
