6
6
6
6
6
6
6
6
6
6
6
8
8
8
8
8
8
8
8
8
8
8
8
8
8
9
9
9
9
9
9
9
9
9
9
9
9
9
9
10
10
10
10
10
10
10
11
11
11
11
11
11
11
12
12
12
12
12
12
12
13
13
13
13
13
13
13
14
14
14
14
14
14
14
15
15
15
15
15
15
15
17
17
17
17
17
17
17
17
17
17
17
18
18
18
18
18
18
18
18
18
18
18
18
18
19
19
19
19
19
19
19
19
19
19
19
19
19
20
20
20
20
20
20
20
20
20
20
20
20
20
22
22
22
22
22
23
24
24
24
24
24
24
24
24
24
26
26
26
26
28
28
28
28
28
28
29
30
30
30
30
30
30
30
30
30
30
30
30
31
31
31
31
31
31
32
34
34
35
35
35
35
35
36
37
37
37
37
37
37
37
37
39
39
39
39
39
39
39
39
39
39
39
39
39
39
39
39
39
39
39
39
39
39
39
39
39
41
41
41
41
41
41
41
41
41
41
41
41
41
41
41
41
41
41
41
41
42
43
43
44
44
44
44
44
44
44
44
44
44
44
44
44
44
44
44
44
44
44
44
44
44
44
44
45
46
46
46
46
46
46
46
46
46
46
46
46
46
46
46
46
47
48
48
48
50
50
50
50
50
52
52
52
52
52
52
52
52
52
52
52
52
52
52
53
54
54
54
54
54
54
54
54
54
55
55
55
55
55
55
55
55
55
57
57
57
57
57
57
57
57
57
57
57
57
57
57
57
57
58
58
58
58
58
58
58
58
58
58
58
58
60
60
60
60
62
62
62
62
62
62
62
62
62
62
63
64
64
65
66
68
68
68
68
68
68
68
69
71
71
71
71
71
71
71
72
73
73
73
73
73
73
73
73
73
73
75
75
75
75
75
75
76
77
77
77
77
78
79
80
81
81
81
82
84
84
84
84
84
84
84
84
84
85
87
87
88
88
88
88
88
88
88
88
88
88
89
90
90
90
90
90
90
90
90
90
90
90
90
92
92
92
92
92
92
92
93
94
94
94
94
94
94
94
94
94
96
96
96
96
96
97
98
99
100
