18
18
18
18
18
18
18
18
18
18
18
20
20
20
20
20
20
20
21
21
21
21
21
21
21
22
22
22
22
22
22
22
23
23
23
23
23
23
23
23
23
25
25
25
25
25
25
25
26
26
26
26
26
26
26
26
26
27
27
27
27
27
27
27
27
27
29
29
29
29
29
29
29
29
29
29
29
29
29
36
36
36
36
36
36
40
40
40
40
42
42
42
42
42
44
44
44
44
44
46
46
46
46
46
48
48
48
48
48
50
50
50
50
50
52
52
52
52
52
54
54
54
54
54
54
54
55
55
55
55
55
55
56
63
63
63
63
63
63
63
64
64
64
65
66
71
71
71
71
71
72
72
72
72
72
72
72
73
80
80
80
80
80
80
80
80
81
81
81
81
81
81
81
82
90
90
90
90
90
90
90
90
90
90
90
90
91
91
91
91
91
91
91
91
91
92
99
99
99
99
99
99
99
99
100
100
100
100
100
100
100
101
108
108
108
108
108
108
108
108
109
109
109
109
109
109
109
110
118
118
118
118
118
118
118
118
118
118
118
118
119
119
119
119
119
119
119
119
119
120
129
129
129
129
129
129
129
129
129
129
129
129
129
129
129
129
130
130
130
130
130
130
130
130
130
131
145
145
145
145
145
145
145
145
145
145
145
145
145
145
145
145
145
145
146
146
146
146
146
146
146
146
146
147
147
147
147
147
147
147
147
147
147
147
147
147
147
147
147
147
147
147
147
147
147
148
148
148
149
151
151
151
151
151
152
152
152
152
154
154
154
154
154
154
154
154
154
154
154
154
154
154
154
154
154
154
154
154
154
154
154
154
154
154
154
154
154
155
155
155
155
155
155
155
155
155
156
156
156
156
156
156
156
156
156
157
158
158
158
158
158
158
158
159
160
160
160
160
162
162
162
162
162
162
162
162
162
162
162
162
162
162
162
162
162
162
162
162
162
162
162
162
164
164
164
164
164
164
164
164
164
164
164
165
165
165
165
165
165
165
165
165
165
165
165
165
165
165
165
165
165
165
165
167
167
167
167
167
167
167
167
167
167
167
167
167
167
167
167
167
167
167
167
167
167
167
169
169
169
169
169
169
169
169
169
169
169
169
169
169
169
170
170
170
170
170
170
170
170
170
170
170
170
170
170
170
170
170
170
170
170
171
171
171
171
171
171
171
171
171
171
171
171
171
171
171
171
171
172
172
172
172
172
172
172
172
172
173
173
173
173
173
173
173
173
173
173
173
173
173
173
173
173
173
173
173
173
173
175
175
175
175
175
175
175
175
175
175
175
175
175
175
176
176
176
176
176
176
176
176
176
177
177
177
177
177
177
177
177
177
178
179
179
179
179
179
179
179
180
181
181
181
181
184
184
184
184
184
184
184
184
184
184
184
184
184
184
184
184
184
184
184
184
184
184
184
184
185
185
185
186
187
187
187
187
187
187
187
187
187
187
187
187
187
187
187
187
187
187
187
187
187
188
188
188
188
188
188
188
188
188
189
189
189
189
189
189
189
189
189
190
191
191
191
191
191
191
191
192
193
193
193
194
194
194
194
195
195
195
195
195
195
195
195
195
196
196
196
196
196
196
196
196
196
197
197
197
197
197
197
197
197
197
198
199
199
199
199
199
199
199
200
201
202
202
202
203
217
217
217
217
217
217
217
217
217
217
217
217
217
217
217
217
217
217
218
218
218
218
218
218
218
218
218
219
219
219
219
219
219
219
219
219
219
220
229
229
229
229
229
229
229
229
229
229
229
230
230
230
230
230
230
230
230
230
230
230
230
230
230
231
231
231
231
231
231
231
231
231
232
232
232
232
232
232
232
232
232
232
232
233
233
233
233
233
233
233
234
235
235
235
235
235
235
235
235
235
235
235
235
235
235
236
237
237
237
237
237
237
237
238
239
241
