18
18
18
18
18
18
18
18
18
18
18
18
18
20
20
20
20
20
20
20
21
21
21
21
21
21
21
22
22
22
22
22
22
22
23
23
23
23
23
23
23
24
24
24
24
24
24
24
25
25
25
25
25
25
25
26
26
26
26
26
26
26
27
27
27
27
27
27
27
28
28
28
28
28
28
28
30
30
30
30
30
30
30
30
30
30
30
30
30
31
31
31
31
31
31
31
31
31
31
31
31
31
61
61
61
61
61
61
63
63
63
63
63
63
63
63
63
63
63
65
65
65
65
65
65
65
65
65
65
65
65
65
65
65
65
65
65
66
66
67
67
67
67
67
67
67
67
67
67
67
67
67
67
67
67
68
68
68
68
68
68
68
68
68
68
68
68
68
68
68
68
69
69
69
69
69
69
69
69
69
69
69
69
69
69
69
69
70
70
70
70
70
70
70
70
70
70
70
70
70
70
70
70
71
73
73
73
73
73
73
73
73
73
74
74
74
74
74
74
74
74
74
74
74
74
74
74
76
76
76
76
76
76
76
76
76
76
76
77
77
77
77
77
77
77
77
77
77
77
77
77
77
77
78
78
78
78
78
78
78
78
78
78
78
78
78
78
78
78
79
79
79
79
79
79
79
79
79
79
79
79
79
79
79
79
79
79
79
79
80
80
80
80
80
80
80
80
80
80
80
80
80
80
80
80
82
82
82
82
82
82
82
83
83
83
84
86
86
86
86
86
86
86
86
86
86
87
87
87
87
87
87
87
87
88
97
97
97
97
97
97
97
97
97
97
98
98
98
98
99
99
99
99
100
100
100
100
100
100
100
100
100
100
101
101
101
101
101
101
101
101
102
102
102
102
103
103
103
104
104
104
104
104
104
104
104
105
105
105
105
106
107
107
107
107
107
107
107
107
107
107
107
109
109
109
109
109
109
109
110
110
110
110
110
110
110
110
110
110
111
111
111
111
111
111
111
111
111
111
112
112
112
112
112
112
112
113
113
113
113
113
113
113
113
113
113
113
113
113
114
114
114
114
114
114
114
114
114
114
114
114
114
114
114
115
115
115
116
117
117
117
117
117
117
117
118
118
118
118
118
118
119
119
119
119
119
119
119
119
119
120
121
121
121
122
131
131
131
131
131
131
131
131
131
131
132
132
132
132
132
132
132
132
132
132
133
138
138
138
138
138
139
144
144
144
144
144
144
144
144
144
144
144
144
144
145
145
145
145
145
145
145
145
145
145
145
145
145
147
147
147
147
147
148
148
148
149
149
149
149
149
149
149
149
149
149
149
149
149
149
149
150
150
151
151
151
152
152
152
152
152
152
152
152
152
152
152
152
152
152
152
153
153
154
154
154
155
155
155
155
155
155
155
155
155
155
155
155
155
155
155
156
156
157
157
157
158
158
158
158
158
158
158
158
158
158
158
158
158
158
158
159
159
160
160
160
162
162
163
163
163
164
164
164
164
164
164
164
164
164
164
164
164
164
164
164
165
165
166
166
166
167
167
167
167
167
167
167
167
167
167
167
167
167
167
167
168
168
169
169
169
170
170
170
170
170
170
170
170
170
170
170
170
170
170
170
171
171
172
172
172
173
173
173
173
173
173
173
173
173
173
173
173
173
173
173
174
174
175
175
175
176
176
176
176
176
176
176
176
176
176
176
176
176
176
176
177
177
178
178
179
179
181
182
183
185
185
186
186
186
186
186
186
186
186
186
187
187
187
187
187
187
187
187
187
187
188
188
188
188
188
188
188
188
188
188
188
189
189
189
189
189
189
189
189
189
190
190
190
190
190
190
190
191
191
191
191
191
191
191
191
191
191
191
191
192
192
192
193
194
194
194
196
197
197
197
197
197
197
197
197
197
197
197
197
197
197
197
198
198
198
198
198
198
198
198
198
198
198
198
198
198
198
198
198
198
199
199
199
200
201
201
201
201
201
201
201
201
201
202
202
202
202
202
202
202
202
202
202
202
203
203
203
204
205
205
205
205
205
205
205
205
205
206
206
206
206
206
206
206
207
207
207
207
207
207
207
207
207
207
208
208
208
208
208
208
208
208
208
208
208
208
208
209
209
209
209
209
209
209
209
209
209
209
209
209
209
209
209
209
209
209
209
209
210
210
210
210
210
210
210
210
210
211
211
211
211
211
211
211
211
211
211
211
211
211
211
211
211
215
215
215
215
215
215
215
215
215
216
216
216
217
218
218
218
218
218
218
218
218
218
218
218
218
218
218
218
218
219
219
219
219
219
219
219
219
219
220
220
220
220
220
220
220
220
220
221
221
222
223
223
223
223
223
223
223
223
223
223
223
223
223
224
224
224
224
224
224
224
224
224
224
224
224
224
224
224
224
224
225
225
225
225
225
225
225
225
225
225
225
225
226
226
226
226
226
226
226
226
226
226
226
226
227
227
227
227
227
227
227
227
227
228
228
228
228
228
228
228
229
229
229
230
231
231
231
231
231
231
231
232
232
232
232
232
232
232
232
232
232
232
232
233
233
233
233
233
233
233
233
233
233
233
234
234
234
234
234
234
234
235
235
235
235
235
235
235
235
235
236
236
236
237
237
237
237
237
237
237
237
237
237
237
238
239
239
239
239
239
239
239
239
239
239
239
239
240
240
240
240
240
240
240
240
240
240
240
240
240
240
240
240
240
240
240
240
240
240
241
241
241
241
241
241
241
241
241
241
242
242
242
242
242
242
242
243
243
243
243
243
243
243
243
243
243
243
243
244
244
244
244
244
244
244
245
245
245
245
245
245
245
245
245
245
245
245
246
246
246
246
246
246
246
246
246
246
246
246
247
247
247
247
247
247
247
247
247
247
247
247
247
247
247
248
248
248
248
248
248
248
248
248
248
248
248
248
248
248
249
249
249
249
249
249
249
249
249
249
249
250
250
250
250
250
250
250
250
250
250
250
250
251
251
251
251
251
251
251
251
251
251
251
251
251
251
252
253
253
253
255
256
257
258
259
259
259
259
259
259
259
259
259
259
259
259
259
259
260
260
260
260
260
260
260
261
262
263
263
263
264
265
266
