18
18
18
18
18
18
18
18
18
20
20
20
20
20
20
20
21
21
21
21
21
21
21
22
22
22
22
22
22
22
24
24
24
24
24
24
24
24
24
24
24
24
24
35
35
35
35
35
35
36
36
36
36
36
36
36
36
36
38
38
38
38
38
39
39
39
39
39
46
46
46
46
46
46
46
46
47
47
47
47
47
47
47
47
47
48
48
48
48
48
48
49
56
56
56
56
56
56
56
56
56
57
57
57
57
57
57
57
58
67
67
67
67
67
67
67
67
67
67
67
67
67
68
68
68
68
70
70
70
70
70
70
70
70
70
70
70
70
72
72
72
72
72
72
72
72
72
73
73
73
73
73
73
73
73
73
73
73
73
74
75
86
86
86
86
86
86
86
86
86
86
86
86
86
87
87
87
87
88
88
88
88
88
88
88
88
88
88
88
88
90
90
90
90
90
90
90
90
90
91
91
91
91
91
91
91
91
91
91
91
91
92
93
100
100
100
100
100
100
101
101
101
101
101
101
101
102
104
104
104
104
104
104
104
104
104
104
104
104
104
104
104
104
104
105
105
105
105
105
105
105
106
117
117
117
117
117
117
117
117
117
118
118
118
118
118
118
118
119
121
121
121
121
121
121
121
121
121
121
121
121
121
121
121
122
122
122
122
122
122
122
123
125
126
