18
18
18
18
18
18
18
18
18
18
18
27
27
27
27
27
29
29
29
29
29
29
29
29
32
32
32
32
32
32
32
32
35
35
35
35
35
35
35
35
38
38
38
38
38
38
38
38
41
41
41
41
41
41
41
41
44
44
44
44
44
44
44
44
47
47
47
47
47
47
47
47
50
50
50
50
50
50
50
50
53
53
53
53
53
53
53
53
56
56
56
56
56
56
56
56
59
59
59
59
59
59
59
59
62
62
62
62
62
62
62
62
65
65
65
65
65
65
65
65
68
68
68
68
68
68
68
68
71
71
71
71
71
71
71
71
74
74
74
74
74
74
74
74
77
77
77
77
77
77
77
77
80
80
80
80
80
80
80
80
83
83
83
83
83
83
83
83
86
86
86
86
86
86
86
86
89
89
89
89
89
89
89
89
92
92
92
92
92
92
92
92
95
95
95
95
95
95
95
95
95
95
95
95
95
95
95
95
95
95
95
95
95
95
95
95
95
95
95
95
95
95
95
95
95
95
95
95
95
95
95
95
95
96
96
96
96
96
96
96
96
96
98
98
98
98
98
98
98
98
99
99
99
99
99
99
99
99
108
108
108
108
108
108
108
108
108
108
109
109
109
109
109
109
109
109
110
119
119
119
119
119
119
119
119
119
119
120
120
120
120
120
120
120
120
120
121
124
124
124
124
124
125
126
127
