18
18
18
18
18
18
18
18
18
18
18
28
28
28
28
28
28
28
29
29
29
29
29
29
29
30
30
30
30
30
30
30
31
31
31
31
31
31
31
33
33
33
33
40
40
40
40
40
40
40
40
40
40
40
40
40
40
40
40
40
40
41
41
41
41
41
41
41
41
41
42
42
42
42
42
42
42
42
42
42
43
43
43
43
43
47
47
47
47
47
47
47
48
48
48
48
48
48
48
48
48
49
49
49
50
50
50
50
50
50
50
50
50
50
51
51
51
51
52
52
52
55
55
55
55
55
55
56
57
60
60
60
60
60
60
60
61
61
61
61
61
61
61
62
62
62
62
62
62
63
63
63
63
63
63
63
63
63
64
68
68
68
68
68
69
70
70
70
70
70
70
70
70
70
70
70
70
71
71
71
71
71
71
71
71
71
72
72
72
72
72
72
72
72
72
72
75
75
75
75
75
75
75
76
76
76
76
76
76
76
77
77
77
77
77
77
77
77
77
78
83
83
83
83
83
83
83
83
83
83
83
83
83
83
83
83
83
83
83
83
83
83
83
83
83
83
83
83
83
83
83
83
83
85
85
85
85
85
85
86
86
86
86
86
86
86
86
87
87
87
87
87
87
88
89
89
89
89
90
91
95
95
95
95
95
95
95
95
95
95
95
95
95
95
95
95
95
95
95
95
96
96
96
96
97
102
102
102
102
102
102
102
102
102
103
103
103
103
103
105
105
105
105
105
105
105
105
105
105
105
105
105
105
105
105
105
105
105
105
105
105
105
105
105
105
105
105
105
106
106
106
106
106
106
106
107
107
108
109
111
111
111
111
111
111
111
112
112
112
112
112
112
112
112
112
112
112
112
112
112
112
113
116
116
116
116
116
116
116
117
117
117
117
117
117
117
117
117
117
118
118
118
119
119
119
119
119
119
119
119
120
122
122
122
122
122
122
123
123
123
123
123
123
124
127
127
127
127
127
127
127
128
128
128
128
128
128
129
129
129
129
129
129
129
129
130
130
130
130
130
130
131
132
140
140
140
140
140
140
140
140
140
140
140
140
140
140
141
141
141
141
141
141
141
141
141
142
142
142
142
142
142
142
142
142
142
142
142
142
142
142
142
142
142
142
142
143
143
143
143
143
143
143
143
143
143
144
144
144
144
144
144
144
144
144
145
145
145
145
145
145
145
145
145
146
146
146
146
146
146
146
146
146
146
146
146
146
146
146
147
148
148
148
148
148
148
148
148
149
149
149
149
149
149
150
151
152
152
152
153
160
160
160
160
160
160
160
160
160
162
162
162
162
162
164
164
164
164
164
164
164
164
164
164
164
164
164
164
164
164
164
164
164
164
165
165
165
166
169
169
169
169
169
169
169
169
169
169
169
169
169
169
169
169
169
169
169
169
169
169
169
169
169
169
169
169
170
170
170
170
172
172
172
172
172
172
172
172
172
172
172
172
172
172
172
172
172
172
172
172
173
173
173
173
173
173
173
178
178
178
178
178
178
178
179
179
179
179
179
179
179
179
180
182
182
182
182
182
182
182
182
182
182
184
184
184
184
184
184
184
184
184
184
184
184
184
185
185
186
188
188
188
188
188
188
188
188
188
188
188
197
197
197
197
197
197
197
197
197
197
197
197
197
197
197
197
197
197
197
198
198
198
198
198
198
198
198
198
198
198
198
198
198
198
198
198
198
198
198
198
198
198
198
198
198
198
198
198
198
198
198
198
199
199
199
199
199
199
199
199
199
200
200
200
201
202
205
205
205
205
205
205
205
206
206
207
211
211
211
211
211
211
211
212
212
212
212
212
212
212
212
212
212
212
212
212
212
212
212
212
212
212
212
212
212
212
212
212
212
212
212
212
212
212
212
212
212
212
212
212
212
212
212
212
212
212
212
212
213
213
213
213
213
213
213
216
216
216
216
216
216
216
217
217
217
217
217
217
217
217
218
220
220
220
220
220
220
220
220
220
220
223
223
223
223
223
223
223
223
223
223
223
223
223
224
224
225
227
227
227
227
227
227
227
227
227
227
227
229
229
229
229
229
229
229
230
230
231
235
235
235
235
235
235
235
236
236
236
236
236
236
236
236
237
237
237
238
238
238
238
238
238
238
238
239
240
240
240
240
240
240
242
242
242
242
242
242
242
242
242
242
242
242
242
242
242
244
244
244
245
245
245
245
245
245
245
245
245
245
245
245
245
245
245
245
245
245
245
245
245
245
245
245
245
247
249
249
249
249
249
249
249
250
250
250
250
250
250
250
250
251
253
253
253
253
253
253
253
253
253
253
253
253
253
253
253
253
253
253
253
254
254
254
254
254
254
255
257
257
257
257
257
257
258
258
258
258
258
258
258
258
258
258
258
258
258
258
258
258
258
258
258
258
258
258
258
258
258
258
258
258
258
258
258
258
258
258
258
258
260
260
260
260
260
260
261
261
261
261
261
261
261
261
262
262
262
262
262
262
263
263
263
266
266
266
266
266
266
266
266
266
267
267
267
267
267
267
267
267
268
268
268
268
268
268
268
268
270
270
270
270
270
270
270
270
270
270
270
270
270
270
270
270
270
270
270
270
271
271
271
271
271
271
272
274
274
274
274
274
274
275
275
275
275
275
275
277
277
277
277
277
277
278
278
278
278
278
278
281
281
281
281
281
281
282
282
282
282
282
282
283
285
285
285
285
286
288
288
288
288
288
288
289
289
289
289
291
298
298
298
298
298
298
298
298
298
299
299
299
299
299
299
299
300
300
300
300
300
300
300
300
300
300
300
300
300
300
300
300
300
300
300
300
300
300
300
300
300
300
300
300
300
300
300
300
300
300
300
300
301
301
302
302
302
302
302
302
302
305
305
305
305
305
305
305
305
305
305
305
305
305
305
305
306
306
306
306
306
306
306
307
307
307
307
307
307
307
307
308
308
308
309
309
309
309
309
309
309
309
310
313
313
313
313
314
317
317
317
317
317
317
317
317
317
317
317
317
317
317
317
317
317
317
317
317
317
317
317
317
317
317
319
319
319
320
320
320
320
320
320
320
320
323
323
323
323
323
323
323
324
324
324
324
324
324
325
325
325
326
326
326
326
326
326
327
332
332
332
332
332
332
332
332
332
332
332
332
332
332
332
332
332
332
332
333
333
333
333
333
333
333
333
334
336
336
336
336
336
336
336
336
337
337
337
337
337
337
337
337
341
341
341
341
344
344
344
344
345
345
345
345
345
345
345
345
345
345
345
348
348
348
348
348
349
350
351
360
360
360
360
360
360
360
360
360
360
360
360
360
360
361
361
361
361
361
361
361
362
362
362
363
365
365
365
365
365
365
365
365
365
365
365
365
365
365
365
368
368
368
368
368
368
368
368
368
369
369
369
369
369
369
369
369
369
369
370
370
370
370
370
370
370
371
372
374
374
374
374
374
374
374
374
374
375
375
375
376
378
378
378
378
378
378
378
378
378
379
379
379
379
379
379
380
380
380
380
382
382
382
382
382
384
384
384
384
384
384
385
385
385
385
385
387
387
387
387
387
387
387
387
387
388
388
388
388
388
388
388
388
388
389
391
391
391
391
391
391
391
391
391
391
391
391
391
391
391
391
391
391
391
391
392
392
392
392
392
392
392
392
392
393
393
393
393
393
393
393
393
393
393
393
393
393
393
394
395
397
397
397
397
397
397
397
397
397
397
397
397
397
397
397
397
397
397
397
397
398
398
398
398
398
398
400
400
400
401
410
410
410
410
410
410
410
410
410
410
410
410
410
410
411
411
411
411
411
411
411
411
411
411
411
411
411
411
412
423
423
424
424
424
424
424
424
424
424
424
424
424
425
425
425
425
425
425
425
426
426
426
427
428
428
428
428
428
428
428
428
428
428
428
429
431
432
