18
18
18
18
18
18
18
18
18
18
18
18
18
20
20
20
20
20
20
20
21
21
21
21
21
21
21
22
22
22
22
22
22
22
23
23
23
23
23
23
23
25
25
25
25
25
25
25
25
25
25
25
25
25
26
26
26
26
26
26
26
26
26
26
26
26
26
43
43
43
43
43
43
45
45
45
45
45
45
45
45
50
50
50
50
50
50
50
51
51
52
52
53
53
54
54
54
63
63
63
63
63
64
64
64
64
64
65
75
75
75
75
75
75
75
75
76
76
76
76
76
77
77
77
77
77
78
85
85
86
86
86
86
86
86
87
87
87
87
87
87
87
87
87
87
87
87
87
88
90
90
90
90
90
90
91
91
91
92
102
102
103
103
103
103
103
103
103
103
103
103
103
103
103
103
103
103
103
104
104
104
104
104
104
104
104
104
104
104
104
104
104
104
104
104
104
104
104
104
104
104
104
104
104
104
104
104
104
105
105
105
105
105
105
105
105
105
106
106
106
106
106
106
106
107
117
117
118
118
118
118
118
118
118
118
118
120
120
120
120
120
120
122
122
122
122
122
122
122
122
123
123
123
123
123
123
123
123
123
124
124
124
124
124
124
124
125
125
125
125
125
125
125
125
126
126
126
126
126
126
126
126
126
127
127
127
127
127
127
127
127
127
127
127
127
127
127
127
127
128
128
128
128
128
128
128
128
128
129
129
129
129
129
129
129
129
129
129
129
129
130
130
130
130
130
130
130
130
130
130
131
131
131
131
131
131
131
131
131
131
132
132
132
132
132
132
132
132
132
132
133
133
134
134
134
134
134
134
134
134
134
134
134
134
135
135
135
135
135
135
135
135
137
139
139
139
139
140
140
140
140
141
141
141
141
141
141
141
141
141
141
141
141
142
142
142
142
142
142
142
142
142
143
143
143
144
144
144
144
145
145
145
145
145
145
145
145
146
146
147
147
147
148
148
148
148
148
148
148
148
149
149
149
149
149
149
149
149
150
150
151
151
152
152
152
152
153
153
153
153
154
156
156
156
156
156
156
156
156
156
156
156
156
156
157
157
157
157
157
157
157
157
157
158
158
158
159
159
159
159
159
159
159
159
159
160
163
163
163
163
163
163
163
163
164
164
164
164
164
164
164
164
164
164
164
164
164
164
164
164
165
166
166
166
166
166
166
166
169
169
169
169
169
169
169
169
169
169
169
169
169
170
170
170
170
170
170
170
172
172
172
172
172
172
172
173
173
173
173
173
173
173
181
181
181
181
181
181
181
181
181
181
181
181
181
181
181
182
182
182
182
182
182
182
182
182
184
184
184
184
184
184
184
184
184
184
184
184
184
184
184
184
184
184
184
184
185
185
185
185
185
185
185
185
185
185
185
185
185
185
185
185
185
185
185
185
186
186
186
186
186
186
186
186
186
186
186
186
186
186
186
186
186
186
186
186
187
189
189
189
190
191
191
191
192
205
205
206
206
206
206
206
206
206
206
206
206
206
207
207
207
207
207
207
207
207
207
208
208
208
208
208
208
208
208
208
209
209
209
209
209
209
209
210
210
210
210
210
210
210
210
210
210
210
210
210
210
210
210
210
211
211
211
211
211
211
211
211
212
212
213
215
215
215
215
215
215
215
216
216
216
216
216
216
216
216
216
216
216
216
216
216
217
217
218
219
219
219
219
219
219
219
219
220
221
221
221
221
221
221
221
221
221
221
221
221
221
221
221
221
221
222
224
225
