1
1
1
1
1
1
1
1
1
1
1
1
1
3
3
3
3
3
3
3
4
4
4
4
4
4
4
5
5
5
5
5
5
5
6
6
6
6
6
6
6
7
7
7
7
7
7
7
8
8
8
8
8
8
8
10
10
10
10
10
10
10
10
10
11
11
11
11
11
11
11
11
11
12
12
12
12
12
12
12
12
12
14
14
14
14
14
14
14
14
14
14
14
15
15
15
15
15
15
15
15
15
15
15
15
15
16
16
16
16
16
16
16
16
16
16
16
16
16
17
17
17
17
17
17
17
17
17
17
17
17
17
18
18
18
18
18
18
18
18
18
18
18
18
18
19
19
19
19
19
19
19
19
19
19
19
19
19
20
20
20
20
20
20
20
20
20
20
20
20
20
22
22
22
22
22
22
22
22
22
22
22
22
22
23
23
23
23
23
23
23
23
23
23
23
23
23
24
24
24
24
24
24
24
24
24
24
24
24
24
25
25
25
25
25
25
25
25
25
25
25
25
25
25
25
26
26
26
26
26
26
26
26
26
26
26
26
26
26
26
32
32
32
33
33
34
34
35
40
40
40
40
40
40
40
40
48
48
48
48
48
48
48
48
48
49
50
50
50
50
50
50
50
51
51
51
51
51
51
51
52
52
52
52
52
52
52
53
58
58
58
58
58
59
72
72
72
72
72
87
87
87
87
87
103
105
105
105
105
106
106
106
106
112
112
112
112
112
112
113
114
114
114
114
114
115
115
115
115
115
115
115
115
115
115
116
116
116
116
116
116
116
116
116
117
117
117
117
117
117
117
117
118
119
120
120
120
121
123
123
123
123
123
123
123
124
124
124
124
125
125
125
125
125
125
125
125
125
125
125
126
128
128
128
128
128
128
128
128
128
128
128
128
129
129
129
129
129
129
129
129
129
129
129
129
130
130
130
130
130
130
130
130
130
130
130
130
130
130
130
130
130
130
130
130
130
130
131
145
145
145
145
145
145
158
158
158
158
160
160
160
160
168
168
168
168
168
173
173
173
173
173
180
180
180
180
192
192
192
192
194
194
194
194
194
200
200
200
200
202
202
202
202
204
204
204
204
214
214
214
214
226
226
226
226
226
226
234
234
234
234
234
234
246
246
246
246
246
246
250
250
250
250
251
251
251
251
255
255
255
255
263
263
263
263
263
263
263
263
263
263
263
263
264
264
264
264
264
264
264
264
264
265
265
266
267
267
267
267
267
268
268
268
268
269
269
269
269
270
270
270
270
270
270
270
270
271
271
271
271
272
272
272
272
272
272
272
272
272
272
272
272
272
273
273
273
273
273
273
273
273
273
273
273
273
273
274
274
274
274
274
276
276
276
276
277
277
278
278
278
278
278
278
278
278
279
279
279
279
279
279
279
280
280
280
280
280
280
280
280
280
281
281
282
286
286
286
286
286
286
286
286
286
287
287
287
287
287
287
288
288
288
289
289
289
289
289
290
290
290
290
290
293
293
293
293
293
293
294
294
295
295
295
295
295
296
296
296
296
296
296
296
296
299
299
299
299
299
299
299
300
300
300
300
300
300
301
301
301
302
302
302
302
302
302
303
304
304
305
305
306
306
306
306
306
306
306
306
306
306
306
307
308
309
311
311
312
312
312
312
312
312
313
313
313
313
313
314
316
316
317
317
317
317
317
317
318
318
318
319
321
321
322
322
322
322
322
322
322
322
323
323
323
323
324
329
329
329
329
329
329
329
329
330
330
330
330
331
345
345
346
346
346
346
346
346
347
347
347
348
350
350
351
351
351
351
351
351
351
351
351
351
353
353
354
354
354
354
354
354
354
354
354
354
356
356
357
357
357
357
357
357
357
357
357
358
358
358
359
367
367
367
367
367
367
367
367
368
368
368
368
368
368
368
368
369
369
369
369
369
369
369
370
370
370
371
373
373
373
373
373
373
373
373
374
374
374
374
374
374
374
374
374
375
375
375
375
375
375
375
376
376
376
377
379
379
379
379
379
379
379
379
379
380
380
380
380
380
380
380
380
380
380
380
380
380
381
383
383
383
383
383
383
383
383
383
383
383
384
384
384
384
384
385
385
385
385
385
386
386
386
387
387
387
387
387
388
389
389
389
390
392
392
393
393
393
393
393
393
394
394
394
395
403
403
404
404
404
404
404
404
405
405
405
406
408
408
409
409
409
409
409
409
409
409
409
409
409
410
410
410
410
410
410
410
410
410
410
410
410
410
410
410
411
411
411
411
411
411
411
412
412
412
413
431
431
431
431
431
431
432
432
432
432
432
432
432
433
441
441
442
442
442
442
442
442
442
442
442
442
442
442
442
443
446
446
446
446
446
446
446
446
447
447
447
447
447
447
447
448
448
448
454
454
454
454
454
454
454
454
455
455
455
455
455
455
455
455
455
455
455
455
455
456
456
456
456
456
456
456
456
456
457
457
457
457
457
457
457
457
457
457
457
457
457
457
457
457
459
459
459
459
459
459
460
461
462
462
462
462
462
462
462
463
475
475
476
476
476
476
476
476
476
477
479
479
479
480
480
480
480
480
480
480
480
480
480
480
480
480
480
480
481
481
481
481
481
481
481
481
481
482
482
482
482
482
482
482
482
483
483
483
484
484
484
484
484
484
484
484
485
487
487
487
487
487
487
487
488
488
488
488
488
488
488
488
488
489
490
490
490
491
493
493
494
494
494
494
494
494
494
495
497
497
497
497
497
498
498
498
498
498
498
498
498
498
498
498
498
498
498
498
499
499
499
499
499
499
499
499
500
501
501
501
501
501
501
501
502
504
504
505
505
505
505
505
505
505
506
507
507
507
507
507
507
508
508
508
508
509
509
510
510
510
510
510
510
510
510
510
510
510
510
510
510
510
510
510
510
511
511
511
511
511
511
512
512
512
513
513
513
513
513
513
514
515
515
515
515
515
515
515
516
516
516
516
516
516
516
516
516
517
517
517
519
519
519
519
520
521
521
521
521
521
521
522
523
525
525
526
526
526
526
526
526
526
526
526
526
528
528
529
529
529
529
529
529
530
530
530
531
538
538
539
539
539
539
539
539
540
540
540
540
540
540
540
541
547
547
548
548
548
548
548
548
549
549
549
549
549
549
549
550
559
559
560
560
560
560
560
561
562
562
562
562
562
563
563
563
563
563
563
563
563
563
564
564
564
564
564
564
566
566
566
566
566
566
570
570
570
570
570
570
570
570
570
571
571
571
571
571
571
572
572
572
573
573
573
573
574
576
576
576
576
576
576
577
577
577
578
580
580
580
580
580
580
580
580
580
581
589
589
590
590
590
590
590
591
592
592
592
592
592
593
593
593
593
593
593
593
593
593
594
594
594
594
594
594
594
594
594
594
595
595
595
595
595
595
595
595
595
596
596
596
596
596
596
596
597
597
597
597
597
597
597
598
598
598
598
598
598
598
598
598
599
599
599
599
600
600
600
600
600
600
601
601
601
602
603
603
603
603
603
603
603
604
604
604
604
604
604
604
604
604
604
605
605
605
605
605
605
605
606
606
606
606
606
606
606
606
607
607
607
607
607
607
607
607
608
608
608
608
608
608
608
609
609
609
609
610
610
610
610
611
611
611
611
611
611
612
612
612
613
614
615
615
615
615
616
616
616
616
617
617
617
617
617
617
618
618
618
619
621
621
621
621
621
621
621
622
622
622
622
623
623
623
623
623
623
623
623
623
623
623
623
624
624
624
624
624
624
624
624
624
624
624
624
624
624
624
624
625
625
625
626
626
626
626
626
626
626
626
626
626
626
627
628
628
628
628
628
629
629
629
629
629
629
629
629
629
630
630
630
630
631
631
631
631
631
631
632
632
632
633
634
636
636
637
637
637
637
637
637
637
637
637
637
637
637
637
638
638
638
638
638
638
638
640
640
640
640
640
640
640
641
642
642
642
642
642
642
643
643
643
643
643
643
643
643
643
643
644
644
644
644
645
645
645
645
645
645
646
646
646
647
648
649
649
649
649
649
649
649
649
649
650
676
676
677
677
677
677
677
677
677
678
679
679
679
679
680
680
680
680
682
682
682
682
682
682
682
683
683
683
683
683
684
684
684
684
685
685
685
685
687
687
687
687
687
688
688
688
689
689
689
689
689
689
689
689
689
689
689
689
689
690
690
691
691
691
692
692
692
692
692
692
692
692
692
692
692
692
692
693
693
694
694
694
695
695
695
696
696
696
696
696
696
696
696
697
697
698
698
698
701
701
701
701
701
702
702
702
702
703
703
703
703
703
703
703
704
704
704
704
704
704
705
705
705
706
706
706
706
706
706
706
706
706
706
706
707
708
708
709
709
712
712
712
712
712
712
713
714
714
714
715
717
717
717
717
717
717
717
720
720
720
720
720
720
720
720
720
722
722
722
722
722
724
724
724
724
724
724
725
725
725
725
725
725
725
725
725
725
725
725
725
726
726
726
726
726
726
726
726
726
727
728
728
728
728
728
728
728
728
728
731
731
731
731
731
731
732
732
732
732
733
733
734
735
735
735
735
735
735
735
735
735
736
736
736
736
736
736
736
740
740
740
740
740
740
740
740
740
740
741
741
741
741
741
741
742
744
744
744
744
747
747
747
747
747
747
747
747
747
748
751
751
751
751
751
752
752
752
752
752
753
753
753
753
753
755
755
755
755
755
756
756
756
756
757
757
757
757
757
757
757
757
757
760
760
760
760
760
760
761
761
761
761
761
761
761
761
761
761
761
761
761
762
762
762
762
762
762
762
762
762
763
765
765
765
765
765
765
765
765
765
767
767
767
767
767
767
768
768
768
768
768
768
768
768
768
769
770
771
771
771
771
771
771
771
771
771
771
771
771
771
771
771
771
772
772
772
772
772
772
772
772
773
773
773
775
775
775
775
775
777
777
777
777
777
778
778
778
778
779
779
779
779
779
779
780
780
780
780
780
780
780
780
781
781
781
781
781
781
781
781
781
781
781
781
781
782
782
782
782
782
782
782
782
782
783
784
784
784
784
784
784
784
784
784
784
784
785
785
785
785
785
785
785
785
785
786
786
786
786
786
787
787
787
787
787
787
787
787
789
789
789
789
789
789
790
790
790
790
790
790
790
790
790
791
791
791
791
791
792
792
792
792
792
792
792
792
793
793
793
793
793
794
794
794
794
802
802
802
802
802
802
804
804
804
804
804
804
804
804
804
805
805
805
805
805
805
805
805
805
806
806
806
806
806
806
806
806
806
806
810
810
810
810
810
810
811
811
811
811
811
811
811
811
811
811
811
811
811
812
812
812
812
812
812
812
812
812
813
814
815
815
815
815
815
815
815
815
815
816
817
817
817
817
817
817
817
817
817
818
818
818
818
818
818
818
818
818
818
819
819
820
820
820
820
820
820
820
820
820
820
820
820
821
824
824
824
824
824
824
825
825
825
825
825
825
825
825
825
825
825
825
825
826
830
830
830
830
830
830
830
830
830
831
831
831
831
831
831
831
831
831
835
835
835
835
836
836
836
836
836
836
837
837
837
837
837
837
837
837
837
838
838
838
838
838
838
838
838
838
838
838
838
839
839
839
839
839
839
840
840
841
842
842
842
842
842
842
842
842
842
842
842
844
844
844
844
844
844
844
844
844
844
845
845
845
845
845
845
846
846
847
850
850
850
851
851
851
851
851
852
852
853
856
856
856
856
856
856
856
857
857
857
857
857
857
858
858
858
858
858
858
858
858
858
859
859
859
859
859
860
860
860
860
860
860
860
861
861
862
862
862
862
862
862
863
864
865
887
887
888
888
888
888
888
888
888
889
890
890
890
890
891
891
891
891
891
891
891
892
892
892
892
892
893
893
893
893
894
894
894
894
897
897
897
897
897
897
897
897
897
899
899
899
899
899
899
900
900
900
901
902
902
902
902
902
903
903
903
904
906
906
906
906
906
906
906
909
909
909
909
909
909
909
909
909
910
910
910
910
910
911
911
911
911
911
911
912
912
912
912
912
912
912
912
912
912
912
912
912
913
913
913
913
913
913
914
914
914
915
916
916
916
916
916
916
916
916
916
917
917
917
917
917
917
918
918
918
918
919
919
920
921
921
921
921
921
921
921
921
921
922
922
922
922
922
922
922
923
923
923
923
923
923
923
923
923
923
925
925
925
925
925
925
926
927
927
927
927
928
928
928
928
928
928
929
929
929
930
933
933
933
933
933
934
934
934
934
934
935
935
935
935
935
936
936
936
936
942
942
942
942
942
942
944
944
944
944
944
944
945
945
945
945
945
945
945
946
947
947
947
947
947
947
947
947
947
947
947
947
947
947
947
947
948
948
948
948
948
948
948
948
949
949
950
950
950
950
950
952
952
952
952
952
953
953
953
953
954
954
954
954
954
954
955
955
955
955
955
955
955
955
956
956
956
956
956
956
956
956
956
956
956
956
956
957
957
957
957
957
957
958
958
958
959
959
959
959
959
959
959
959
959
959
959
960
960
960
960
960
960
961
962
962
963
963
963
963
963
964
964
964
964
964
964
966
966
966
966
966
966
967
967
967
967
967
967
967
967
967
967
967
968
968
968
968
968
969
969
969
969
969
969
969
969
970
970
970
970
970
971
971
971
971
973
973
973
973
977
977
977
977
977
977
978
978
978
978
978
978
979
979
979
980
982
982
982
982
982
982
982
983
983
983
983
983
983
984
984
984
984
984
984
985
985
986
986
986
986
986
987
987
987
987
988
988
989
989
989
989
989
989
990
991
991
991
992
995
995
995
995
995
995
995
996
997
997
997
997
997
998
998
998
999
999
999
999
999
999
999
999
999
999
999
999
999
1000
1000
1001
1001
1001
1002
1002
1002
1002
1002
1002
1002
1002
1002
1002
1002
1002
1002
1003
1003
1004
1004
1004
1005
1005
1005
1006
1006
1006
1006
1006
1006
1006
1006
1007
1007
1008
1008
1008
1009
1009
1009
1009
1009
1009
1009
1009
1009
1009
1009
1010
1010
1011
1011
1012
1012
1012
1012
1012
1013
1014
1022
1022
1023
1023
1023
1023
1023
1023
1023
1024
1025
1025
1025
1025
1025
1025
1025
1026
1026
1026
1027
1028
1028
1028
1028
1028
1029
1029
1029
1030
1030
1030
1030
1030
1031
1031
1031
1032
1032
1032
1033
1033
1034
1034
1034
1034
1034
1034
1034
1035
1036
1038
1038
1039
1039
1039
1039
1039
1039
1039
1039
1039
1039
1040
1040
1040
1040
1040
1040
1040
1041
1041
1041
1041
1041
1041
1041
1041
1041
1041
1041
1041
1041
1041
1041
1042
1044
1044
1045
1045
1045
1045
1045
1045
1045
1045
1046
1046
1046
1046
1046
1046
1046
1047
1047
1047
1047
1047
1047
1047
1047
1047
1047
1047
1047
1047
1047
1047
1048
1050
1050
1051
1051
1051
1051
1051
1051
1051
1051
1052
1052
1052
1053
1059
1059
1060
1060
1060
1060
1060
1061
1062
1062
1062
1063
1065
1065
1066
1066
1066
1066
1066
1066
1066
1066
1066
1067
1068
1068
1068
1068
1068
1068
1068
1069
1069
1069
1069
1069
1069
1069
1070
1070
1070
1071
1072
1072
1072
1072
1072
1072
1072
1073
1073
1073
1073
1073
1073
1073
1074
1082
1082
1083
1083
1083
1083
1083
1083
1083
1083
1085
1085
1085
1086
1088
1088
1089
1089
1089
1089
1089
1089
1089
1089
1089
1089
1089
1090
1091
1091
1091
1091
1091
1091
1091
1091
1092
1092
1092
1092
1092
1092
1092
1092
1092
1092
1092
1092
1092
1093
1093
1093
1093
1093
1093
1093
1093
1093
1094
1098
1098
1098
1098
1098
1098
1098
1099
1099
1100
1100
1100
1100
1100
1100
1100
1101
1101
1101
1101
1101
1101
1101
1102
1102
1102
1102
1102
1102
1102
1102
1102
1102
1102
1102
1102
1102
1102
1102
1103
1104
1105
1105
1105
1106
1108
1108
1108
1108
1108
1109
1109
1109
1109
1109
1109
1109
1109
1109
1109
1109
1110
1111
1111
1111
1111
1111
1111
1111
1112
1112
1112
1112
1112
1112
1112
1112
1113
1113
1113
1113
1113
1113
1113
1113
1113
1114
1114
1114
1114
1114
1114
1114
1115
1123
1123
1124
1124
1124
1124
1124
1124
1125
1125
1125
1126
1128
1128
1129
1129
1129
1129
1129
1129
1129
1129
1130
1130
1130
1130
1130
1130
1130
1131
1131
1131
1131
1131
1132
1135
1135
1135
1135
1135
1135
1135
1135
1135
1135
1135
1136
1136
1136
1136
1136
1137
1138
1138
1138
1138
1138
1138
1138
1138
1138
1138
1138
1139
1139
1139
1139
1139
1140
1141
1141
1141
1141
1141
1142
1144
1144
1145
1145
1145
1145
1145
1145
1145
1145
1146
1146
1146
1146
1146
1146
1146
1147
1147
1147
1147
1147
1148
1151
1151
1151
1151
1151
1151
1151
1151
1151
1151
1151
1152
1152
1152
1153
1154
1154
1154
1154
1154
1154
1154
1154
1154
1154
1154
1155
1155
1155
1156
1157
1157
1157
1157
1157
1157
1157
1157
1157
1157
1157
1158
1158
1158
1159
1160
1160
1160
1160
1161
1161
1161
1162
1164
1164
1165
1165
1165
1165
1165
1165
1165
1165
1166
1166
1166
1166
1166
1166
1166
1166
1166
1166
1166
1167
1167
1167
1167
1167
1167
1167
1168
1168
1168
1168
1168
1169
1170
1170
1170
1170
1170
1170
1170
1170
1170
1170
1170
1171
1171
1171
1171
1172
1173
1174
1174
1174
1175
1177
1177
1178
1178
1178
1178
1178
1178
1178
1178
1179
1179
1179
1179
1179
1179
1179
1179
1179
1179
1179
1180
1180
1180
1180
1180
1180
1180
1181
1181
1181
1181
1181
1182
1183
1183
1183
1183
1183
1183
1183
1183
1183
1183
1183
1184
1184
1184
1184
1185
1186
1187
1187
1187
1188
1190
1190
1191
1191
1191
1191
1191
1191
1191
1191
1192
1192
1192
1192
1192
1192
1192
1192
1192
1192
1192
1193
1193
1193
1193
1193
1193
1193
1194
1194
1194
1194
1194
1195
1196
1196
1196
1196
1196
1196
1196
1196
1196
1196
1196
1197
1197
1197
1197
1198
1199
1200
1200
1200
1201
1203
1203
1204
1204
1204
1204
1204
1204
1204
1204
1205
1205
1205
1205
1205
1205
1205
1205
1205
1205
1205
1206
1206
1206
1206
1206
1206
1206
1207
1207
1207
1207
1207
1208
1209
1210
1210
1210
1210
1210
1211
1213
1213
1214
1214
1214
1214
1214
1214
1214
1214
1215
1215
1215
1215
1215
1215
1215
1215
1215
1215
1215
1216
1216
1216
1216
1216
1216
1216
1217
1217
1217
1217
1217
1218
1219
1220
1220
1220
1220
1220
1221
1223
1223
1224
1224
1224
1224
1224
1224
1224
1224
1225
1225
1225
1225
1225
1225
1225
1225
1225
1225
1225
1226
1226
1226
1226
1226
1226
1226
1227
1227
1227
1227
1227
1228
1229
1230
1230
1230
1230
1230
1231
1235
1235
1235
1235
1235
1235
1235
1235
1235
1235
1235
1236
1236
1236
1236
1236
1236
1236
1236
1236
1237
1237
1238
1239
1239
1239
1239
1239
1239
1239
1239
1239
1239
1239
1240
1243
1243
1243
1243
1243
1243
1243
1243
1244
1245
1245
1245
1245
1245
1245
1245
1245
1245
1245
1246
1246
1246
1246
1246
1246
1246
1247
1247
1247
1247
1247
1247
1247
1247
1247
1247
1249
1249
1249
1249
1249
1249
1249
1249
1249
1249
1249
1249
1249
1249
1250
1250
1250
1250
1250
1250
1250
1250
1250
1250
1250
1250
1250
1250
1250
1251
1251
1251
1251
1251
1251
1251
1251
1251
1251
1252
1252
1252
1252
1252
1252
1252
1252
1252
1252
1252
1253
1253
1253
1253
1254
1255
1256
1256
1256
1256
1256
1257
1258
1258
1258
1259
1261
1261
1261
1261
1261
1261
1261
1262
1264
1264
1264
1264
1264
1264
1264
1264
1264
1264
1264
1266
1266
1266
1266
1266
1266
1266
1266
1267
1267
1267
1267
1267
1267
1267
1267
1267
1267
1267
1267
1268
1268
1268
1268
1268
1268
1268
1268
1268
1268
1268
1269
1270
1270
1270
1270
1271
1271
1271
1271
1271
1271
1271
1271
1271
1271
1271
1271
1271
1272
1272
1272
1272
1272
1272
1272
1272
1272
1272
1273
1273
1273
1273
1273
1273
1273
1273
1273
1273
1273
1274
1274
1274
1274
1275
1276
1276
1276
1276
1276
1276
1276
1276
1277
1277
1277
1278
1278
1278
1278
1279
1280
1280
1280
1280
1281
1283
1283
1283
1283
1283
1283
1283
1284
1285
1285
1285
1285
1285
1285
1285
1285
1285
1285
1285
1286
1286
1286
1286
1286
1286
1286
1287
1287
1287
1287
1287
1287
1287
1287
1287
1287
1287
1287
1287
1288
1288
1288
1288
1288
1288
1288
1288
1288
1288
1289
1289
1289
1289
1289
1289
1289
1289
1289
1289
1289
1290
1290
1290
1290
1291
1292
1292
1292
1292
1292
1292
1292
1292
1293
1293
1293
1294
1294
1294
1294
1295
1296
1296
1296
1296
1297
1299
1299
1299
1299
1299
1299
1299
1300
1301
1301
1301
1301
1301
1301
1301
1301
1301
1301
1301
1302
1302
1302
1302
1302
1302
1302
1302
1302
1303
1303
1303
1303
1303
1303
1303
1303
1303
1303
1303
1303
1303
1304
1304
1304
1304
1304
1304
1304
1304
1304
1305
1305
1305
1306
1306
1306
1306
1307
1308
1308
1308
1308
1309
1311
1311
1311
1311
1311
1311
1311
1312
1315
1315
1315
1315
1315
1315
1315
1315
1315
1315
1315
1316
1316
1316
1316
1316
1316
1316
1317
1318
1318
1318
1318
1318
1318
1318
1318
1318
1318
1318
1319
1319
1319
1319
1319
1319
1320
1321
1321
1321
1321
1321
1321
1321
1321
1321
1321
1321
1322
1322
1322
1322
1322
1322
1323
1324
1324
1324
1324
1325
1325
1325
1326
1328
1328
1328
1328
1328
1328
1328
1329
1331
1331
1331
1331
1331
1331
1331
1331
1331
1331
1331
1332
1332
1332
1332
1332
1332
1332
1333
1334
1334
1334
1334
1334
1334
1334
1334
1334
1334
1334
1335
1335
1335
1335
1335
1335
1336
1337
1337
1337
1337
1337
1337
1337
1337
1337
1337
1337
1338
1338
1338
1338
1338
1338
1339
1340
1340
1340
1340
1341
1341
1341
1342
1344
1344
1344
1344
1344
1344
1344
1345
1346
1346
1346
1346
1346
1346
1346
1346
1346
1346
1346
1347
1347
1347
1347
1347
1347
1347
1348
1349
1349
1349
1349
1349
1349
1349
1349
1349
1349
1349
1350
1350
1350
1350
1350
1350
1350
1350
1351
1352
1352
1352
1352
1352
1352
1352
1352
1352
1352
1352
1353
1353
1353
1353
1353
1353
1353
1353
1354
1355
1355
1355
1355
1356
1356
1356
1357
1370
1370
1371
1371
1371
1371
1371
1371
1371
1372
1373
1373
1373
1373
1373
1373
1373
1373
1373
1373
1374
1374
1374
1374
1374
1374
1374
1374
1374
1374
1374
1374
1374
1375
1375
1375
1375
1375
1375
1376
1376
1377
1377
1378
1378
1378
1378
1378
1378
1378
1378
1378
1378
1378
1378
1379
1379
1379
1380
1381
1393
1393
1393
1393
1393
1393
1393
1393
1395
1397
1397
1397
1397
1397
1398
1399
1399
1399
1399
1399
1399
1399
1400
1400
1400
1400
1400
1400
1400
1401
1401
1401
1402
1402
1402
1402
1402
1402
1403
1404
1404
1404
1405
1407
1407
1407
1407
1407
1407
1407
1407
1407
1407
1407
1408
1408
1408
1408
1408
1408
1408
1408
1408
1409
1411
1411
1411
1411
1411
1411
1411
1411
1412
1412
1413
1413
1413
1413
1413
1413
1413
1414
1414
1414
1414
1414
1414
1414
1415
1415
1415
1415
1415
1415
1415
1415
1415
1415
1416
1416
1416
1416
1416
1416
1416
1419
1419
1419
1419
1419
1419
1419
1419
1419
1419
1419
1419
1419
1419
1419
1420
1421
1423
1423
1423
1423
1423
1423
1423
1423
1424
1424
1425
1425
1425
1425
1425
1425
1426
1426
1426
1426
1426
1426
1426
1427
1427
1427
1427
1427
1427
1427
1427
1427
1428
1428
1428
1428
1428
1428
1428
1429
1429
1429
1429
1429
1429
1429
1429
1429
1429
1429
1429
1429
1429
1429
1430
1431
1432
1433
