17
17
17
17
17
17
17
17
17
17
17
17
17
19
19
19
19
19
19
19
19
19
19
19
19
19
25
25
25
25
25
25
25
28
28
28
28
28
28
28
28
30
30
30
30
30
30
30
30
32
32
32
32
32
32
32
32
34
34
34
34
34
34
34
34
36
36
36
36
36
36
36
36
38
38
38
38
38
38
38
38
40
40
40
40
40
40
40
40
42
42
42
42
42
42
42
42
48
48
48
48
48
48
48
48
48
49
49
49
49
49
50
52
52
52
52
52
52
52
52
53
53
53
53
53
53
54
56
56
56
56
56
56
56
56
56
62
62
62
62
62
62
62
69
69
69
69
69
69
69
75
75
75
75
75
75
75
77
77
77
77
77
77
78
78
78
78
78
78
78
78
78
79
79
79
79
79
79
79
79
79
79
79
79
79
79
79
80
81
81
81
81
81
81
81
81
82
82
82
82
82
82
82
82
82
82
82
82
82
82
82
82
82
83
83
83
83
83
83
83
84
84
84
84
84
84
84
85
85
85
85
85
85
85
85
85
86
86
86
86
86
86
86
87
88
88
88
88
88
88
88
88
88
88
88
88
88
88
88
88
88
89
90
90
90
90
90
90
90
91
99
99
99
99
99
99
99
99
99
99
99
100
100
100
100
100
100
100
100
100
101
101
101
101
101
101
101
101
101
101
102
102
102
103
104
104
104
104
104
104
104
104
104
104
104
104
104
104
104
104
104
104
106
106
106
106
106
106
106
107
107
107
108
109
109
109
109
109
109
109
109
109
109
109
109
109
109
109
110
110
110
111
112
112
112
112
112
112
112
113
114
115
