17
17
17
17
17
17
17
17
17
17
17
17
17
17
17
19
19
19
19
19
19
19
19
19
19
19
19
19
20
20
20
20
20
20
20
20
20
20
20
20
20
20
20
21
21
21
21
21
21
21
21
21
21
21
21
21
21
21
27
27
27
27
27
27
29
29
29
29
29
29
29
29
29
35
35
35
35
35
35
35
36
36
36
36
36
37
39
39
39
39
39
39
40
40
40
40
40
40
40
40
40
41
43
43
43
43
43
43
44
44
44
45
47
47
47
47
47
47
48
48
48
49
51
51
51
51
51
51
52
52
52
53
55
55
55
55
55
55
56
56
56
56
56
56
56
56
56
56
56
56
56
56
56
56
56
56
57
59
59
59
59
59
59
60
60
60
60
60
61
63
63
63
63
63
63
64
64
64
65
73
73
73
73
73
73
73
73
74
74
74
74
75
75
75
76
78
78
78
78
78
78
79
79
79
79
79
79
79
79
80
80
80
80
80
80
80
81
81
81
81
81
81
81
81
81
81
81
82
82
82
82
82
82
82
82
82
83
83
83
83
83
83
83
83
83
83
83
83
83
83
83
83
83
84
84
84
84
84
84
84
85
86
87
87
87
87
87
87
87
88
88
88
88
88
88
88
89
91
91
91
91
91
91
92
92
92
93
95
95
95
95
95
95
95
95
96
96
96
96
96
97
99
99
99
99
99
99
99
99
100
100
100
101
103
103
103
103
104
104
104
105
105
105
105
107
107
107
108
109
110
