17
17
17
17
17
17
17
17
17
19
19
19
19
19
19
19
20
20
20
20
20
20
20
21
21
21
21
21
21
21
26
26
26
26
26
26
28
28
28
28
28
28
28
28
28
28
29
29
29
29
29
29
29
29
30
30
30
30
30
30
30
30
30
31
31
31
31
31
31
31
31
31
31
31
31
31
31
31
32
32
32
32
32
32
32
32
32
33
33
33
33
33
33
33
33
33
33
33
33
33
33
33
33
33
34
34
34
34
34
34
34
34
34
34
34
34
34
34
34
34
35
36
36
36
37
39
39
39
39
39
39
39
39
39
39
39
40
40
40
40
40
40
40
40
40
40
40
40
40
41
43
43
43
43
43
43
43
43
43
43
43
43
43
43
44
44
44
44
44
44
44
44
44
44
44
44
44
44
45
46
47
