1
1
1
1
1
1
1
3
3
3
3
3
3
3
4
4
4
4
4
4
4
6
6
6
6
6
6
6
6
6
6
6
9
9
9
9
9
11
11
11
11
11
11
11
11
13
13
13
13
13
13
13
13
13
14
14
14
14
14
14
15
17
17
17
17
17
17
17
18
18
18
18
18
18
18
18
18
18
18
18
19
21
21
21
21
21
21
22
22
22
22
22
22
22
22
22
22
22
22
23
25
25
25
25
25
27
27
27
27
27
27
27
29
29
29
29
29
29
29
29
29
30
30
30
30
30
30
31
33
33
33
33
33
33
33
34
34
34
34
34
34
35
35
35
35
35
35
35
35
35
35
35
35
35
35
35
35
35
35
35
36
36
36
36
36
36
36
36
36
36
37
37
37
37
37
37
37
37
37
37
38
38
38
38
38
38
38
39
39
39
39
39
39
39
39
39
39
39
39
39
39
39
40
40
40
40
40
40
40
40
40
40
40
40
40
40
40
40
40
40
40
41
41
41
41
42
42
43
43
43
43
43
43
43
43
43
43
43
43
43
43
43
44
44
44
44
44
44
44
44
44
44
44
44
44
44
44
44
44
44
44
45
45
45
45
46
46
47
47
47
47
47
47
47
47
47
47
47
47
47
48
48
48
48
48
48
48
48
48
48
48
48
48
48
48
49
49
49
49
50
50
51
52
53
53
53
53
53
53
53
53
54
54
54
54
54
54
54
54
54
54
54
54
54
55
55
55
55
55
55
55
55
55
55
55
55
55
55
55
56
56
56
56
56
56
56
56
56
56
57
57
57
57
57
57
57
57
57
57
57
57
58
58
58
58
58
58
58
58
58
58
58
58
58
58
58
58
58
60
60
60
60
60
60
60
60
60
60
60
60
60
60
60
60
60
60
60
60
60
60
60
61
61
61
61
61
61
61
61
61
62
63
64
66
66
66
66
66
67
67
67
67
67
67
67
68
69
71
71
71
71
71
71
71
71
71
72
72
72
73
75
75
75
75
75
75
75
75
75
75
75
76
76
76
76
76
76
76
76
76
76
76
78
78
78
78
78
78
78
78
78
78
78
78
78
78
78
79
79
79
79
79
79
79
80
81
81
81
81
81
81
81
82
84
84
84
84
84
84
84
84
85
85
85
85
85
85
85
85
85
89
89
89
89
89
90
90
90
90
90
90
90
90
90
90
90
90
90
90
90
91
91
91
91
91
91
91
91
92
93
93
93
94
96
96
96
96
96
96
98
98
98
98
98
98
99
100
100
100
100
100
100
100
101
101
101
101
101
101
101
101
101
101
101
101
101
101
101
101
101
101
101
102
102
102
102
102
102
102
102
102
102
102
102
102
102
102
102
102
102
102
102
102
102
102
102
102
102
102
103
103
103
103
103
103
103
104
104
104
104
105
105
105
105
105
105
106
107
108
109
109
109
109
109
109
109
109
110
110
110
110
110
110
110
110
110
110
110
110
110
110
110
110
110
110
110
110
111
111
111
111
111
111
111
111
111
111
111
111
111
111
111
112
112
112
112
112
112
112
112
112
112
112
112
113
114
114
114
114
114
114
114
114
115
115
115
115
115
115
115
115
115
115
115
115
115
115
115
115
115
115
115
115
115
115
115
115
115
115
116
116
116
116
116
116
116
116
116
116
116
116
116
116
116
116
116
116
116
116
116
117
117
117
117
117
117
117
117
117
117
117
117
118
119
119
119
119
119
119
119
120
120
120
121
121
121
122
123
125
125
125
125
125
125
126
126
126
126
126
126
126
127
129
130
