1
1
1
1
1
1
1
3
3
3
3
3
3
3
4
4
4
4
4
4
4
5
5
5
5
5
5
5
5
5
7
7
7
7
7
7
7
7
7
7
7
10
10
10
10
10
12
12
12
12
12
12
12
12
14
14
14
14
14
14
14
14
14
15
15
15
15
15
15
16
18
18
18
18
18
18
18
19
19
19
19
19
19
19
19
19
19
19
19
20
22
22
22
22
22
22
23
23
23
23
23
23
23
23
23
23
23
23
24
26
26
26
26
26
28
28
28
28
28
28
28
30
30
30
30
30
30
30
30
30
31
31
31
31
31
31
32
34
34
34
34
34
34
34
35
35
35
35
35
35
36
36
36
36
36
36
36
36
36
36
36
36
36
36
36
36
36
36
36
37
37
37
37
37
37
37
37
37
37
38
38
38
38
38
38
38
38
38
38
39
39
39
39
39
39
39
40
40
40
40
40
40
40
40
40
40
40
40
40
40
40
41
41
41
41
41
41
41
41
41
41
41
41
41
41
41
41
41
41
41
42
42
42
42
43
43
44
44
44
44
44
44
44
44
44
44
44
44
44
44
44
45
45
45
45
45
45
45
45
45
45
45
45
45
45
45
45
45
45
45
46
46
46
46
47
47
48
48
48
48
48
48
48
48
48
48
48
48
48
49
49
49
49
49
49
49
49
49
49
49
49
49
49
49
50
50
50
50
51
51
52
53
54
54
54
54
54
54
54
54
55
55
55
55
55
55
55
55
55
55
55
55
55
56
56
56
56
56
56
56
56
56
56
56
56
56
56
56
57
57
57
57
57
57
57
57
57
57
58
58
58
58
58
58
58
58
58
58
58
58
59
59
59
59
59
59
59
59
59
59
59
59
59
59
59
59
59
61
61
61
61
61
61
61
61
61
61
61
61
61
61
61
61
61
61
61
61
61
61
61
62
62
62
62
62
62
62
62
62
63
64
65
67
67
67
67
67
68
68
68
68
68
68
68
69
70
72
72
72
72
72
72
72
72
72
73
73
73
74
76
76
76
76
76
76
76
76
76
76
76
77
77
77
77
77
77
77
77
77
77
77
79
79
79
79
79
79
79
79
79
79
79
79
79
79
79
80
80
80
80
80
80
80
81
82
82
82
82
82
82
82
83
85
85
85
85
85
85
85
85
86
86
86
86
86
86
86
86
86
90
90
90
90
90
91
91
91
91
91
91
91
91
91
91
91
91
91
91
91
92
92
92
92
92
92
92
92
93
94
94
94
95
97
97
97
97
97
97
99
99
99
99
99
99
100
101
101
101
101
101
101
101
102
102
102
102
102
102
102
102
102
102
102
102
102
102
102
102
102
102
102
103
103
103
103
103
103
103
103
103
103
103
103
103
103
103
103
103
103
103
103
103
103
103
103
103
103
103
104
104
104
104
104
104
104
105
105
105
105
106
106
106
106
106
106
107
108
109
110
110
110
110
110
110
110
110
111
111
111
111
111
111
111
111
111
111
111
111
111
111
111
111
111
111
111
111
112
112
112
112
112
112
112
112
112
112
112
112
112
112
112
113
113
113
113
113
113
113
113
113
113
113
113
114
115
115
115
115
115
115
115
115
116
116
116
116
116
116
116
116
116
116
116
116
116
116
116
116
116
116
116
116
116
116
116
116
116
116
117
117
117
117
117
117
117
117
117
117
117
117
117
117
117
117
117
117
117
117
117
118
118
118
118
118
118
118
118
118
118
118
118
119
120
120
120
120
120
120
120
121
121
121
122
122
122
123
124
126
126
126
126
126
126
127
127
127
127
127
127
127
128
130
130
130
130
130
130
130
130
130
131
131
131
131
131
131
131
132
134
135
