6
6
6
6
6
6
6
6
6
6
6
8
8
8
8
8
8
8
8
8
8
8
8
8
8
9
9
9
9
9
9
9
9
9
9
9
9
9
9
10
10
10
10
10
10
10
10
10
10
10
10
10
10
11
11
11
11
11
11
11
11
11
11
11
11
11
11
13
13
13
13
13
13
13
14
14
14
14
14
14
14
15
15
15
15
15
15
15
16
16
16
16
16
16
16
17
17
17
17
17
17
17
19
19
19
19
19
19
19
19
19
20
20
20
20
20
20
20
20
20
22
22
22
23
24
24
24
24
24
24
24
24
24
24
24
24
24
24
24
26
26
26
26
26
26
26
26
26
26
26
26
26
26
26
26
26
26
26
28
28
28
28
28
28
28
28
28
28
29
30
30
30
30
31
32
32
32
32
32
32
32
32
32
32
32
32
32
32
32
33
35
35
35
35
35
35
35
35
35
35
35
35
35
37
37
37
37
37
37
38
39
39
39
39
39
39
39
39
39
40
40
40
40
40
40
40
40
40
41
43
43
43
43
43
43
43
43
43
43
44
45
45
45
45
45
45
45
46
47
47
47
47
47
48
49
49
49
49
49
49
49
49
49
49
49
49
49
49
49
50
51
53
53
53
53
53
53
53
53
53
53
54
55
55
55
55
55
55
55
55
56
58
58
58
58
58
58
58
59
60
60
60
60
60
60
60
60
61
63
63
63
63
63
64
65
65
65
65
65
65
66
68
68
68
68
68
69
70
70
70
70
70
70
70
71
73
73
73
73
73
73
73
73
73
73
73
73
73
73
73
73
73
73
74
75
75
75
75
75
75
75
76
78
78
79
79
79
79
79
80
81
81
81
81
81
81
81
81
83
83
83
83
83
83
83
83
83
83
83
83
83
83
83
83
83
83
83
83
83
84
85
85
85
85
85
85
85
85
85
85
85
86
87
87
87
87
87
87
87
87
87
87
87
87
87
87
87
87
87
87
87
87
87
87
87
87
87
87
88
88
88
88
88
88
88
88
88
88
88
88
88
88
88
88
88
88
88
88
88
89
90
92
92
92
92
92
92
92
93
94
95
