6
6
6
6
6
6
6
6
6
6
6
8
8
8
8
8
8
8
9
9
9
9
9
9
9
10
10
10
10
10
10
10
11
11
11
11
11
11
11
12
12
12
12
12
12
12
12
12
13
13
13
13
13
13
13
13
13
14
14
14
14
14
14
14
15
15
15
15
15
15
15
16
16
16
16
16
16
16
17
17
17
17
17
17
17
19
19
19
19
19
19
19
19
19
19
19
20
20
20
20
20
20
20
20
20
20
20
22
22
22
22
22
22
22
23
24
24
24
24
26
26
26
26
28
28
28
28
28
28
28
30
30
30
30
30
30
30
30
31
32
32
32
32
34
34
34
34
34
34
36
36
36
36
36
36
36
36
36
36
36
36
36
38
38
38
38
38
38
38
38
38
38
38
38
38
39
40
40
40
40
40
40
40
40
40
41
43
43
43
43
43
43
43
43
44
46
46
47
47
47
47
47
47
47
47
47
47
47
47
47
47
47
47
47
47
47
47
47
47
47
47
47
47
47
47
47
47
48
48
49
50
50
50
50
50
50
50
50
50
50
50
50
50
52
52
52
52
52
52
52
52
52
52
52
54
54
54
54
54
54
54
54
54
54
54
54
54
56
56
56
56
56
56
56
56
56
56
56
56
56
56
56
56
56
56
56
56
56
56
56
56
56
58
58
58
58
58
58
58
60
60
60
60
60
62
62
62
62
62
62
62
62
62
62
63
64
64
64
64
64
64
64
66
66
66
66
66
66
66
66
66
66
67
69
69
69
69
69
69
69
70
71
71
71
71
71
71
71
71
71
71
71
72
74
74
74
74
74
74
74
74
74
74
74
74
76
76
76
76
77
78
78
78
78
78
78
78
110
112
112
112
113
115
115
115
115
115
115
115
115
115
115
116
117
117
117
117
117
117
117
117
117
117
117
117
117
117
117
117
117
117
117
117
117
117
117
117
118
120
120
121
121
121
121
121
121
121
121
121
121
122
123
123
123
123
123
123
123
123
124
125
125
125
127
127
127
127
127
127
127
128
129
129
129
129
129
129
129
129
129
129
130
131
131
131
131
131
131
131
132
133
134
135
135
