6
6
6
6
6
6
6
6
6
6
6
8
8
8
8
8
8
8
9
9
9
9
9
9
9
11
11
11
11
11
11
11
11
11
11
11
11
11
13
13
13
14
15
15
15
15
15
15
15
15
15
15
15
15
15
15
15
15
15
15
15
17
17
17
17
17
17
17
17
17
17
18
19
19
19
19
19
19
19
19
19
19
21
21
21
21
21
21
22
23
23
23
23
23
23
23
24
24
24
24
24
24
24
24
24
25
27
27
27
27
27
27
27
28
30
30
30
30
30
30
30
31
32
32
32
32
32
32
32
32
34
34
34
34
34
34
34
34
34
34
34
34
34
34
34
34
34
34
35
36
36
36
36
36
36
36
36
36
37
37
37
37
37
37
37
37
37
39
39
39
39
39
39
39
39
39
39
39
39
39
39
40
42
42
42
42
42
42
42
43
44
44
