6
6
6
6
6
6
6
6
6
8
8
8
8
8
8
8
9
9
9
9
9
9
9
10
10
10
10
10
10
10
11
11
11
11
11
11
11
11
11
13
13
13
13
13
13
13
13
13
13
13
13
13
13
15
15
15
15
15
15
15
15
16
17
17
17
17
19
19
19
19
19
19
19
19
19
19
19
19
19
19
20
20
20
20
20
20
20
20
20
20
20
20
20
20
23
23
23
23
23
23
25
25
25
25
25
25
27
27
27
27
27
27
28
29
29
29
29
29
29
30
32
32
32
32
32
32
32
32
33
34
34
34
34
34
34
34
34
34
34
34
34
34
34
34
34
34
34
34
34
35
35
35
35
35
35
35
36
36
36
36
36
36
36
36
36
36
36
36
36
36
37
39
39
39
39
39
39
39
40
41
41
41
41
41
41
41
42
42
42
42
42
42
42
43
45
45
45
45
45
45
45
46
47
47
47
47
47
47
47
48
49
49
49
49
49
49
49
49
49
49
49
49
49
50
51
51
51
52
53
55
55
55
56
58
58
58
58
58
58
58
58
59
60
60
60
60
60
60
60
60
60
60
60
60
60
60
60
60
60
60
60
60
61
61
61
61
61
61
61
62
62
62
62
62
62
62
62
62
62
62
62
62
62
63
65
65
65
65
65
65
65
65
66
67
67
67
67
67
67
67
67
67
67
67
67
67
69
69
69
69
69
69
69
69
69
69
69
69
70
71
71
71
71
71
71
71
72
73
74
75
75
75
75
75
75
75
75
75
75
75
75
75
75
75
75
75
76
78
78
78
79
81
81
81
81
81
81
81
82
83
83
83
83
83
83
83
84
86
86
86
86
86
87
88
88
88
89
91
91
92
92
92
92
92
93
94
94
94
96
96
96
96
96
96
96
96
96
97
98
98
98
98
99
100
101
102
102
102
102
102
102
103
105
105
105
106
108
108
109
109
109
109
109
109
109
110
111
111
111
111
111
111
111
111
111
111
111
111
111
111
111
111
112
114
114
115
115
115
115
115
116
117
117
117
117
117
117
117
117
117
118
120
120
121
121
121
121
121
121
121
122
123
123
123
123
123
123
124
125
125
125
126
127
128
129
129
129
129
129
129
129
129
129
129
129
129
129
129
130
131
133
133
133
133
133
134
135
135
135
136
138
138
138
138
138
138
138
139
140
140
140
140
140
140
141
143
143
143
143
143
144
145
145
145
146
148
148
148
148
148
149
150
150
150
150
150
151
152
152
152
152
155
155
155
155
155
155
155
155
155
155
155
156
157
157
157
157
157
157
158
159
160
161
161
