17
17
17
17
17
17
17
17
17
17
17
19
19
19
19
19
19
19
20
20
20
20
20
20
20
31
31
31
31
35
35
35
35
35
35
35
35
35
35
43
43
43
43
43
43
43
43
43
43
43
43
44
44
44
44
44
44
44
44
44
45
50
50
51
51
51
51
51
51
51
52
52
52
52
52
52
52
53
53
53
53
53
53
53
54
54
54
54
54
54
54
55
55
55
55
55
55
55
56
56
56
56
56
56
56
57
57
57
57
57
57
57
58
58
58
58
58
58
58
59
74
74
74
74
74
74
74
74
74
74
74
74
74
74
75
75
75
76
76
76
77
77
77
77
77
77
77
77
77
77
78
78
78
78
78
78
78
78
78
78
78
78
79
79
79
79
79
79
79
79
79
79
79
79
79
79
79
79
79
80
81
81
82
82
82
82
82
82
82
82
82
82
82
82
82
82
82
82
83
84
84
84
85
98
98
98
98
98
98
98
98
98
98
98
98
98
98
99
99
99
99
99
99
99
99
99
99
100
112
112
112
112
112
112
112
112
112
112
112
113
113
113
113
113
113
113
113
114
127
127
127
127
127
127
127
127
127
127
127
127
127
127
128
128
128
128
128
128
128
128
128
128
128
128
128
129
129
129
129
129
129
129
129
129
129
129
130
130
130
130
130
130
130
131
131
132
132
132
132
132
132
132
132
132
132
133
134
134
134
134
134
134
136
137
138
138
138
138
138
138
138
138
138
138
139
147
147
147
147
147
147
147
147
147
148
148
148
148
148
148
148
149
149
149
149
149
149
149
150
151
151
151
151
151
151
151
151
151
151
151
152
152
152
152
152
152
152
152
153
153
153
153
153
153
153
153
153
153
154
154
154
154
154
154
154
154
154
154
154
154
154
154
154
154
154
155
155
155
155
155
155
155
156
157
157
157
157
157
157
157
157
157
157
157
157
157
158
158
158
158
158
158
158
159
159
159
159
159
159
159
160
161
161
162
162
162
162
162
162
162
162
162
162
162
162
162
162
162
162
162
163
164
164
164
164
164
164
164
164
165
166
166
166
167
168
169
