17
17
17
17
17
17
17
17
17
17
17
17
17
17
17
19
19
19
19
19
19
19
19
19
19
19
19
19
19
19
20
20
20
20
20
20
20
20
20
20
20
20
20
20
20
21
21
21
21
21
21
21
21
21
21
21
21
21
21
21
22
22
22
22
22
22
22
22
22
27
27
27
27
27
27
28
28
28
28
29
29
29
29
30
30
30
30
31
31
31
31
31
31
32
32
32
32
33
33
33
33
33
33
42
42
42
43
43
43
44
44
44
45
45
45
46
46
46
46
47
47
47
47
47
47
48
48
48
48
48
48
48
48
48
48
48
48
48
49
49
49
49
49
49
49
50
50
50
50
50
50
50
50
50
50
50
50
50
51
52
52
52
52
52
52
53
53
53
53
53
53
54
56
56
56
56
56
56
57
57
57
57
57
57
57
58
58
58
58
58
59
60
60
60
60
60
60
60
60
60
60
60
60
60
60
60
61
63
63
63
63
63
63
64
64
64
65
67
67
67
67
67
67
67
67
68
68
68
68
68
68
68
68
68
69
69
69
69
69
69
69
69
70
70
70
71
72
73
73
73
73
73
73
73
73
73
74
74
74
74
74
74
74
74
75
75
75
76
77
78
78
78
79
85
85
85
85
85
85
86
86
86
87
87
87
87
87
87
88
88
88
88
88
88
88
89
89
89
89
90
91
91
91
91
91
91
91
91
92
92
92
92
92
92
92
92
93
94
94
95
95
95
95
95
95
95
95
96
97
97
97
97
97
97
97
97
97
97
97
97
98
98
98
98
98
98
98
98
99
100
101
101
102
102
102
102
102
102
102
102
103
103
103
103
103
103
103
103
103
103
103
103
104
104
104
104
104
104
104
104
105
106
107
107
107
107
107
108
114
114
114
114
114
114
115
115
115
116
116
116
116
116
116
117
117
117
117
117
117
117
118
118
118
118
118
118
118
119
119
119
119
119
119
119
119
120
121
121
122
122
122
122
122
122
122
122
123
124
125
125
126
126
126
126
126
126
126
126
127
128
128
128
128
128
128
128
128
128
128
128
128
129
129
129
129
129
129
129
129
130
131
132
132
133
133
133
133
133
133
133
134
134
134
134
134
134
134
135
135
135
135
135
135
135
135
136
137
137
138
138
138
138
138
138
138
138
139
140
141
141
142
142
142
142
142
142
142
142
143
144
144
144
144
144
144
144
144
144
144
144
144
145
145
145
145
145
145
145
145
146
147
148
148
148
148
148
149
155
155
155
155
155
155
156
156
156
156
156
156
156
156
156
156
157
158
159
