17
17
17
17
17
17
17
17
17
17
17
17
17
19
19
19
19
19
19
19
20
20
20
20
20
20
20
22
22
22
22
22
22
22
22
22
22
22
23
23
23
23
23
23
23
23
23
23
23
24
24
24
24
24
24
24
24
24
24
24
25
25
25
25
25
25
25
25
25
25
25
26
26
26
26
26
26
26
26
26
26
26
27
27
27
27
27
27
27
27
27
27
27
28
28
28
28
28
28
28
28
28
28
28
29
29
29
29
29
29
29
29
29
29
29
29
29
30
30
30
30
30
30
30
30
30
30
30
30
30
31
31
31
31
31
31
31
31
31
31
31
31
31
32
32
32
32
32
32
32
32
32
32
32
32
32
33
33
33
33
33
33
33
33
33
33
33
33
33
33
33
34
34
34
34
34
34
34
34
34
34
34
34
34
34
34
35
35
35
35
35
35
35
35
35
35
35
35
35
35
35
36
36
36
36
36
36
36
36
36
36
36
36
36
36
36
36
36
44
44
44
44
44
44
44
47
47
47
47
47
47
47
47
50
50
50
50
50
50
50
50
50
50
53
53
53
53
53
53
53
53
56
56
56
56
56
56
58
58
58
58
58
58
59
59
59
59
60
60
60
60
61
61
61
61
61
71
71
71
71
71
72
72
72
73
73
73
74
74
74
74
75
75
75
76
76
76
76
76
76
76
77
77
77
77
77
77
77
77
77
77
78
78
78
79
81
81
81
81
81
82
82
82
82
82
82
83
83
83
83
83
83
83
83
83
83
83
83
83
83
83
83
83
84
84
84
84
84
84
84
84
84
84
84
84
84
84
84
84
85
85
85
85
85
85
85
86
86
86
87
88
89
89
89
89
90
91
91
91
91
91
91
91
91
92
102
102
102
102
102
103
103
103
104
104
104
105
105
105
105
106
106
106
106
106
107
107
107
107
107
107
108
108
108
108
108
108
108
108
108
108
108
108
108
108
108
108
108
109
109
109
110
110
110
110
110
110
110
110
110
110
110
110
110
110
111
111
111
111
111
111
111
112
112
112
113
114
115
115
115
115
116
117
117
117
117
117
117
117
117
118
121
121
121
121
124
124
124
124
130
130
130
130
130
130
130
131
131
131
131
131
131
132
139
139
139
139
139
139
139
139
139
139
140
140
140
140
140
140
141
141
141
141
141
141
142
148
148
148
148
148
148
149
149
149
149
149
149
149
149
149
149
149
150
150
150
150
150
150
150
150
151
152
152
152
153
159
159
159
159
159
159
159
159
160
160
160
160
160
160
161
167
167
167
167
167
167
168
168
168
168
168
169
169
169
169
169
169
169
169
169
169
169
169
169
170
170
170
170
170
170
170
170
171
172
172
172
173
179
179
179
179
179
179
180
180
180
181
187
187
187
187
187
187
187
187
188
188
188
188
188
188
189
195
195
195
195
195
195
196
196
196
197
203
203
203
203
203
203
204
204
204
204
204
205
211
211
211
211
211
211
211
218
218
218
218
218
218
219
219
219
219
219
219
220
227
227
227
227
227
227
228
228
228
229
239
239
239
239
239
239
240
240
240
241
247
247
247
247
247
247
247
247
248
248
248
248
248
248
249
256
256
256
256
256
256
256
264
264
264
264
264
264
264
272
272
272
272
272
272
273
273
273
273
273
273
273
274
274
274
274
274
274
274
275
275
275
275
275
275
275
276
278
278
278
278
278
279
299
299
299
299
299
299
300
300
300
300
300
300
300
301
301
301
301
301
301
301
301
301
301
301
301
301
302
310
310
310
310
310
310
311
311
311
312
328
328
328
328
328
328
329
329
329
329
329
329
329
329
329
329
329
329
329
329
329
330
336
336
336
336
336
336
336
344
344
344
344
344
344
344
352
352
352
352
352
352
353
353
353
353
353
354
362
362
362
362
362
362
363
363
363
363
363
363
363
363
363
364
370
370
370
370
370
370
370
371
371
371
371
371
371
371
372
372
372
372
372
372
372
372
372
372
372
372
372
372
372
372
373
374
374
374
375
382
382
382
382
382
382
382
389
389
389
389
389
389
389
389
389
398
398
398
398
398
399
399
399
399
399
399
399
406
406
406
406
406
406
406
406
407
407
407
407
407
407
407
408
408
408
409
410
410
410
410
410
410
410
411
411
411
411
411
411
411
412
412
412
413
414
414
414
414
414
414
414
414
415
415
415
415
415
415
415
415
415
416
416
416
416
416
416
416
417
417
417
417
417
417
417
418
418
418
419
421
421
421
421
421
421
421
421
421
422
422
422
422
422
422
422
422
422
423
423
423
423
423
423
423
423
423
423
423
424
424
424
424
424
424
424
424
425
425
425
425
425
425
425
425
426
426
426
426
426
426
426
426
426
426
426
427
427
427
428
429
430
430
430
430
430
430
430
430
430
431
431
431
432
433
433
433
433
433
433
433
433
433
433
433
433
433
433
433
433
434
435
435
435
435
436
436
436
436
436
436
436
436
436
436
436
436
436
436
436
436
436
436
436
436
437
446
446
446
446
446
446
446
446
446
446
446
447
447
447
447
447
448
448
448
449
454
454
454
454
454
454
459
468
468
468
468
468
468
468
468
469
469
469
470
483
483
483
483
484
484
484
485
485
485
486
486
486
487
487
487
487
488
488
488
488
488
489
489
489
489
489
489
489
489
489
489
489
489
489
489
489
489
489
489
490
490
490
490
491
503
503
503
503
503
503
503
503
503
503
503
503
503
503
504
504
504
504
504
505
505
505
505
505
505
505
505
505
505
505
505
505
505
505
505
505
505
506
506
506
506
507
515
515
515
515
515
515
515
515
515
515
515
516
516
516
516
516
517
517
517
517
517
517
517
517
518
518
518
518
519
526
526
526
526
526
526
527
527
527
527
527
527
527
527
527
527
527
528
528
528
528
528
528
528
528
529
530
530
530
531
539
539
539
539
539
539
539
539
540
540
540
540
540
540
540
541
541
541
541
541
541
541
541
541
541
541
541
541
541
541
541
542
542
542
542
542
542
542
542
542
542
542
542
542
542
542
542
542
542
542
542
542
542
543
553
553
553
553
554
554
554
555
555
555
556
556
556
556
557
557
557
557
557
557
557
558
558
558
558
558
558
558
558
558
558
559
559
559
559
559
559
559
559
559
559
559
559
560
569
569
569
569
569
569
569
569
570
570
570
570
570
570
570
571
571
571
571
571
571
571
571
571
571
572
572
572
572
572
572
572
572
573
581
581
581
581
581
581
582
582
582
583
592
592
592
592
592
592
592
592
593
593
593
594
601
601
601
601
601
601
601
601
602
602
602
603
609
609
609
609
609
609
610
610
610
611
619
619
619
619
619
619
619
619
620
620
620
620
620
620
620
621
621
621
622
624
624
624
624
624
624
624
624
625
625
625
625
625
625
625
625
625
625
625
625
625
625
626
632
632
632
632
632
632
633
633
633
634
642
642
642
642
642
642
642
642
642
642
642
643
643
643
643
643
643
643
643
644
653
653
653
653
654
654
654
655
655
655
656
656
656
656
657
657
657
657
657
657
657
657
657
657
658
667
667
667
667
667
667
667
667
667
667
667
667
667
667
668
668
668
668
668
668
668
668
668
668
669
675
675
675
675
675
675
678
678
678
678
678
678
678
678
678
678
678
678
678
679
679
679
679
679
679
679
680
682
682
682
682
682
682
682
682
683
683
683
683
683
683
683
684
684
684
684
684
684
684
684
684
684
684
685
687
687
687
687
687
687
687
687
687
688
688
688
688
688
688
688
688
688
688
688
688
688
688
688
688
688
689
689
689
689
689
689
689
690
691
691
691
691
691
692
692
692
692
692
692
692
693
694
694
694
694
694
694
694
694
694
696
696
696
696
696
696
696
696
696
696
696
697
697
697
697
697
697
697
697
697
697
697
697
697
697
697
697
697
697
697
698
699
699
699
699
699
699
699
700
706
706
706
706
706
706
707
707
708
708
708
708
708
708
708
708
708
708
708
708
709
709
709
709
709
709
709
710
710
710
710
710
710
710
710
710
710
710
710
710
711
712
712
712
713
714
714
714
714
714
714
716
716
716
716
716
716
717
718
718
718
719
721
721
721
721
721
721
722
722
722
722
722
723
725
725
725
725
725
725
725
725
726
726
726
726
726
726
726
727
727
727
728
730
730
730
730
730
730
730
730
731
731
731
731
731
731
731
731
731
731
731
731
732
732
732
732
732
732
732
732
732
732
732
732
732
732
732
732
733
736
736
736
736
736
737
737
737
737
737
738
738
738
738
738
738
738
738
739
739
739
739
739
739
739
740
740
740
741
741
741
741
741
741
742
742
742
742
742
742
742
743
743
743
743
743
743
743
744
745
746
746
746
746
746
747
747
747
747
747
748
748
748
748
748
749
749
749
749
749
749
749
750
750
750
751
751
751
751
751
751
752
752
752
752
752
752
752
752
752
752
753
753
753
753
754
755
757
757
757
757
757
757
757
757
757
757
757
757
757
757
757
757
758
768
768
768
768
769
769
769
770
770
770
771
771
771
772
772
772
772
773
773
773
773
773
773
773
774
774
774
774
774
774
774
774
774
774
774
774
774
774
774
774
774
774
775
775
775
775
775
775
775
775
775
775
776
777
777
777
777
777
777
777
778
778
778
778
778
778
778
778
778
778
778
778
778
778
778
778
778
778
779
779
779
779
779
779
779
779
779
780
782
782
782
782
782
782
782
782
782
782
783
783
783
784
785
785
785
785
785
785
785
786
786
786
786
787
788
788
788
788
788
788
788
788
788
788
789
790
790
790
790
790
790
790
790
790
790
790
790
790
790
790
790
790
790
790
790
790
790
791
791
791
791
791
791
791
791
791
791
791
791
791
791
791
791
791
791
792
797
797
797
797
797
797
798
798
798
798
798
798
798
799
805
805
805
805
805
805
805
805
806
806
806
806
806
806
807
815
815
815
815
815
815
815
815
815
815
815
816
816
816
816
816
816
816
817
817
817
817
817
817
817
817
817
818
818
819
820
820
820
820
820
820
820
821
821
821
821
821
821
821
821
821
822
823
830
830
830
830
830
830
830
830
831
831
831
831
831
831
831
832
839
839
839
839
839
839
839
839
840
840
840
840
840
840
840
840
840
840
840
840
840
840
840
840
841
841
841
841
841
841
841
841
841
841
841
841
841
841
841
841
842
842
842
842
842
843
843
843
843
843
843
843
843
843
843
843
843
843
843
843
843
843
843
843
843
843
844
844
844
844
844
844
844
844
844
844
844
844
844
844
844
845
845
845
845
845
845
845
845
846
847
848
848
848
848
848
848
848
849
849
849
850
851
851
851
851
851
851
851
851
851
851
851
851
851
851
851
851
851
852
852
852
852
852
852
852
852
852
852
852
852
852
852
852
853
853
854
855
855
855
855
855
856
856
856
856
856
856
856
856
856
856
856
857
857
857
857
857
857
857
857
857
857
857
857
857
857
857
858
858
858
858
858
858
858
858
858
858
858
858
858
858
858
858
859
859
859
859
859
859
859
859
859
859
859
860
861
861
862
862
862
863
864
865
866
866
866
866
866
866
866
867
874
874
874
874
874
874
874
874
875
875
875
875
875
875
875
875
875
876
876
876
876
876
876
876
877
877
877
877
878
879
879
879
879
879
879
880
881
881
881
882
889
889
889
889
889
889
889
889
889
889
889
889
890
890
890
890
890
890
890
890
890
890
890
891
891
891
891
891
891
892
893
893
894
894
895
895
895
895
895
895
895
895
895
895
896
896
896
896
897
898
898
899
899
899
899
899
899
900
901
901
902
902
903
903
904
904
904
904
904
904
904
904
904
904
905
905
905
905
906
907
907
907
907
907
907
907
907
907
907
907
908
908
908
908
908
908
908
908
908
908
908
908
908
909
910
912
912
912
912
912
912
912
912
912
912
912
912
913
913
913
913
913
913
913
913
913
913
913
913
913
913
913
913
914
922
922
922
922
922
922
922
922
922
923
923
923
923
923
923
923
923
923
923
930
930
930
930
930
930
930
930
930
931
931
931
931
931
932
932
932
932
932
932
932
933
933
933
933
933
933
933
933
933
934
934
934
934
934
934
934
934
934
935
936
937
937
937
938
939
940
