17
17
17
17
17
17
17
17
17
17
17
17
17
19
19
19
19
19
19
19
19
19
19
19
20
20
20
20
20
20
20
20
20
20
20
21
21
21
21
21
21
21
21
21
21
21
22
22
22
22
22
22
22
22
22
22
22
22
22
23
23
23
23
23
23
23
23
23
23
23
23
23
24
24
24
24
24
24
24
24
24
24
24
24
24
25
25
25
25
25
25
25
25
25
25
25
25
25
25
25
30
30
30
30
30
30
31
31
31
31
32
32
32
32
33
33
33
33
33
33
34
34
34
34
34
34
35
35
35
35
35
35
35
35
35
35
35
36
36
36
36
36
36
36
36
43
43
43
43
43
43
44
44
44
44
45
45
45
45
45
46
46
46
46
46
46
47
47
47
47
47
47
48
48
48
48
48
48
48
49
49
49
49
49
49
49
49
49
49
49
50
51
53
53
53
53
53
53
54
54
54
55
57
57
57
57
57
57
58
58
58
59
65
65
65
65
65
65
66
66
66
66
66
66
66
67
69
69
69
69
69
69
70
70
70
71
73
73
73
73
73
73
74
74
74
75
77
77
77
77
77
77
78
78
78
78
78
78
79
81
81
81
81
81
81
82
82
82
82
82
82
83
85
85
85
85
85
85
86
86
86
86
86
86
87
89
89
89
89
89
89
89
89
90
90
90
90
90
90
91
98
98
98
98
98
98
98
98
99
99
99
99
99
99
99
100
100
100
100
101
101
101
101
101
101
101
101
102
102
102
102
102
102
103
105
105
105
106
106
106
106
106
106
106
107
107
107
107
107
107
107
108
109
109
110
110
110
110
110
110
111
111
111
111
111
111
111
111
112
112
113
113
113
114
115
115
115
115
115
115
115
115
115
115
115
115
115
116
123
123
123
123
123
123
123
123
124
124
124
124
125
125
125
126
126
127
127
127
127
127
127
127
127
127
128
136
136
136
136
136
136
136
136
136
136
136
136
136
137
137
137
137
137
137
137
137
137
137
138
145
145
145
145
145
145
145
145
146
146
146
146
146
146
146
146
146
146
146
146
146
146
146
146
147
147
147
148
149
149
149
149
149
149
150
157
157
157
157
157
157
157
157
158
158
158
158
158
158
158
159
159
159
159
159
159
159
159
160
160
160
160
160
160
160
160
160
160
160
160
160
160
160
161
161
161
161
161
161
161
162
163
164
164
164
164
164
164
164
165
165
165
165
166
167
167
167
167
167
167
167
168
168
168
169
169
169
169
169
170
172
172
172
172
172
172
173
173
173
173
173
173
173
173
173
173
173
173
173
173
173
174
175
176
