1
1
1
1
1
1
1
1
1
1
1
24
24
24
24
24
32
32
32
32
32
32
32
32
32
33
34
34
34
34
34
34
34
34
34
34
34
34
34
34
34
35
35
35
35
35
35
35
35
35
35
35
35
35
35
36
36
36
36
36
36
36
36
36
36
36
36
36
36
37
37
37
37
37
37
37
37
37
37
37
37
38
46
46
46
46
46
46
46
46
46
47
48
48
48
48
48
49
49
49
49
49
50
50
50
51
51
51
51
51
52
52
52
53
53
53
53
53
54
54
54
55
55
55
55
55
56
56
56
57
57
57
57
57
58
58
58
59
59
59
59
59
60
60
60
61
61
61
61
61
62
62
62
63
63
63
63
63
64
64
64
65
65
66
66
66
67
68
76
76
76
76
76
76
76
76
76
77
78
78
78
78
78
78
78
78
78
78
78
78
78
78
78
78
78
78
79
79
79
79
79
79
80
91
91
91
91
91
91
91
91
91
91
92
92
92
92
92
92
92
93
93
93
94
95
95
95
95
95
95
95
95
95
95
96
96
96
96
96
96
96
97
97
97
98
99
99
99
99
99
99
99
99
99
99
101
101
101
101
101
101
101
101
101
101
101
101
101
101
101
102
103
103
103
103
103
103
103
103
103
103
103
103
103
103
103
103
103
103
103
104
104
104
104
104
104
104
105
105
106
107
107
107
107
107
107
107
107
107
107
107
108
108
108
109
110
110
110
110
110
110
110
111
112
112
112
112
112
112
112
113
115
116
