18
18
18
18
18
18
18
18
18
18
18
20
20
20
20
20
20
20
21
21
21
21
21
21
21
22
22
22
22
22
22
22
23
23
23
23
23
23
23
23
23
25
25
25
25
25
25
25
25
25
25
25
25
25
35
35
35
35
35
35
35
36
36
36
36
36
37
37
37
37
37
38
38
38
38
38
38
38
40
40
41
41
41
41
41
41
41
41
41
42
42
42
42
42
42
42
42
42
43
43
43
43
43
43
43
43
43
43
43
44
52
52
52
52
52
52
52
53
53
53
53
54
56
56
56
56
63
63
63
63
63
63
63
63
64
64
64
64
64
64
64
64
64
64
64
65
73
73
74
74
74
74
74
74
74
74
75
75
75
75
75
75
75
76
76
76
76
76
76
76
77
78
78
78
78
78
78
78
78
78
78
78
78
78
79
89
89
90
90
90
90
90
90
90
90
91
91
91
91
91
92
92
92
92
92
92
92
93
95
95
95
95
95
96
105
105
106
106
106
106
106
106
106
106
106
106
106
106
106
107
107
107
107
107
107
107
107
107
107
107
107
108
120
120
121
121
121
121
121
121
121
121
121
121
121
121
121
121
121
121
121
121
121
121
122
122
122
122
122
123
123
123
123
123
123
123
123
123
123
123
123
124
126
126
126
126
126
126
126
127
127
127
128
130
130
130
131
131
131
131
133
133
133
133
133
133
135
135
135
135
135
135
135
135
135
135
135
135
135
138
138
138
138
138
138
138
138
138
139
139
139
139
139
139
140
142
142
142
142
142
142
142
142
142
142
142
142
142
142
143
143
143
143
143
144
146
146
146
146
148
148
149
149
149
149
149
149
149
149
149
149
149
150
150
150
150
150
150
150
150
150
150
150
150
150
150
150
150
150
150
150
150
150
150
152
152
152
152
152
153
155
155
155
155
155
155
155
155
156
156
156
158
158
158
158
158
158
158
158
160
160
160
160
160
160
160
161
161
161
161
161
161
161
161
162
162
162
162
162
162
162
163
163
163
163
163
163
163
163
164
164
164
164
164
165
166
166
166
167
168
168
168
168
168
169
169
169
169
169
169
169
169
171
171
171
172
174
174
174
175
177
178
