18
18
18
18
18
18
18
18
18
18
18
20
20
20
20
20
20
20
21
21
21
21
21
21
21
22
22
22
22
22
22
22
23
23
23
23
23
23
23
24
24
24
24
24
24
24
25
25
25
25
25
25
25
26
26
26
26
26
26
26
27
27
27
27
27
27
27
28
28
28
28
28
28
28
29
29
29
29
29
29
29
31
31
31
31
31
31
31
31
31
32
32
32
32
32
32
32
32
32
33
33
33
33
33
33
33
33
33
34
34
34
34
34
34
34
34
34
35
35
35
35
35
35
35
35
35
36
36
36
36
36
36
36
36
36
37
37
37
37
37
37
37
37
37
38
38
38
38
38
38
38
38
38
40
40
40
40
40
40
40
40
40
40
40
40
40
41
41
41
41
41
41
41
41
41
41
41
41
41
42
42
42
42
42
42
42
42
42
42
42
42
42
43
43
43
43
43
43
43
43
43
43
43
43
43
53
53
53
53
53
53
62
62
62
62
62
62
62
62
63
63
63
63
63
63
63
63
66
66
66
66
66
66
66
66
66
66
66
66
66
66
66
66
66
66
68
68
68
68
68
68
68
68
70
70
70
70
70
70
70
70
73
73
73
73
73
73
73
73
75
75
75
75
75
75
75
75
77
77
77
77
77
77
77
77
79
79
79
79
79
79
79
79
81
81
81
81
81
81
81
81
83
83
83
83
83
83
83
83
85
85
85
85
85
85
85
85
87
87
87
87
87
87
87
87
90
90
91
91
91
91
91
93
93
94
94
94
94
94
96
96
97
97
97
97
97
99
99
100
100
100
100
100
102
102
102
102
102
104
104
104
104
104
106
106
106
106
106
106
108
108
108
108
110
110
110
110
112
112
112
112
112
112
114
114
114
114
114
114
117
117
117
117
120
120
120
120
123
123
123
123
123
123
126
126
126
126
126
126
131
131
131
131
131
131
131
131
131
131
134
134
134
134
137
137
137
137
140
140
140
140
147
147
147
147
147
148
148
148
148
148
148
148
149
156
156
156
156
156
156
156
156
157
157
157
157
157
157
157
158
167
167
167
167
167
167
167
167
167
167
167
167
168
168
168
168
168
168
168
169
169
169
169
169
169
170
177
177
177
177
177
177
177
177
178
178
178
178
178
178
178
179
186
186
186
186
186
186
186
186
187
187
187
187
187
187
187
188
197
197
197
197
197
197
197
197
197
197
197
197
198
198
198
198
198
198
199
199
199
199
199
199
200
200
200
200
200
201
201
201
201
201
202
203
212
212
213
213
213
213
213
213
213
213
215
215
215
215
215
216
216
216
216
217
217
217
217
218
219
219
219
219
219
219
221
221
221
221
221
221
222
222
222
222
223
223
223
223
224
225
238
238
241
241
242
242
242
242
242
242
242
242
242
242
242
242
242
242
242
243
243
243
243
243
243
243
243
243
243
243
243
243
244
257
257
258
258
258
258
258
258
258
258
258
258
258
258
258
258
258
259
259
259
259
259
259
259
259
259
259
259
260
260
260
260
260
261
261
261
261
261
261
261
262
262
262
262
262
262
262
262
262
264
264
264
264
264
264
264
265
265
265
265
265
265
265
268
268
268
268
268
268
269
269
269
269
269
269
269
270
270
270
270
270
270
270
271
272
272
272
272
272
272
272
273
273
273
273
273
273
273
274
275
275
275
275
275
275
275
276
276
276
276
276
276
276
277
278
278
278
278
278
278
279
281
281
281
282
296
296
296
296
296
296
296
296
296
296
296
296
296
297
297
297
297
297
297
297
297
297
297
297
297
297
297
297
298
298
298
299
301
301
301
301
301
301
301
301
301
301
303
303
303
303
304
304
304
304
304
305
305
305
305
305
305
305
305
305
305
305
305
305
306
306
306
306
306
306
306
306
306
309
309
309
309
309
309
309
309
309
309
309
309
309
309
309
309
309
309
309
309
309
309
317
317
317
317
317
318
318
318
318
318
318
318
318
318
318
318
318
318
318
318
318
318
318
318
318
318
318
319
319
319
320
321
321
321
321
321
321
321
321
321
321
321
321
321
321
321
321
321
321
321
321
321
321
321
321
322
322
322
323
325
325
325
325
325
325
325
325
325
325
325
325
325
325
325
325
325
325
325
326
326
326
327
329
329
329
329
329
329
329
329
329
329
329
329
329
329
329
329
330
330
330
331
337
337
337
337
337
337
337
338
338
338
338
338
338
338
339
340
340
340
340
340
340
340
340
343
343
343
343
343
343
343
344
344
344
344
344
344
344
345
346
346
346
346
346
346
346
346
346
347
347
347
347
347
347
347
347
347
348
349
349
349
349
349
349
349
349
349
350
350
350
350
350
350
350
350
350
351
352
353
353
353
362
362
362
362
362
362
362
362
362
362
363
363
363
363
363
363
363
363
363
363
363
363
363
364
364
364
364
364
364
364
364
364
364
365
365
365
366
366
366
366
366
367
367
367
368
370
370
370
370
370
370
370
370
370
370
370
371
371
371
372
373
373
373
373
373
373
373
373
373
373
374
376
376
376
376
376
376
376
376
376
377
377
377
377
377
377
377
377
377
377
378
378
378
379
379
379
379
379
379
379
379
380
382
382
382
382
382
382
382
382
382
383
383
383
383
383
383
383
383
383
384
385
385
385
385
385
385
385
385
385
386
386
386
386
386
386
386
386
386
387
388
388
388
388
388
388
388
388
388
389
389
389
389
389
389
389
389
389
389
389
389
389
389
389
390
396
396
396
396
396
396
396
397
397
397
397
397
397
397
398
400
400
400
400
400
400
400
400
400
400
400
400
400
400
400
400
400
400
400
402
402
402
402
402
402
402
402
402
403
403
403
403
403
403
403
403
403
403
403
403
403
403
403
403
403
403
403
403
403
403
403
404
406
406
406
406
406
406
406
406
406
406
406
406
406
406
406
406
406
406
406
407
407
407
407
407
407
407
408
408
408
409
411
411
411
411
411
411
411
411
411
411
411
411
411
411
411
411
412
412
412
412
412
412
412
413
413
413
414
415
417
417
417
417
417
417
417
417
417
417
417
417
417
419
419
419
419
419
419
419
419
419
419
421
421
421
421
421
421
421
423
423
423
423
424
424
424
424
424
424
424
424
424
424
424
424
424
424
424
424
424
424
424
425
427
427
427
427
427
427
427
427
427
427
427
428
438
438
438
438
438
438
438
438
438
438
438
439
447
447
447
447
447
447
447
447
447
448
448
448
448
448
448
448
448
448
449
449
449
449
449
449
449
449
449
449
450
450
450
451
452
453
453
453
454
463
463
463
463
463
463
463
463
463
463
463
464
464
464
464
464
464
464
465
465
465
465
465
465
465
465
465
465
466
466
466
466
466
466
466
466
466
466
466
466
466
466
466
466
466
466
466
466
466
467
468
468
468
469
480
480
481
481
481
481
481
481
481
481
482
482
482
482
482
482
483
483
483
483
483
483
483
484
484
484
484
484
484
485
486
486
486
486
486
487
487
487
487
487
488
498
498
498
498
498
498
498
498
498
498
498
498
498
499
499
499
499
499
499
499
500
500
500
500
500
500
500
500
500
500
500
500
500
501
502
502
502
502
502
502
503
511
511
511
511
511
511
511
511
511
511
512
512
512
512
512
512
512
512
512
512
512
513
513
513
513
513
513
513
513
513
516
516
516
516
516
516
516
516
516
516
516
517
517
517
517
517
517
517
517
517
518
519
529
529
529
529
529
529
529
529
529
529
529
530
530
530
530
530
530
530
530
531
541
541
541
541
541
541
541
541
542
542
542
542
542
542
542
542
542
554
554
554
555
565
565
565
565
565
565
565
565
565
565
565
565
565
566
566
566
566
566
566
566
567
567
567
567
567
567
567
567
567
567
567
567
567
568
569
569
569
569
569
569
569
569
570
580
580
580
580
580
580
580
580
580
580
580
580
580
581
581
581
581
581
581
581
582
582
582
582
582
582
582
582
582
582
582
582
582
583
584
584
584
584
584
584
584
584
585
595
595
595
595
595
595
595
595
595
595
595
595
595
596
596
596
596
596
596
596
597
597
597
597
597
597
597
597
597
597
597
597
597
598
599
599
599
599
599
599
599
599
600
610
610
610
610
610
610
610
610
610
610
610
610
610
611
611
611
611
611
611
611
611
611
611
611
612
612
612
612
612
612
613
614
614
614
614
614
614
614
614
614
614
614
614
614
614
614
614
615
615
615
615
615
615
615
615
615
616
616
616
616
616
616
616
616
616
617
618
634
634
634
634
634
634
634
634
634
634
634
634
635
635
635
635
635
635
635
636
636
636
636
637
638
638
638
638
638
638
638
638
638
639
639
639
639
639
639
640
641
641
641
641
641
641
641
641
641
641
641
641
641
641
642
642
642
642
642
642
642
642
642
643
644
644
644
644
644
644
644
644
644
644
645
645
645
645
645
646
646
646
646
646
647
647
647
648
648
648
648
648
648
648
648
648
649
649
649
649
649
649
649
649
649
650
650
650
650
651
652
661
661
661
661
661
661
661
661
661
661
661
661
661
662
662
662
662
662
662
662
662
662
662
662
663
663
663
663
663
663
663
663
664
664
664
665
667
667
667
667
667
667
667
667
667
667
667
667
667
667
667
667
667
667
668
675
675
675
675
675
675
676
676
676
676
676
677
685
685
685
685
685
685
685
685
686
686
686
686
686
686
686
687
687
687
687
687
687
687
687
687
687
687
687
688
689
689
689
690
698
698
698
698
698
698
698
698
699
699
699
699
699
699
699
700
700
700
700
700
700
700
700
700
700
700
700
701
702
702
702
703
711
711
711
711
711
711
712
712
712
712
712
712
712
713
713
713
713
713
713
713
713
713
713
713
713
714
715
715
715
716
724
724
724
724
724
724
725
725
725
726
733
733
733
733
733
733
734
734
734
735
742
742
742
742
742
742
743
743
743
743
743
743
743
744
744
744
744
744
744
744
744
744
744
744
744
745
746
746
746
747
754
754
754
754
754
754
755
755
755
756
764
764
764
764
764
764
765
765
765
765
765
765
765
766
766
766
766
766
766
766
766
766
766
766
766
767
768
768
768
769
776
776
776
776
776
776
777
777
777
777
777
777
777
778
778
778
778
778
778
778
778
778
778
778
778
779
780
780
780
781
788
788
788
788
788
788
788
788
789
789
789
789
789
789
789
790
790
790
790
790
790
790
790
790
790
790
790
790
790
790
790
790
791
792
802
802
802
802
802
802
803
803
803
804
813
813
813
813
813
813
813
813
813
813
813
814
814
814
814
814
814
814
815
815
815
816
817
817
817
817
817
817
817
817
817
817
817
817
817
818
830
830
830
830
830
830
830
830
830
830
830
830
830
831
831
831
831
831
832
832
832
832
832
833
833
833
833
833
833
833
833
833
833
833
833
833
834
834
834
834
834
834
834
835
835
835
835
835
835
835
835
835
835
835
836
836
836
836
836
836
836
837
837
837
837
838
839
840
840
840
841
854
854
855
855
855
855
855
855
855
855
855
855
855
855
855
855
855
856
856
856
856
856
856
856
856
856
856
856
856
856
858
858
858
858
858
858
858
858
858
858
859
859
859
859
859
859
859
859
859
860
860
860
860
860
860
860
860
860
861
862
862
862
862
862
862
863
863
863
863
864
864
864
864
864
864
864
864
864
864
864
864
864
864
864
864
864
864
864
864
865
865
865
865
865
865
865
865
865
865
865
865
865
865
865
865
865
865
865
865
866
867
867
867
868
875
875
875
875
875
875
875
875
875
876
876
876
876
876
876
877
884
884
884
884
884
884
884
884
884
884
884
885
885
885
885
885
885
885
885
886
893
893
893
893
893
893
893
893
893
893
893
894
894
894
894
894
894
894
894
895
902
902
902
902
902
902
902
902
902
903
903
903
903
903
903
904
914
914
914
914
914
914
914
914
914
915
915
915
915
916
924
924
924
924
924
924
924
924
924
925
925
925
925
926
934
934
934
934
934
934
934
934
934
935
935
935
935
935
935
936
943
943
943
943
943
943
943
943
943
944
944
944
944
944
944
945
955
955
955
955
955
955
955
955
955
956
956
956
956
956
956
957
964
964
964
964
964
964
964
964
964
965
965
965
965
965
965
966
973
973
973
973
973
973
973
973
973
974
974
974
974
974
974
975
982
982
982
982
982
982
982
982
983
983
983
983
984
984
984
984
985
985
985
985
985
985
985
985
985
986
986
986
986
986
986
986
987
987
987
987
987
987
987
990
990
990
990
990
991
991
991
991
991
992
992
992
992
992
992
992
993
994
994
994
995
995
995
995
995
995
995
996
996
996
996
996
996
996
997
999
999
999
999
999
999
999
1000
1000
1000
1000
1000
1000
1000
1001
1002
1002
1002
1002
1002
1002
1002
1003
1003
1003
1003
1003
1003
1003
1004
1005
1005
1005
1005
1005
1005
1008
1008
1008
1008
1009
1009
1009
1009
1009
1009
1009
1009
1009
1009
1009
1009
1009
1009
1009
1009
1009
1009
1009
1009
1010
1010
1010
1010
1010
1010
1010
1010
1010
1010
1010
1010
1010
1010
1010
1010
1010
1010
1010
1010
1012
1012
1012
1012
1012
1012
1012
1012
1012
1012
1012
1012
1012
1012
1012
1012
1012
1012
1012
1012
1012
1012
1012
1012
1012
1013
1013
1013
1013
1013
1013
1013
1014
1015
1024
1024
1024
1024
1024
1024
1024
1024
1024
1024
1024
1024
1024
1025
1025
1025
1025
1025
1025
1025
1026
1026
1026
1026
1026
1026
1027
1028
1028
1028
1028
1028
1028
1028
1029
1029
1029
1029
1029
1029
1030
1031
1033
1035
