18
18
18
18
18
18
18
18
18
18
18
20
20
20
20
20
20
20
21
21
21
21
21
21
21
22
22
22
22
22
22
22
23
23
23
23
23
23
23
24
24
24
24
24
24
24
25
25
25
25
25
25
25
26
26
26
26
26
26
26
26
26
31
31
31
31
31
31
31
31
31
31
31
32
32
32
32
32
32
32
32
32
34
34
34
34
34
34
34
34
36
36
36
36
36
37
37
37
37
37
37
37
37
37
38
40
40
40
40
40
40
40
40
40
41
41
41
41
41
41
41
42
44
44
44
44
44
44
45
45
45
45
45
45
45
46
54
54
55
55
55
55
55
55
55
55
55
56
56
56
56
56
56
56
57
59
59
59
59
59
59
59
59
59
60
60
60
60
60
60
60
61
67
67
67
67
67
67
67
67
67
67
67
68
68
68
68
68
68
68
69
71
71
71
71
71
71
71
71
71
71
71
71
71
72
72
72
72
72
72
72
73
75
76
