18
18
18
18
18
18
18
18
18
18
18
18
18
20
20
20
20
20
20
20
22
22
22
22
22
22
22
22
22
22
22
22
22
23
23
23
23
23
23
23
23
23
23
23
23
23
31
31
31
31
31
31
33
33
33
33
33
33
33
35
35
35
35
35
35
35
45
45
45
45
45
45
45
46
46
47
47
47
47
47
47
47
47
48
48
48
48
53
53
57
57
59
59
59
67
67
67
67
67
68
68
68
68
68
69
79
79
79
79
79
79
79
79
80
80
80
80
80
81
81
81
81
81
82
89
89
90
90
90
90
90
90
91
91
91
91
91
91
91
91
91
91
91
91
91
92
102
102
103
103
103
103
103
103
103
103
103
104
104
104
104
104
104
104
104
104
105
105
105
105
105
105
105
106
106
106
106
107
107
107
107
107
109
109
109
109
109
109
109
109
110
110
110
110
110
110
110
110
110
111
111
111
111
111
111
112
112
112
112
112
112
113
113
113
113
113
113
114
114
114
114
114
114
114
114
114
115
115
115
115
115
115
115
115
115
115
115
115
115
115
115
115
116
116
116
116
116
116
116
116
117
117
117
117
117
117
117
117
117
119
119
120
120
120
120
120
120
120
120
120
120
120
120
121
121
121
121
121
121
121
121
123
129
129
129
129
129
129
129
129
129
129
130
130
130
131
131
131
131
131
131
132
132
133
133
133
134
134
134
134
134
134
135
135
136
136
136
137
137
137
137
137
137
138
138
139
139
139
140
140
140
141
141
141
141
142
142
142
142
142
142
143
143
144
144
144
145
145
145
146
146
146
146
146
146
147
147
148
148
149
149
149
149
149
149
150
152
152
152
152
152
152
152
154
154
154
154
154
155
155
155
155
155
155
155
155
155
155
155
155
155
155
155
155
155
155
155
157
157
157
157
157
157
157
157
157
157
157
157
157
157
157
157
157
157
157
157
157
157
157
157
158
158
158
158
158
158
158
158
158
158
158
158
158
158
158
158
158
158
158
158
158
158
158
158
158
158
160
160
160
160
160
160
160
160
160
160
160
161
161
161
161
161
161
161
161
161
161
161
161
161
161
161
161
161
161
161
161
161
161
161
161
161
161
161
161
161
161
161
161
162
164
164
164
164
164
164
165
165
166
166
166
166
166
166
166
166
166
166
166
166
167
167
167
167
167
167
167
167
169
170
172
172
172
172
172
172
172
173
173
173
173
173
173
173
175
175
176
176
176
176
176
176
176
176
176
176
176
176
177
177
177
177
177
177
177
177
179
181
181
181
181
181
181
181
182
182
182
182
182
182
182
183
183
183
186
186
186
186
187
187
187
187
187
187
187
187
187
189
189
189
189
189
189
189
189
189
189
189
191
191
191
191
191
191
191
191
192
192
192
192
192
192
192
193
193
193
194
194
194
194
194
194
194
194
194
194
194
194
194
194
195
195
195
195
195
195
195
195
195
195
195
195
195
195
196
198
198
198
199
199
199
199
199
199
199
200
201
202
202
202
203
204
204
204
205
207
208
