18
18
18
18
18
18
18
18
18
18
18
26
26
26
26
26
28
28
28
28
28
28
28
28
29
29
29
29
29
29
29
29
30
30
30
30
30
30
30
30
31
31
31
31
31
31
31
31
32
32
32
32
32
32
32
32
33
33
33
33
33
33
33
33
34
34
34
34
34
34
34
34
35
35
35
35
35
35
35
35
36
36
36
36
36
36
36
36
37
37
37
37
37
37
37
37
38
38
38
38
38
38
38
38
39
39
39
39
39
39
39
39
40
40
40
40
40
40
40
40
41
41
41
41
41
41
41
41
48
48
48
48
48
48
48
48
55
55
55
55
55
55
55
55
57
57
57
57
57
57
57
57
57
57
59
59
59
59
59
59
59
59
60
60
60
60
60
60
60
60
61
61
61
61
61
61
61
61
62
62
62
62
62
62
62
62
63
63
63
63
63
63
63
63
64
64
64
64
64
64
64
64
65
65
65
65
65
65
65
65
66
66
66
66
66
66
66
66
67
67
67
67
67
67
67
67
68
68
68
68
68
68
68
68
69
69
69
69
69
69
69
69
74
74
74
74
74
74
74
74
76
76
76
76
76
76
76
76
76
76
76
76
76
76
76
76
76
76
76
76
76
76
76
76
76
76
76
76
76
77
77
77
77
77
77
77
77
77
77
77
77
77
79
79
80
80
80
80
80
80
80
80
80
81
81
81
81
81
81
81
82
83
92
92
92
92
92
92
92
92
92
92
93
93
93
93
93
93
94
97
97
97
97
97
98
100
101
