18
18
18
18
18
18
18
18
18
18
18
20
20
20
20
20
20
20
21
21
21
21
21
21
21
40
40
40
40
40
40
40
44
44
44
44
44
44
44
44
44
44
44
44
44
49
49
49
49
49
49
49
49
49
49
49
49
49
49
49
49
49
49
49
49
49
49
49
49
49
49
49
49
49
49
49
49
49
49
49
49
49
49
49
49
49
49
49
49
49
49
49
49
49
49
49
49
49
49
49
50
50
50
50
50
50
50
50
50
50
50
50
50
50
50
50
50
50
50
50
50
50
50
50
50
50
50
50
50
50
53
53
53
53
53
56
56
56
56
56
67
67
67
67
67
67
67
67
67
67
67
67
67
67
67
67
67
67
67
67
67
67
67
68
68
68
68
68
68
68
68
68
70
70
70
70
70
70
71
71
71
71
71
71
72
82
82
82
82
82
82
82
82
82
82
82
82
82
83
83
83
83
83
83
83
83
83
83
83
83
83
83
83
83
83
85
85
85
85
85
85
85
85
85
85
85
85
87
87
87
87
87
87
87
87
87
87
87
87
88
88
88
88
88
88
88
89
91
91
91
91
91
91
91
91
91
93
93
93
93
93
94
94
94
94
94
94
94
94
94
96
96
96
96
96
96
96
96
96
96
96
96
96
96
97
97
97
97
97
97
97
97
97
97
97
97
97
98
98
98
99
101
101
101
101
101
101
101
101
101
101
103
103
103
103
103
103
103
104
104
104
104
104
104
104
105
107
107
107
107
107
107
107
108
108
108
109
109
109
109
109
109
109
109
109
109
109
109
109
109
110
110
110
110
110
110
110
110
110
110
110
110
110
111
111
111
112
114
114
114
114
114
114
114
114
114
114
114
114
114
114
114
114
114
114
114
114
114
115
115
115
115
115
115
117
117
117
117
117
118
118
118
118
118
118
118
118
118
118
118
118
118
118
119
119
119
119
119
119
119
119
119
119
119
119
119
120
120
120
120
121
121
122
123
125
125
125
125
125
125
127
127
127
127
127
127
127
128
128
128
128
128
128
128
128
128
132
133
140
140
140
140
140
140
140
141
141
141
142
149
149
149
149
149
149
149
150
150
150
151
160
160
161
161
161
161
161
161
161
162
162
162
162
163
163
163
163
164
164
164
164
164
164
166
166
166
166
166
166
166
166
167
167
167
167
167
167
167
167
167
169
169
169
169
169
169
169
169
169
169
169
169
170
170
170
170
170
170
170
171
171
171
171
171
171
171
171
171
171
172
172
172
172
172
172
172
172
172
172
172
172
172
172
172
172
172
172
172
173
173
173
173
173
173
173
173
173
174
174
174
174
174
174
174
174
174
174
174
174
174
174
174
174
174
174
174
174
176
176
176
176
176
176
176
176
176
176
176
176
176
176
176
177
187
187
188
188
188
188
188
188
188
188
188
188
188
188
188
188
188
189
189
189
189
190
190
190
190
192
192
192
192
192
192
192
192
193
193
193
193
193
193
193
193
193
195
195
195
195
195
195
195
196
196
196
196
196
196
196
196
196
196
197
197
197
197
197
197
197
197
197
197
197
197
197
197
197
197
197
197
197
198
198
198
198
198
198
198
198
198
199
199
199
199
199
199
199
199
199
199
199
199
199
199
199
199
199
199
199
199
201
201
201
201
201
201
201
202
202
202
202
202
202
202
203
203
203
203
203
203
203
204
204
204
204
204
204
204
204
204
204
204
206
206
206
207
208
209
