18
18
18
18
18
18
18
18
18
18
18
20
20
20
20
20
20
20
21
21
21
21
21
21
21
22
22
22
22
22
22
22
22
22
23
23
23
23
23
23
23
23
23
25
25
25
25
25
25
25
25
25
26
26
26
26
26
26
26
26
26
33
33
33
33
33
35
35
35
35
35
35
35
37
37
37
37
37
39
39
39
39
39
39
39
40
40
40
40
40
40
41
46
46
47
47
47
47
47
47
47
47
47
47
47
47
47
47
47
48
50
50
51
51
51
51
51
51
51
51
51
51
51
51
51
51
51
51
51
52
52
52
52
52
53
53
53
53
53
53
53
53
53
54
54
54
54
54
54
55
56
57
62
62
63
63
63
63
63
63
63
63
64
64
64
64
64
65
66
68
68
68
68
68
68
68
68
68
68
68
68
70
70
70
70
70
70
70
70
70
70
70
70
77
77
77
77
77
77
77
78
78
78
79
92
92
92
92
92
92
92
92
92
92
92
92
93
93
93
93
93
93
93
93
93
93
94
94
94
94
94
94
94
94
94
94
94
95
95
95
95
95
95
95
96
96
96
96
96
96
96
96
96
96
96
96
96
97
104
104
104
104
104
104
104
105
105
105
106
108
109
