18
18
18
18
18
18
18
18
18
18
18
20
20
20
20
20
20
20
27
27
27
27
27
28
30
30
30
30
30
30
30
30
31
31
31
31
31
31
31
31
33
33
33
33
33
33
33
33
34
34
34
34
34
34
34
34
36
36
36
36
36
36
36
36
37
37
37
37
37
37
37
37
39
39
39
39
39
39
39
39
40
40
40
40
40
40
40
40
41
41
41
41
41
41
41
41
43
43
43
43
43
43
43
43
44
44
44
44
44
44
44
44
45
45
45
45
45
45
45
45
47
47
47
47
47
47
47
47
48
48
48
48
48
48
48
48
49
49
49
49
49
49
49
49
50
50
50
50
50
50
50
50
63
63
63
63
63
63
63
63
63
63
64
65
65
65
65
65
65
65
65
66
66
66
67
77
77
77
77
77
77
77
77
77
77
78
79
79
79
79
79
79
79
79
80
80
80
81
83
83
83
83
83
83
83
83
83
83
83
83
83
85
85
85
85
85
88
88
88
88
89
90
103
103
104
104
104
104
104
104
104
104
105
106
106
106
106
106
106
106
107
107
107
108
109
109
109
109
109
109
109
109
109
109
109
109
109
109
109
109
109
110
110
110
111
112
112
112
112
112
112
112
112
112
113
113
113
113
113
113
113
113
113
113
113
113
113
113
113
113
114
121
121
122
122
122
122
122
122
123
124
124
124
124
124
124
124
125
125
125
125
125
125
125
125
125
125
125
125
126
126
126
126
126
126
126
127
128
128
128
129
134
134
134
134
134
134
134
134
135
136
136
136
136
136
136
136
136
136
136
136
136
136
136
136
137
137
137
137
137
137
137
137
137
137
137
137
137
138
138
138
138
138
138
138
138
138
138
138
138
138
139
139
139
139
139
139
139
139
139
139
141
141
141
142
153
153
154
154
154
154
154
155
156
156
156
156
156
156
156
156
156
156
156
156
156
156
156
156
157
164
164
164
164
164
164
164
164
165
166
166
166
166
166
166
166
166
166
166
166
166
166
166
166
167
167
167
167
167
167
167
167
167
167
167
167
167
168
168
168
168
168
168
168
168
168
168
168
168
168
169
169
169
169
169
169
169
169
169
169
169
169
169
170
170
170
170
170
170
170
170
170
170
170
170
170
171
171
171
171
171
171
171
171
171
171
171
171
171
172
172
172
172
172
172
172
172
172
172
172
172
172
173
173
173
173
173
173
173
173
173
173
174
174
174
175
183
183
184
184
184
184
184
185
186
186
186
186
186
186
186
186
186
186
186
186
186
186
186
186
187
194
194
195
195
195
195
195
196
197
197
197
197
197
197
197
197
197
197
198
206
206
207
207
207
207
207
208
209
209
209
209
209
209
210
221
221
222
222
222
222
222
223
224
224
224
224
224
224
225
234
234
235
235
235
235
235
236
237
237
237
237
237
237
238
246
246
247
247
247
247
247
248
249
249
249
249
249
249
250
258
258
259
259
259
259
259
260
261
261
261
261
261
261
262
272
272
273
273
273
273
273
274
275
275
275
275
275
275
275
275
276
276
276
276
276
276
276
276
277
277
277
277
277
277
277
277
277
277
277
278
278
278
278
278
278
278
278
278
278
278
279
279
279
279
279
280
282
282
282
282
282
282
282
283
283
283
283
283
284
285
289
289
289
289
289
289
289
290
290
290
290
290
291
292
292
292
292
292
293
301
301
302
302
302
302
302
303
304
304
304
304
304
304
305
314
314
315
315
315
315
315
316
317
317
317
317
317
317
318
328
328
329
329
329
329
329
330
331
331
331
331
331
331
331
331
332
332
332
332
332
333
339
339
340
340
340
340
340
341
342
342
342
342
342
342
343
350
350
351
351
351
351
351
352
353
353
353
353
353
353
353
353
354
354
354
354
354
354
354
354
354
355
363
363
364
364
364
364
364
365
366
366
366
366
366
366
366
366
367
367
367
367
367
368
377
377
378
378
378
378
378
379
380
380
380
380
380
380
380
380
380
381
389
389
389
389
389
389
389
389
390
391
391
391
391
391
391
391
391
391
391
392
400
400
401
401
401
401
401
402
403
403
403
403
403
403
404
412
412
413
413
413
413
413
414
415
415
415
416
423
423
424
424
424
424
424
425
426
426
426
426
426
426
426
426
426
426
426
426
426
426
426
426
427
436
436
437
437
437
437
437
438
439
439
439
439
439
439
439
439
439
439
439
439
440
442
442
442
442
442
443
444
444
444
444
444
444
444
444
444
444
445
451
451
451
451
451
452
453
453
453
453
453
453
453
453
453
453
453
454
454
454
454
454
454
454
454
454
454
454
454
455
455
455
455
455
455
455
455
455
455
455
455
456
456
456
456
456
456
456
456
456
456
457
459
459
459
459
459
460
461
461
461
461
461
461
461
461
461
462
462
462
462
462
462
462
462
462
462
462
462
462
462
462
463
463
463
463
463
463
463
463
463
463
463
463
463
463
464
464
464
464
464
464
464
465
465
466
467
467
467
467
467
467
467
468
469
469
469
469
469
469
469
470
478
478
479
479
479
479
479
479
479
479
480
481
481
481
481
481
481
481
481
481
481
481
481
481
481
481
481
481
482
482
482
482
482
482
483
484
484
484
484
484
484
484
484
484
484
484
484
485
485
485
485
485
485
485
485
485
486
486
486
486
486
486
486
486
486
487
487
487
487
487
487
488
489
489
489
489
489
489
489
489
489
489
489
489
489
489
489
490
490
490
490
490
490
490
490
491
491
491
491
491
491
491
491
491
491
491
492
492
492
492
492
492
492
492
492
492
493
493
493
493
493
493
493
493
493
493
493
493
493
494
494
494
494
494
494
494
495
503
503
503
503
503
503
503
503
503
503
503
504
505
505
505
505
505
505
505
505
505
505
505
505
505
505
505
506
506
506
506
506
506
506
506
506
506
506
506
506
506
506
506
507
507
507
507
508
509
516
516
517
517
517
517
517
517
517
517
518
519
519
519
519
519
519
519
519
519
519
519
519
519
519
519
519
519
519
519
519
519
519
519
519
519
519
519
519
520
527
527
528
528
528
528
528
528
528
528
529
530
530
530
530
530
530
530
530
530
530
530
530
530
530
530
530
530
530
530
530
530
531
539
539
540
540
540
540
540
540
540
540
541
542
542
542
542
542
542
542
543
550
550
551
551
551
551
551
551
551
551
552
553
553
553
553
553
553
553
553
553
553
553
553
553
553
554
561
561
562
562
562
562
562
562
562
562
563
564
564
564
564
564
564
564
564
564
564
564
564
564
564
565
573
573
574
574
574
574
574
574
574
574
575
576
576
576
576
576
576
576
577
585
585
586
586
586
586
586
586
586
586
587
588
588
588
588
588
588
588
589
597
597
598
598
598
598
598
598
598
598
599
600
600
600
600
600
600
600
601
609
609
610
610
610
610
610
610
610
610
611
612
612
612
612
612
612
612
613
621
621
622
622
622
622
622
622
622
622
623
624
624
624
624
624
624
624
625
632
632
633
633
633
633
633
633
633
633
634
635
635
635
635
635
635
635
635
635
635
635
635
635
635
636
644
644
644
644
644
644
644
644
644
644
644
644
645
646
646
646
646
646
646
646
646
646
646
646
646
646
646
646
646
646
649
649
649
649
649
649
649
649
649
649
649
649
649
649
649
650
650
650
650
650
650
650
650
650
650
650
650
650
650
650
650
651
651
651
651
652
654
662
662
663
663
663
663
663
663
663
663
664
665
665
665
665
665
665
665
666
673
673
674
674
674
674
674
674
674
674
675
676
676
676
676
676
676
676
676
676
676
676
676
676
676
676
676
676
676
676
676
676
676
676
676
676
676
676
676
677
684
684
685
685
685
685
685
686
687
687
687
688
688
688
688
688
688
689
689
689
689
689
689
690
690
690
690
690
690
691
691
691
691
691
691
692
692
692
692
692
692
693
693
693
693
693
693
694
694
694
694
694
694
695
695
695
695
695
695
695
695
695
695
696
696
697
699
700
