18
18
18
18
18
18
18
18
18
18
18
18
18
20
20
20
20
20
20
20
22
22
22
22
22
22
22
22
22
22
22
22
22
38
38
38
38
38
38
43
43
43
43
43
43
43
43
48
48
48
48
48
48
48
49
49
49
49
50
50
51
51
52
52
53
53
54
54
55
55
57
57
58
58
62
62
62
68
68
68
68
68
69
69
69
69
69
70
80
80
81
81
81
81
81
81
81
81
81
83
83
83
83
83
83
83
83
83
84
84
84
84
84
84
84
86
86
86
86
86
86
86
86
87
87
87
87
87
87
87
87
87
88
88
88
88
88
88
88
88
88
89
89
89
89
89
89
89
89
89
90
90
90
90
90
90
90
90
90
91
91
91
91
91
91
91
91
91
92
92
92
92
92
92
92
92
92
93
93
93
93
93
93
93
93
93
94
94
94
94
94
94
94
94
94
95
95
95
95
95
95
95
95
95
97
97
97
97
97
97
97
97
97
98
98
98
98
98
98
98
99
99
99
99
99
99
99
100
100
101
101
101
101
101
101
101
101
101
101
101
101
102
102
102
102
102
102
102
102
104
106
106
106
106
106
106
106
106
106
106
107
107
107
107
107
107
107
107
107
107
107
108
108
108
108
108
108
108
108
108
108
108
109
109
109
109
109
109
109
109
109
109
109
110
110
110
110
110
110
110
110
110
110
110
112
112
112
112
112
112
112
112
112
112
112
113
113
113
113
113
113
113
113
114
114
114
114
115
115
117
117
117
117
117
117
117
119
119
119
119
119
119
119
119
119
119
119
119
119
119
119
119
120
120
120
120
120
120
121
121
121
123
123
123
123
123
123
124
124
124
124
124
124
124
124
124
124
124
124
128
128
128
128
128
128
128
128
128
128
128
128
128
128
129
129
129
130
131
131
131
131
131
131
131
131
131
131
131
132
132
132
132
132
132
132
132
132
132
132
132
132
132
132
132
133
133
133
133
133
133
133
133
133
133
133
133
133
133
133
133
134
135
135
135
135
135
135
135
135
135
135
135
136
136
136
136
136
136
136
136
136
136
136
136
136
136
136
136
137
137
137
137
137
137
137
138
138
138
138
138
138
138
139
139
139
139
139
139
139
139
141
142
142
142
142
142
142
142
144
144
144
145
146
146
146
147
148
149
