17
17
17
17
17
17
17
17
17
17
17
17
17
17
17
19
19
19
19
19
19
19
20
20
20
20
20
20
20
22
22
22
22
22
22
22
22
22
22
22
22
22
22
22
23
23
23
23
23
23
23
23
23
23
23
23
23
23
23
24
24
24
24
24
24
24
24
24
25
25
25
25
25
25
25
25
25
26
26
26
26
26
26
26
26
26
27
27
27
27
27
27
27
27
27
32
32
32
32
32
32
33
33
33
33
34
34
34
34
35
35
35
35
35
35
41
41
41
41
41
41
41
42
42
42
42
42
42
43
43
43
43
43
43
43
44
44
44
44
44
44
44
44
44
44
44
44
44
44
45
52
52
52
52
52
52
52
52
52
52
52
53
53
53
53
53
53
53
53
53
54
54
54
54
54
54
54
55
55
55
55
55
55
55
56
57
57
57
57
57
57
57
57
57
57
57
57
57
58
58
58
58
58
58
58
58
58
58
58
58
58
59
60
60
60
60
60
60
60
60
60
60
60
60
60
61
61
61
61
61
61
61
61
61
62
62
62
62
62
62
62
62
62
63
63
63
63
63
63
63
63
63
63
63
63
63
63
63
64
64
64
64
64
64
64
64
64
64
64
64
64
65
65
65
65
65
65
65
65
65
65
66
66
66
66
66
66
66
66
66
66
67
67
67
67
67
67
67
67
67
67
67
67
67
67
68
68
68
68
68
68
68
68
68
68
68
68
68
68
68
69
69
69
69
69
69
69
70
71
72
73
75
75
75
75
75
75
76
76
76
76
76
76
76
77
77
77
77
77
77
77
77
77
78
78
78
79
80
80
80
80
81
82
82
82
82
82
82
82
83
83
83
83
83
83
83
84
84
84
84
85
86
86
86
86
86
87
87
87
87
87
87
87
87
87
87
87
87
87
88
88
88
88
88
88
88
88
88
89
89
89
89
89
89
89
89
89
89
89
89
89
89
90
90
90
90
90
90
90
90
90
91
92
92
92
92
92
92
92
92
92
92
92
92
92
92
92
93
95
95
95
95
95
95
96
96
96
97
99
99
99
99
99
99
99
99
100
100
100
100
100
100
101
101
101
101
101
101
101
101
101
101
101
101
101
102
103
104
