1
1
1
1
1
1
1
1
1
1
1
1
1
3
3
3
3
3
3
3
5
5
5
5
5
5
5
5
5
5
5
6
6
6
6
6
6
6
6
6
6
6
7
7
7
7
7
7
7
7
7
7
7
8
8
8
8
8
8
8
8
8
8
8
8
8
9
9
9
9
9
9
9
9
9
9
9
9
9
10
10
10
10
10
10
10
10
10
10
10
10
10
18
18
18
19
19
20
21
21
21
21
21
21
21
21
33
33
33
33
33
33
33
34
34
34
34
34
34
34
35
37
37
37
37
37
37
38
38
38
38
38
38
38
38
38
38
39
39
39
39
39
39
39
39
39
39
39
40
42
42
42
42
42
42
42
42
42
42
42
42
42
44
44
44
44
44
44
44
44
44
44
45
45
45
45
45
45
45
46
48
48
48
48
48
48
48
48
48
48
49
49
49
49
49
49
49
50
52
52
53
53
53
53
53
53
54
54
54
54
54
54
54
55
57
57
58
58
58
58
58
58
58
59
59
59
59
59
59
59
60
60
60
60
60
60
60
60
60
60
60
60
60
61
63
63
64
64
64
64
64
64
64
64
66
66
66
66
66
66
66
66
66
67
69
69
70
70
70
70
70
70
70
70
71
71
71
71
71
71
71
71
71
72
80
80
81
81
81
81
81
81
81
81
81
81
82
82
82
82
82
82
82
82
82
83
83
84
87
87
87
87
87
87
87
87
87
88
88
88
88
88
88
88
88
88
88
88
88
89
90
90
90
90
90
90
90
91
91
91
91
91
91
91
91
91
91
92
93
93
93
93
93
93
93
93
93
93
93
93
94
98
98
99
99
99
99
99
99
99
99
99
99
99
99
99
100
100
100
100
100
100
101
101
102
105
105
105
105
105
107
107
107
107
107
107
107
107
107
107
107
107
107
113
113
113
113
113
113
113
113
113
113
114
114
114
114
114
114
114
114
114
115
115
115
115
115
115
115
115
115
116
116
116
116
116
116
116
116
116
116
117
117
117
117
117
117
117
117
118
119
119
119
120
120
120
120
120
120
121
122
123
123
123
124
126
127
