18
18
18
18
18
18
18
18
18
20
20
20
20
20
20
20
21
21
21
21
21
21
21
22
22
22
22
22
22
22
23
23
23
23
23
23
23
24
24
24
24
24
24
24
25
25
25
25
25
25
25
26
26
26
26
26
26
26
27
27
27
27
27
27
27
28
28
28
28
28
28
28
29
29
29
29
29
29
29
30
30
30
30
30
30
30
31
31
31
31
31
31
31
66
66
66
66
71
71
71
71
71
71
71
71
71
71
71
71
73
73
73
73
73
73
73
73
84
84
85
85
85
85
85
85
85
85
85
85
85
85
85
86
86
86
86
86
86
86
86
86
86
86
86
86
86
86
86
87
88
91
91
91
91
91
91
91
91
94
94
94
94
94
94
94
94
97
97
97
97
97
97
97
97
100
100
100
100
100
100
100
100
103
103
103
103
103
103
103
103
106
106
106
106
106
106
106
106
113
113
113
113
113
113
113
113
116
116
116
116
116
116
116
116
123
123
124
124
124
124
124
124
131
131
132
132
132
132
132
132
139
139
140
140
140
140
140
140
147
147
148
148
148
148
148
148
155
155
156
156
156
156
156
156
156
156
156
156
156
163
163
164
164
164
164
164
164
171
171
172
172
172
172
172
172
179
179
180
180
180
180
180
180
187
187
187
187
187
187
187
187
187
187
187
187
190
190
190
190
190
190
199
199
199
199
199
199
199
199
199
199
199
199
199
199
199
199
199
200
200
200
200
200
200
201
201
201
201
201
201
201
202
204
204
204
204
204
204
204
204
204
204
204
205
205
205
205
205
205
205
205
205
205
205
205
205
205
205
205
206
206
206
207
207
207
207
207
207
207
207
207
207
207
207
207
207
207
207
208
211
211
211
211
211
211
211
211
211
211
211
211
211
211
211
211
211
211
211
211
211
211
211
211
211
211
211
211
211
211
212
212
212
212
212
212
212
212
212
212
212
212
212
212
212
212
212
213
213
213
213
213
213
213
213
213
213
213
213
213
213
213
213
213
213
213
213
213
213
213
213
213
213
213
213
213
213
213
213
213
214
217
217
217
217
217
217
218
218
218
218
218
218
218
219
220
230
230
230
230
230
230
230
230
230
230
230
230
230
231
231
231
231
231
231
231
231
231
231
232
232
232
232
232
232
232
233
235
235
235
235
235
235
235
235
235
235
235
235
235
235
235
235
235
235
235
236
236
236
236
236
236
236
236
236
237
237
237
237
237
237
237
237
237
237
237
238
240
240
240
240
240
240
240
240
240
240
240
240
240
240
240
240
240
240
240
240
240
240
240
242
242
242
242
242
242
242
242
242
242
242
242
242
244
244
244
244
244
244
244
244
244
245
245
245
245
245
245
245
246
247
249
249
249
249
249
249
249
249
249
249
250
250
250
250
250
250
250
251
252
261
261
261
261
261
261
261
261
261
262
262
262
262
262
262
262
262
262
262
262
262
263
263
263
263
263
263
263
263
263
265
265
265
265
265
265
265
266
278
278
278
278
278
278
278
278
278
278
278
278
278
278
278
278
278
280
280
280
280
280
280
280
280
280
280
280
280
281
281
281
281
281
281
281
281
281
281
281
281
282
282
282
282
282
283
285
285
285
285
285
285
285
285
285
285
285
286
286
286
286
286
286
286
286
286
286
286
286
287
287
287
287
287
288
290
290
290
290
290
290
290
290
290
290
290
290
290
291
291
291
291
292
295
295
295
295
295
295
295
295
295
295
295
295
295
295
295
295
296
296
296
296
296
296
296
296
296
296
296
297
297
297
297
297
297
297
297
297
297
297
297
297
297
297
298
298
299
300
303
303
303
303
303
303
303
304
304
304
305
308
308
308
308
308
308
310
310
310
310
310
310
310
310
310
310
310
310
310
310
311
318
318
318
318
318
318
319
319
319
320
327
327
327
327
327
327
328
328
328
329
336
336
336
336
336
336
337
337
337
338
345
345
345
345
345
345
346
346
346
347
355
355
355
355
355
355
356
356
356
357
364
364
364
364
364
364
365
365
365
366
375
375
375
375
375
375
375
375
375
376
376
376
377
384
384
384
384
384
384
385
385
385
386
393
393
393
393
393
393
394
394
394
395
402
402
402
402
402
402
403
403
403
404
416
416
416
416
416
416
416
416
416
416
416
416
416
416
416
416
416
416
416
416
416
416
416
416
416
417
417
417
417
417
417
417
417
417
417
417
417
417
417
417
418
431
431
431
431
431
431
431
431
431
431
431
431
431
431
431
431
431
431
431
431
431
431
431
431
432
432
432
432
432
433
433
433
433
433
433
433
433
433
433
433
433
435
435
435
435
435
435
435
435
435
435
435
435
435
435
435
435
435
435
435
435
435
435
435
435
435
436
436
436
436
436
436
437
453
453
453
453
453
453
453
453
453
453
453
453
453
453
453
453
453
453
453
453
453
453
453
453
453
453
453
453
454
454
454
454
454
454
454
454
454
455
455
455
455
455
455
455
455
455
455
455
455
455
455
455
455
455
455
455
455
455
456
473
473
473
473
473
473
473
473
473
473
473
473
473
473
473
473
473
473
473
473
473
473
473
473
473
473
473
473
474
474
474
474
474
474
474
474
474
474
474
474
474
475
475
475
475
475
475
475
475
475
475
475
475
475
476
476
476
476
476
476
476
477
479
479
479
479
479
480
480
480
480
480
480
480
480
480
480
480
481
481
481
482
482
482
482
482
482
482
482
482
483
485
485
485
485
485
485
485
485
485
485
485
485
485
485
486
486
486
486
486
486
486
486
486
487
489
489
489
489
489
489
489
489
489
489
489
489
489
491
491
491
491
491
491
491
491
491
491
491
491
491
491
492
492
492
492
492
492
492
492
492
493
494
503
503
503
503
503
503
503
503
503
503
503
503
503
504
504
504
504
504
504
504
504
504
504
504
504
504
504
504
504
504
505
515
515
515
515
515
515
515
515
515
515
515
515
515
515
515
515
515
516
516
516
516
516
516
516
516
516
516
516
516
516
516
516
516
516
517
528
528
528
528
528
528
528
528
528
528
528
528
528
528
528
528
528
528
528
528
528
529
529
529
529
529
529
529
529
529
529
529
529
529
530
542
542
542
542
542
542
542
542
542
542
542
542
542
542
542
542
542
542
542
542
542
542
542
542
542
543
543
543
543
543
543
543
543
543
543
543
543
543
543
543
543
543
544
556
556
556
556
556
556
556
556
556
556
556
556
556
556
556
556
556
556
556
556
556
556
556
556
556
557
557
557
557
557
557
557
557
557
559
559
559
559
559
559
559
559
559
559
559
559
559
560
560
560
560
560
560
560
560
560
560
560
561
570
570
570
570
570
570
570
570
570
570
570
570
570
570
570
570
570
571
571
571
571
571
571
571
571
571
571
571
571
571
573
573
573
573
573
573
573
573
573
573
573
573
573
573
573
573
573
573
573
573
573
573
573
574
584
584
584
584
584
584
584
584
584
584
584
584
584
584
584
584
584
584
584
584
584
586
586
586
586
586
586
586
586
586
586
586
586
586
586
586
586
586
586
586
586
586
586
589
589
589
589
589
589
589
589
589
589
589
589
589
589
591
591
591
591
591
591
591
591
591
591
591
591
591
591
591
591
591
591
591
592
592
592
592
592
592
592
592
592
593
593
593
593
593
593
593
593
593
593
593
594
596
596
596
596
596
596
596
596
596
596
596
596
596
596
596
596
596
596
596
596
596
596
596
598
598
598
598
598
598
598
598
598
598
601
601
601
601
601
601
601
601
601
601
601
604
604
604
604
604
604
604
606
606
606
606
606
606
606
606
606
606
606
608
608
608
608
608
608
608
611
611
611
611
611
611
611
612
616
619
619
620
620
620
620
620
620
620
620
620
620
620
620
620
621
623
623
623
623
623
623
623
623
623
624
624
624
624
624
624
624
625
626
629
629
629
629
629
629
629
629
629
629
629
629
629
629
629
629
629
629
629
629
629
629
629
629
629
629
630
640
640
640
640
640
640
640
640
640
640
640
640
640
640
640
640
640
640
640
640
640
641
641
641
641
641
641
641
641
641
641
641
641
641
641
643
643
643
643
643
643
643
643
643
643
643
644
644
644
644
644
644
644
644
644
644
644
645
654
654
654
654
654
654
654
654
654
654
654
654
654
654
654
654
654
655
655
655
655
655
655
655
655
655
655
655
656
669
669
669
669
669
669
669
669
669
669
669
669
669
669
669
669
669
669
669
669
669
669
669
669
669
670
670
670
670
670
670
670
670
670
671
671
671
671
671
671
671
671
671
677
677
677
677
677
678
678
678
678
678
678
678
678
678
678
678
678
678
678
680
680
680
680
680
680
680
680
680
680
680
680
680
682
682
682
682
682
682
682
682
682
683
683
683
683
683
683
683
683
683
683
683
684
686
686
686
686
686
686
686
686
686
687
687
687
687
687
687
687
687
687
689
689
689
689
689
689
689
689
689
689
689
690
690
690
690
690
690
690
690
690
690
690
690
690
690
690
690
690
690
690
690
690
690
690
690
690
690
690
690
691
691
691
692
692
692
692
692
692
692
692
692
692
692
692
692
692
692
692
692
692
692
692
692
692
692
694
694
694
694
694
694
694
694
694
695
695
695
695
695
695
695
695
695
695
695
695
695
695
695
695
695
695
695
695
695
695
695
696
697
699
699
699
699
699
699
699
699
699
700
700
700
700
700
700
700
700
700
700
701
701
701
701
701
701
701
701
701
701
701
701
701
703
703
703
703
703
703
703
704
704
704
705
705
705
705
705
705
705
705
705
705
705
705
705
705
705
706
706
706
706
706
706
706
706
706
706
706
706
706
706
706
706
706
706
706
706
706
706
706
706
706
706
706
706
706
707
708
710
710
710
710
710
710
710
711
711
711
711
711
711
711
711
711
711
711
711
711
711
711
711
711
711
712
714
714
714
714
714
716
716
716
716
716
716
716
716
716
716
716
716
716
716
716
716
716
716
716
716
716
716
716
717
717
717
717
717
717
717
717
717
717
718
718
718
718
718
718
718
718
718
718
718
718
718
718
718
718
718
718
718
718
720
720
720
720
720
720
720
720
720
720
720
721
721
721
721
721
721
721
721
721
721
721
721
721
721
721
721
722
724
724
724
724
724
724
724
726
726
726
726
726
726
726
726
728
728
728
728
728
728
728
728
728
728
728
729
729
729
729
729
729
729
729
729
729
729
730
732
732
732
732
732
732
732
732
732
732
732
732
732
732
732
734
734
734
734
734
734
734
734
734
735
735
735
735
735
735
735
735
735
736
737
739
739
739
740
752
752
752
752
752
752
752
752
752
752
752
752
752
752
752
752
752
752
752
753
753
753
753
753
753
753
753
753
753
753
753
755
755
755
755
755
755
755
755
756
756
756
756
756
756
756
756
756
756
758
758
758
759
760
760
760
760
760
760
760
760
760
760
760
760
760
760
760
760
760
760
760
760
760
760
760
760
762
762
762
762
762
762
762
764
764
764
764
765
768
768
768
768
768
768
768
768
768
770
770
770
770
770
771
771
771
771
771
771
771
771
771
771
771
771
771
771
771
772
772
772
772
772
772
772
772
772
772
772
774
774
774
774
774
774
774
774
775
775
775
775
775
775
775
777
777
777
778
780
780
780
780
780
780
780
780
780
780
780
780
780
780
780
780
780
781
781
781
781
782
784
784
784
784
784
784
784
784
784
784
784
784
784
784
784
784
784
784
784
784
784
784
784
784
785
786
797
797
797
797
797
797
797
797
797
797
797
797
797
797
797
797
797
797
797
797
797
798
798
799
799
799
799
799
799
799
799
799
799
799
799
799
799
800
800
800
801
801
801
801
801
802
802
802
802
802
802
802
802
802
802
802
802
802
802
802
803
803
803
803
803
803
804
804
804
804
804
804
804
804
804
805
805
805
806
806
806
806
807
808
808
808
808
808
808
808
808
808
808
808
809
810
810
810
810
810
810
810
810
812
814
814
814
815
824
824
824
824
824
824
824
824
824
825
825
825
825
825
825
825
825
825
825
825
825
825
826
826
826
827
829
829
829
829
829
829
829
829
829
831
831
831
831
831
831
831
831
831
831
831
831
831
831
831
831
831
831
831
831
831
832
832
832
833
835
835
835
835
835
835
835
835
835
835
836
843
843
843
843
843
843
843
843
843
844
844
844
844
844
844
845
852
852
852
852
852
852
852
852
852
853
853
853
853
853
853
854
861
861
861
861
861
861
861
861
861
862
862
862
862
862
862
863
870
870
870
870
870
870
870
870
870
871
871
871
871
871
871
872
881
881
881
881
881
881
881
881
881
882
882
882
882
882
882
883
890
890
890
890
890
890
890
890
890
891
891
891
891
891
891
892
901
901
901
901
901
901
901
901
901
901
901
901
902
902
902
902
902
902
903
910
910
910
910
910
910
910
910
910
911
911
911
911
911
911
912
919
919
919
919
919
919
919
919
919
920
920
920
920
920
920
921
928
928
928
928
928
928
928
928
928
929
929
929
929
929
929
930
932
933
