17
17
17
17
17
17
17
17
17
19
19
19
19
19
19
19
19
19
20
20
20
20
20
20
20
20
20
21
21
21
21
21
21
21
21
21
22
22
22
22
22
22
22
22
22
24
24
24
24
24
24
24
25
25
25
25
25
25
25
26
26
26
26
26
26
26
26
26
27
27
27
27
27
27
27
28
28
28
28
28
28
28
29
29
29
29
29
29
29
30
30
30
30
30
30
30
30
30
31
31
31
31
31
31
31
31
31
32
32
32
32
32
32
32
32
32
33
33
33
33
33
33
33
33
33
34
34
34
34
34
34
34
34
34
34
34
35
35
35
35
35
35
35
35
35
35
35
36
36
36
36
36
36
36
36
36
37
37
37
37
37
37
37
37
37
39
39
39
39
39
39
39
39
39
39
39
39
39
39
40
40
40
40
40
40
40
40
40
40
40
40
40
40
42
42
42
42
42
43
43
43
43
43
43
44
45
45
45
45
45
45
45
45
45
45
45
45
45
45
45
45
45
45
45
47
47
47
47
47
47
48
48
48
48
48
48
48
48
48
48
48
48
48
50
50
50
50
50
50
50
50
50
50
50
50
50
51
51
51
51
51
53
53
53
53
53
54
54
54
54
56
56
56
56
56
56
56
56
56
57
57
57
57
57
59
59
59
59
59
60
60
60
60
60
61
61
61
61
61
62
62
62
62
63
63
63
63
65
65
65
65
68
68
68
68
69
69
69
69
70
70
70
70
72
72
72
72
73
73
73
73
74
74
74
74
77
77
77
77
78
78
78
78
79
79
79
79
81
81
81
81
81
82
82
82
82
82
83
83
83
83
83
85
85
85
85
86
86
86
86
87
87
87
87
89
89
89
89
89
89
89
91
91
92
92
92
92
92
92
92
92
92
92
92
92
92
92
92
92
94
94
94
94
94
94
94
94
94
94
94
96
96
96
96
96
96
96
96
96
96
96
96
96
96
96
96
96
97
97
97
97
97
97
97
97
97
97
97
97
97
97
97
97
98
98
99
99
99
99
99
100
101
101
101
101
101
101
101
101
101
101
101
101
101
102
102
102
102
102
102
102
103
103
103
103
103
103
104
105
106
107
107
107
107
108
109
111
111
111
111
111
111
112
113
113
113
113
113
113
114
114
114
114
114
114
114
114
114
115
115
115
115
115
115
115
115
115
116
116
116
116
116
116
116
116
116
117
117
117
117
117
117
117
117
117
117
118
118
118
118
118
118
118
118
118
118
118
119
119
119
119
119
119
119
119
119
119
119
120
120
120
120
120
120
120
120
120
120
120
121
121
121
121
121
121
121
121
121
122
122
122
122
122
122
123
123
123
123
123
123
124
130
130
130
130
130
130
130
130
130
130
130
130
130
130
130
130
130
130
130
130
139
139
139
139
139
139
139
139
139
139
139
139
139
139
139
139
139
139
139
139
147
147
147
147
147
148
150
150
150
151
154
154
155
155
155
155
155
156
157
157
157
158
161
161
162
162
162
162
162
162
162
162
162
162
162
162
163
164
164
164
164
164
164
164
165
165
165
165
165
165
166
167
167
167
167
167
167
167
167
167
167
167
167
167
167
168
168
168
168
168
169
171
171
171
171
171
171
171
172
175
175
176
176
176
176
176
176
176
177
178
178
178
178
178
179
179
179
179
179
179
179
179
179
179
179
179
179
179
179
179
179
179
179
179
179
179
180
181
184
184
185
185
185
185
185
186
187
187
188
188
188
188
188
188
188
188
188
189
189
189
189
189
189
189
189
190
190
190
190
190
190
190
191
191
191
191
191
191
191
192
193
193
194
194
194
194
194
194
194
195
196
196
196
197
197
197
197
197
197
198
199
202
202
203
203
203
203
203
203
203
204
205
205
205
205
205
206
206
207
207
207
207
207
207
207
207
207
208
208
208
208
208
208
208
208
209
209
209
209
209
209
209
210
210
210
210
210
210
210
211
212
212
212
212
212
212
213
214
214
214
215
215
215
215
215
215
216
217
217
217
218
218
218
218
218
218
218
218
218
218
218
218
219
219
219
219
219
219
219
220
220
220
220
220
220
220
221
221
221
222
222
222
222
222
222
222
223
224
225
228
228
229
229
229
229
229
229
229
230
231
231
232
232
232
232
232
232
232
232
232
233
233
233
233
233
233
233
233
233
234
234
234
234
234
234
234
234
234
234
234
235
235
235
235
235
235
235
236
236
236
236
236
236
236
237
238
238
239
239
239
239
239
239
239
240
241
241
241
242
242
242
242
242
242
243
244
247
247
248
248
248
248
248
249
250
250
250
250
250
250
250
250
251
254
254
255
255
255
255
255
255
255
256
257
257
257
257
257
257
258
264
264
264
264
264
265
266
266
266
267
268
268
268
268
268
269
270
270
270
271
273
273
273
273
273
274
275
275
275
276
278
278
278
278
278
279
280
280
280
281
283
283
283
283
283
284
285
285
285
286
288
288
288
288
288
289
290
290
290
290
290
290
290
290
290
291
293
293
293
293
293
293
293
294
295
295
295
295
295
295
295
295
295
295
295
297
297
298
300
300
301
301
301
301
301
302
302
302
302
302
302
303
303
303
303
303
303
305
305
305
305
306
306
306
306
306
306
306
308
308
308
308
308
308
308
308
308
308
309
309
309
309
309
309
310
310
310
310
310
310
310
310
310
311
313
313
313
313
313
313
313
313
313
313
314
314
314
314
314
314
315
315
315
315
315
315
315
315
315
316
318
318
318
318
318
318
318
318
318
318
318
319
319
319
319
319
319
319
320
321
322
322
322
322
322
322
324
325
325
326
326
326
326
326
326
329
329
329
329
330
330
330
330
331
331
331
331
332
332
332
332
333
333
333
333
334
334
334
334
335
335
335
335
336
336
336
336
336
336
337
338
340
340
340
340
340
340
340
340
340
340
341
342
342
342
342
342
342
342
342
342
343
343
344
346
346
347
347
347
347
347
347
347
348
348
348
348
349
349
349
349
349
349
350
350
350
350
350
350
350
350
350
351
351
352
354
354
354
354
354
354
354
354
354
354
354
354
354
354
354
354
354
354
354
354
354
354
354
354
354
355
355
355
355
355
355
355
355
356
356
356
356
357
357
357
357
357
357
357
359
361
361
361
361
361
361
361
361
361
361
361
361
361
362
362
362
362
362
362
362
363
363
363
363
363
363
363
363
363
364
364
364
364
364
364
365
366
366
366
366
366
366
368
368
368
368
368
368
368
368
368
368
368
368
368
369
370
370
370
370
370
370
370
370
370
370
374
374
374
374
374
374
374
375
376
378
378
378
378
378
378
378
378
378
378
379
380
380
380
380
380
380
380
380
380
381
381
382
384
384
385
385
385
385
385
385
385
386
386
386
386
387
387
387
387
387
387
388
388
388
388
388
388
388
388
388
389
389
390
392
392
392
392
392
392
392
392
392
392
392
392
392
392
392
392
392
392
392
392
392
392
392
392
392
393
393
393
393
393
393
393
393
395
395
395
395
396
396
396
396
396
396
396
397
399
399
399
399
399
399
399
399
399
399
399
399
399
400
400
400
400
400
400
400
401
401
401
401
401
401
401
401
401
402
402
402
402
402
402
403
404
404
404
404
404
404
406
406
406
406
406
406
406
406
406
406
406
406
406
407
408
408
408
408
408
408
408
408
408
408
412
412
412
412
412
412
412
413
414
416
416
416
416
416
416
416
416
416
416
417
418
418
418
418
418
418
418
418
418
418
418
418
419
419
419
420
422
422
422
422
422
422
422
422
422
423
423
423
424
424
425
425
425
425
425
425
425
425
425
425
425
425
425
425
425
425
425
425
425
425
425
425
425
425
426
426
426
426
426
426
426
427
427
427
427
427
427
427
427
427
428
428
428
428
428
428
428
428
428
428
428
429
429
429
429
430
430
431
434
434
434
434
434
434
435
435
435
436
437
438
438
438
438
438
438
438
440
440
440
440
441
441
441
441
441
441
441
441
441
441
441
441
441
442
442
442
442
442
442
442
442
442
443
443
443
444
445
447
447
447
447
447
447
447
447
447
447
448
448
448
448
448
448
450
450
450
450
450
450
450
450
450
451
451
451
451
451
451
451
453
453
453
453
453
454
454
454
454
454
454
454
455
455
455
455
455
455
456
456
456
457
457
457
457
457
457
457
457
457
457
457
457
457
457
457
457
457
458
458
458
458
458
458
458
458
458
459
459
459
459
459
459
459
460
460
460
460
460
460
460
461
461
461
461
461
461
461
461
461
461
461
461
461
462
463
463
463
463
463
463
463
463
464
464
464
464
464
464
464
465
465
465
465
465
465
466
468
468
468
468
468
468
470
470
470
470
470
470
470
470
470
471
471
471
471
471
471
471
473
473
473
474
476
476
476
476
476
476
476
476
477
478
484
484
484
484
484
484
484
484
484
484
484
484
484
485
485
485
486
488
488
489
489
489
489
489
489
490
490
490
490
490
490
490
490
490
490
493
493
493
493
493
493
493
494
495
495
495
495
495
495
495
495
495
495
495
495
495
497
497
497
497
497
497
497
497
498
500
500
500
501
502
502
502
502
502
502
503
503
503
503
503
503
503
503
503
503
503
503
503
503
503
503
503
503
503
503
503
503
503
503
503
503
506
506
506
507
508
514
514
514
514
514
514
515
515
515
515
515
515
515
515
515
515
515
515
515
516
516
516
516
516
516
516
517
517
517
517
517
518
520
520
520
520
521
523
523
523
523
523
524
525
525
525
525
526
526
526
526
528
528
528
528
528
528
528
528
528
530
530
530
530
530
530
530
530
531
531
531
531
531
531
531
531
531
531
531
531
531
531
531
531
531
531
531
531
531
531
531
531
533
533
533
533
533
533
533
533
534
534
534
534
534
534
534
534
534
534
534
534
534
534
534
534
534
534
534
534
534
534
534
534
536
536
536
536
536
536
536
536
537
537
537
537
537
537
537
537
537
537
537
537
537
537
537
537
537
537
537
537
537
537
537
537
541
541
541
541
541
541
541
542
544
544
544
544
544
545
545
545
545
545
546
547
547
547
548
548
548
548
548
549
549
549
549
550
550
550
550
550
550
550
550
550
550
550
550
551
553
553
553
553
553
553
553
553
553
553
553
553
553
553
553
554
554
554
554
554
554
554
556
556
556
556
556
556
556
556
556
557
557
557
557
557
557
557
557
557
559
559
559
559
559
559
559
559
559
559
559
559
559
560
560
560
560
560
560
560
561
561
561
561
561
561
563
563
564
564
564
564
564
564
565
566
566
566
566
566
566
567
567
567
567
567
567
567
568
569
570
572
572
572
572
572
573
574
574
575
575
575
575
575
575
575
576
577
577
577
577
577
577
579
580
582
582
582
582
582
583
584
584
585
585
585
585
585
585
585
586
587
587
587
587
587
587
589
590
592
592
592
592
592
592
592
593
594
594
594
596
596
596
596
596
596
596
596
596
596
596
597
597
597
597
597
597
597
597
597
597
597
598
598
598
598
598
598
598
598
598
598
598
600
600
601
601
601
601
601
601
601
601
601
602
602
602
602
602
602
602
603
603
603
603
603
603
603
603
603
604
604
604
604
604
604
604
605
605
605
605
605
605
605
605
605
606
606
606
606
606
606
606
608
608
608
608
608
608
608
608
608
608
608
608
608
608
608
608
608
608
610
610
610
610
610
610
610
610
610
610
610
611
611
611
611
611
611
611
611
611
611
611
612
612
612
612
612
612
612
612
612
612
612
614
614
614
614
614
614
614
615
615
615
615
615
615
615
616
616
616
616
616
616
616
618
618
618
618
618
618
618
618
618
618
618
618
618
618
618
618
618
618
618
618
618
618
619
620
620
620
620
620
620
621
621
621
621
621
621
621
621
621
621
621
621
621
622
622
622
622
622
622
622
622
622
623
623
623
624
625
627
627
627
627
627
627
627
627
627
627
627
627
627
627
627
627
627
627
627
628
629
629
629
629
629
629
629
629
629
629
629
629
629
630
630
630
630
630
630
630
631
631
631
631
631
631
631
631
631
631
632
632
632
632
632
632
632
632
632
632
633
635
635
635
635
635
635
635
636
636
636
636
636
636
636
636
636
636
637
637
637
637
637
637
637
637
637
637
638
640
640
640
640
640
640
640
641
641
641
641
641
641
641
641
641
641
642
642
642
642
642
642
642
642
642
642
643
645
645
645
645
645
645
645
645
646
646
646
646
646
646
646
647
647
647
647
647
647
647
648
649
650
652
652
652
652
652
652
652
652
652
652
652
653
654
654
654
654
654
654
654
655
655
655
655
655
655
655
655
655
655
655
655
655
655
655
655
655
655
655
656
657
659
659
659
659
659
659
659
659
659
659
659
659
659
660
661
661
661
661
661
661
661
661
661
661
661
661
661
661
661
661
661
661
661
661
661
661
661
661
661
661
661
661
661
662
662
662
662
662
662
662
663
663
663
663
663
663
663
663
663
663
663
663
663
663
663
663
663
663
663
663
663
663
663
663
663
663
663
663
664
664
664
664
664
664
664
665
665
665
665
665
665
665
665
665
665
665
665
665
665
665
665
665
665
665
665
665
665
665
665
665
665
665
665
666
666
666
666
666
666
666
667
668
669
