17
17
17
17
17
17
17
17
17
19
19
19
19
19
19
19
19
19
20
20
20
20
20
20
20
20
20
21
21
21
21
21
21
21
21
21
22
22
22
22
22
22
22
22
22
23
23
23
23
23
23
23
23
23
24
24
24
24
24
24
24
24
24
24
24
24
24
25
25
25
25
25
25
25
25
25
25
25
25
25
27
27
27
27
27
27
27
28
28
28
28
28
28
28
28
28
29
29
29
29
29
29
29
30
30
30
30
30
30
30
30
30
31
31
31
31
31
31
31
31
31
32
32
32
32
32
32
32
32
32
33
33
33
33
33
33
33
33
33
34
34
34
34
34
34
34
34
34
34
34
35
35
35
35
35
35
35
35
35
35
35
36
36
36
36
36
36
36
36
36
37
37
37
37
37
37
37
37
37
39
39
39
39
39
39
39
39
39
39
39
39
39
39
44
44
44
44
44
44
45
46
46
46
46
46
46
48
48
48
48
48
48
48
48
49
49
49
49
49
49
49
49
51
51
51
51
51
51
51
51
52
52
52
52
52
54
54
54
54
54
54
55
55
55
55
55
55
57
57
57
57
57
58
58
58
58
58
60
60
60
60
60
61
61
61
61
62
62
62
62
64
64
64
65
65
65
65
65
66
66
66
66
68
68
68
68
68
69
69
69
69
69
70
70
70
70
70
72
72
72
72
73
73
73
73
74
74
74
74
76
76
76
76
76
76
76
77
77
77
77
77
79
79
79
79
79
80
80
80
80
80
81
81
81
81
81
83
83
83
83
85
85
86
86
86
86
86
86
86
86
86
86
86
86
86
86
86
86
87
87
87
87
87
87
87
87
89
89
89
89
89
89
89
89
89
89
89
89
89
89
89
89
91
91
91
91
91
91
91
91
92
92
92
92
92
92
92
92
92
92
92
92
92
92
92
93
93
93
93
93
93
93
93
93
93
94
96
96
96
96
96
96
96
96
96
96
96
96
96
96
96
96
96
97
97
97
97
97
97
97
97
97
97
97
97
97
97
97
97
98
98
99
99
99
99
99
100
101
101
101
101
101
101
101
101
101
101
101
101
101
101
101
101
101
102
102
102
102
102
102
102
102
102
102
103
103
103
103
103
103
103
103
103
104
105
106
107
107
107
107
108
109
111
111
111
111
111
112
113
113
113
113
113
113
115
115
115
115
115
115
115
115
115
116
116
116
116
116
116
116
116
116
117
117
117
117
117
117
117
117
117
117
118
118
118
118
118
118
119
119
119
119
119
119
120
120
120
120
120
120
121
121
121
121
121
121
121
121
121
122
122
122
122
122
122
122
122
122
122
122
123
130
130
131
131
131
131
131
131
131
131
131
131
131
131
132
133
133
133
133
133
133
133
134
134
134
134
134
134
135
136
136
136
136
136
136
136
136
136
136
136
136
136
136
137
137
137
137
137
138
140
140
140
140
140
140
140
141
144
144
145
145
145
145
145
146
147
147
147
147
147
147
147
147
147
147
147
147
147
147
147
147
147
147
147
147
147
147
147
147
147
148
148
148
148
148
148
148
149
149
149
149
149
149
149
150
151
154
154
155
155
155
155
155
155
155
155
156
157
157
157
157
157
157
157
157
157
157
157
157
157
157
157
157
157
157
157
157
157
157
157
157
157
158
158
158
158
158
158
158
159
159
159
159
159
159
160
160
160
160
160
160
160
161
162
163
163
164
164
164
164
164
164
164
165
166
169
169
170
170
170
170
170
170
170
171
172
172
172
172
172
173
173
173
173
174
174
174
175
175
175
175
175
175
175
175
175
175
175
175
176
176
176
176
176
176
176
177
177
177
177
177
177
178
178
178
178
178
178
178
179
180
180
180
181
181
181
181
181
181
181
182
183
184
187
187
188
188
188
188
188
189
190
190
190
190
190
190
190
190
191
194
194
195
195
195
195
195
195
195
196
197
197
197
197
197
197
197
197
197
197
197
197
197
198
200
200
200
200
200
200
204
204
204
204
204
204
204
204
204
204
204
204
205
208
208
209
209
209
209
209
210
211
211
211
212
215
215
216
216
216
216
216
216
216
217
218
218
218
218
218
218
219
225
225
225
225
225
225
225
225
225
225
225
225
225
225
225
225
225
226
227
227
227
227
229
229
230
230
230
230
230
230
230
230
230
232
232
232
232
234
234
234
234
236
236
236
236
236
236
236
236
236
237
238
238
238
238
238
238
239
239
239
239
239
239
240
240
240
240
240
240
240
241
242
242
243
243
243
243
243
243
243
244
244
244
244
244
244
244
245
245
245
245
245
245
245
246
248
248
248
249
251
251
251
251
251
251
251
251
251
251
251
251
251
251
251
251
251
252
253
253
253
253
255
255
256
256
256
256
256
256
256
256
256
258
258
258
258
258
258
258
258
260
260
260
260
262
262
262
262
262
262
262
262
262
263
264
264
264
264
264
264
265
265
265
265
265
265
266
266
266
266
266
266
266
267
267
268
269
269
270
270
270
270
270
270
270
271
271
271
271
271
271
271
272
272
272
272
272
272
272
273
277
277
277
277
277
277
278
280
280
280
280
280
280
280
280
280
280
280
280
280
280
280
280
280
280
281
282
282
282
282
284
284
284
284
284
284
284
284
284
284
285
285
285
285
285
285
285
285
285
285
285
285
285
286
286
286
286
286
286
286
286
286
286
286
286
286
286
286
288
288
288
288
288
288
288
288
289
289
289
289
289
289
290
290
290
290
290
290
290
290
290
290
290
290
290
290
291
291
291
291
291
291
292
292
292
292
292
292
293
293
293
293
293
293
294
294
294
294
294
294
294
294
296
296
296
296
296
296
296
298
298
298
298
298
298
298
298
298
298
298
298
298
298
298
298
298
298
298
299
299
299
299
299
299
299
299
299
299
299
299
299
299
299
299
299
299
299
299
299
299
299
299
299
299
299
299
300
300
300
300
300
300
300
300
300
300
300
300
300
300
300
300
300
300
300
300
301
301
301
301
301
301
301
301
301
301
301
301
302
302
302
302
302
302
302
302
302
303
303
303
303
303
303
303
303
303
304
306
306
306
306
307
309
309
309
309
310
311
311
311
311
311
312
314
314
314
314
315
316
316
316
317
319
319
319
319
320
321
321
321
322
324
324
324
324
325
326
326
326
327
329
329
329
329
329
329
330
331
331
331
331
331
332
332
333
335
335
336
336
336
336
336
336
336
337
337
337
337
338
338
338
338
338
338
338
338
339
339
339
339
339
339
339
339
339
339
339
340
340
341
342
342
342
342
342
342
342
342
343
343
344
346
346
346
346
346
346
346
346
347
347
347
347
347
347
347
347
347
347
347
347
347
348
348
348
348
348
348
348
349
349
349
349
349
349
349
349
349
350
350
350
350
350
350
351
352
352
352
352
352
352
354
354
354
354
354
354
355
356
356
356
356
356
356
356
356
356
356
356
356
360
360
360
360
360
360
360
361
362
364
364
364
364
364
364
365
366
366
366
366
366
367
367
368
370
370
371
371
371
371
371
371
371
372
372
372
372
373
373
373
373
373
373
373
373
374
374
374
374
374
374
374
374
374
374
374
375
375
376
377
377
377
377
377
377
377
377
378
378
379
381
381
381
381
381
381
381
381
382
382
382
382
382
382
382
382
382
382
382
382
382
383
383
383
383
383
383
383
384
384
384
384
384
384
384
384
384
385
385
385
385
385
385
386
387
387
387
387
387
387
389
389
389
389
389
389
390
391
391
391
391
391
391
391
391
391
391
391
391
395
395
395
395
395
395
395
396
397
399
399
399
399
399
399
400
401
401
401
401
401
401
401
401
401
402
402
402
403
405
405
405
405
405
405
405
405
405
405
405
405
405
405
405
405
405
406
406
406
406
406
406
406
406
406
406
406
407
407
407
407
407
407
407
407
407
407
407
407
407
407
407
407
407
407
407
407
407
407
407
407
407
407
407
409
409
409
409
410
410
410
411
413
413
413
413
415
415
415
415
415
415
415
415
415
415
416
416
416
416
416
416
416
416
418
418
418
418
418
418
418
418
418
419
419
419
419
419
419
419
420
420
420
420
420
421
421
421
421
421
421
421
422
422
422
422
422
422
423
423
423
424
424
424
424
424
424
424
424
424
424
424
424
424
425
425
425
425
425
425
425
425
425
426
426
426
426
426
426
426
427
427
427
427
427
427
427
427
427
428
428
428
428
428
428
428
428
428
428
428
428
428
429
430
430
431
431
431
431
431
431
431
431
431
432
432
432
432
432
432
433
435
435
435
435
435
435
435
435
437
437
437
437
437
437
437
437
437
437
437
438
438
438
439
440
444
444
444
444
444
444
444
444
444
444
444
444
444
445
445
445
446
448
448
449
449
449
449
449
449
449
450
450
450
450
450
450
451
451
451
451
451
451
451
451
451
451
452
452
452
452
452
452
452
453
455
455
455
456
457
457
457
457
457
457
458
458
458
458
458
458
458
458
458
458
458
458
458
458
458
458
458
458
458
458
458
458
458
458
458
458
461
461
461
462
463
465
465
465
465
465
465
466
467
467
467
467
467
467
467
467
467
467
467
468
468
469
471
471
472
472
472
472
473
473
473
473
473
473
473
474
474
474
474
474
474
474
474
474
474
474
474
474
474
474
474
475
475
475
475
475
475
475
475
476
476
476
476
476
476
476
476
476
476
476
477
478
478
478
478
478
478
478
478
478
478
478
478
478
478
478
478
479
479
479
479
479
479
479
479
480
480
480
480
480
480
480
480
480
480
480
481
482
482
482
482
482
482
482
482
482
482
482
483
483
483
483
483
483
483
484
485
486
486
486
486
486
486
488
488
488
488
488
488
489
490
490
491
491
491
491
491
491
493
493
493
493
493
493
493
494
494
494
494
494
494
495
495
495
495
495
495
495
495
495
496
499
499
499
499
499
499
500
502
502
502
502
502
502
502
503
503
503
503
503
503
503
503
503
504
504
504
504
504
504
505
506
506
506
506
506
506
506
507
507
507
507
507
507
507
507
507
508
508
508
508
508
508
509
511
511
511
511
511
511
511
512
512
512
512
512
512
512
512
512
513
513
513
513
513
513
513
513
513
514
516
516
516
516
517
517
517
517
518
518
518
518
519
519
519
519
520
521
523
523
523
523
524
525
525
525
525
525
525
525
525
525
526
528
528
528
528
529
530
530
530
530
530
530
530
530
530
530
531
531
531
531
531
531
531
531
531
532
533
533
533
533
534
536
536
536
536
536
537
538
538
539
539
539
539
539
539
539
540
541
541
541
541
541
541
543
544
546
546
546
546
546
547
548
548
549
549
549
549
549
549
549
550
551
551
551
551
551
551
553
553
553
553
553
553
554
555
557
557
557
557
557
558
559
559
559
559
559
559
559
559
560
560
560
560
560
560
560
560
560
560
560
560
560
560
561
561
561
561
561
561
562
562
562
562
562
562
565
565
565
565
565
565
565
565
565
566
566
566
566
566
566
566
566
566
566
566
567
567
567
567
567
567
567
567
567
567
567
567
567
567
567
567
567
567
567
567
568
568
568
568
568
569
569
569
569
569
571
571
571
571
571
571
571
571
571
571
571
571
571
571
571
571
571
571
571
571
571
571
571
572
572
572
572
572
572
572
572
572
572
572
573
573
573
573
573
574
574
574
574
574
574
574
574
574
574
575
575
575
575
575
575
575
575
575
575
575
575
578
578
578
578
578
578
578
578
579
579
579
579
579
579
579
579
579
579
580
580
580
580
580
580
580
580
580
580
580
580
580
580
580
580
580
580
580
580
581
581
581
581
581
582
582
582
582
582
584
584
584
584
584
584
584
584
584
584
584
584
584
584
584
584
584
584
584
584
584
584
584
585
585
585
585
585
585
585
585
585
585
585
586
586
586
586
586
587
587
587
587
587
587
587
587
587
587
588
588
588
588
588
588
588
588
588
588
588
588
591
591
591
591
591
591
591
591
592
592
592
592
592
592
592
592
592
592
593
593
593
593
593
593
593
593
593
593
593
593
593
593
593
593
593
593
593
593
594
594
594
594
594
595
595
595
595
595
597
597
597
597
597
597
597
597
597
597
597
597
597
597
597
597
597
597
597
597
597
597
597
598
598
598
598
598
598
598
598
598
598
598
599
599
599
599
599
600
600
600
600
600
600
600
600
600
600
601
601
601
601
601
601
601
601
601
601
601
601
602
604
604
604
604
604
605
606
606
606
606
606
606
606
606
606
606
608
608
608
608
609
609
609
609
610
610
610
610
611
611
611
611
613
613
613
613
613
613
613
613
613
613
613
614
614
614
614
614
614
614
614
614
614
614
615
615
615
615
615
615
615
615
615
615
615
619
619
619
619
619
619
619
619
619
620
622
622
622
622
622
623
624
624
624
624
624
625
625
625
625
625
626
626
626
626
627
627
627
627
627
627
627
627
627
627
627
627
628
630
630
630
630
630
630
630
631
631
631
631
631
631
631
633
633
633
633
633
633
633
633
633
634
634
634
634
634
634
634
634
634
636
636
636
636
636
636
636
636
636
636
636
636
636
637
637
637
637
637
637
637
638
638
638
638
638
638
640
640
641
641
641
641
641
641
642
643
643
643
643
643
643
644
644
644
644
644
644
644
645
646
647
649
649
649
649
649
649
649
649
649
649
649
649
650
651
651
651
651
651
651
651
651
652
652
652
652
652
653
653
653
653
653
653
653
653
654
654
654
654
654
655
655
655
655
656
656
656
658
658
658
658
658
658
658
659
664
664
664
664
664
664
664
664
664
665
666
666
666
666
666
666
666
666
666
666
666
666
667
669
669
669
669
669
669
669
669
669
669
669
670
671
671
671
671
671
671
671
671
671
671
671
671
671
671
671
671
671
671
675
675
675
675
675
677
677
677
677
677
677
677
677
678
678
678
678
678
678
678
678
678
678
679
679
679
679
679
679
679
679
680
680
680
680
680
680
680
680
680
680
680
680
681
681
681
681
681
681
681
681
681
681
681
681
681
681
681
681
681
681
681
681
681
681
681
681
681
681
681
681
685
685
685
685
685
685
685
685
685
685
686
686
686
686
687
688
689
693
693
693
693
693
694
694
694
694
694
694
694
694
694
694
695
695
695
695
695
695
695
696
696
696
696
696
696
696
696
696
697
698
700
700
700
700
700
700
700
700
700
700
701
703
703
703
703
703
703
703
703
703
703
703
703
704
706
706
706
706
706
706
706
706
706
706
706
706
706
706
706
706
706
706
706
706
706
706
706
706
706
706
706
706
706
706
706
706
706
707
707
707
707
707
707
707
707
707
707
707
707
709
709
709
709
709
709
709
709
709
709
709
709
709
709
709
710
710
710
710
710
710
710
710
710
710
710
710
710
710
710
711
711
711
711
711
711
711
711
711
711
711
711
711
711
711
711
711
711
711
711
711
711
711
711
711
711
711
711
711
711
712
715
715
715
715
715
715
715
715
715
715
715
715
716
716
716
716
716
716
716
717
719
719
719
719
719
719
719
720
721
721
721
721
721
721
721
721
721
721
721
721
721
721
721
721
721
721
721
721
722
722
722
722
722
722
722
722
722
722
722
722
722
723
724
726
726
726
726
726
726
726
727
728
728
728
729
729
729
729
729
729
729
729
729
729
729
729
729
729
729
729
729
729
729
729
729
729
729
730
730
730
730
730
730
730
730
730
731
732
734
734
734
734
734
734
734
734
734
734
735
736
736
737
737
737
737
737
737
737
737
737
737
738
739
739
739
739
739
739
739
739
739
740
740
740
740
740
740
740
740
740
741
741
741
741
741
741
741
741
741
741
741
741
741
741
741
741
741
741
741
741
741
741
742
742
742
742
742
742
742
742
742
742
743
743
743
743
743
743
743
743
743
743
744
744
744
744
744
744
744
745
745
745
745
745
745
745
745
745
746
746
746
746
746
746
746
746
746
747
747
747
747
747
747
747
748
748
748
748
748
749
750
751
753
753
753
753
753
754
755
757
757
757
757
757
757
757
757
757
757
757
757
757
757
757
757
757
758
759
759
759
759
759
759
759
759
759
761
761
762
762
762
762
762
762
762
762
762
762
762
762
762
762
762
762
762
762
762
762
762
762
762
762
763
764
764
764
764
764
764
764
764
764
764
764
764
764
764
764
764
764
764
765
766
768
768
768
768
769
770
770
770
770
771
771
771
771
772
772
772
772
773
773
773
774
774
774
776
776
776
776
776
776
776
776
777
778
778
778
778
778
778
779
779
779
779
779
779
780
780
780
780
780
780
780
780
780
781
782
783
784
