18
18
18
18
18
18
18
18
18
18
18
20
20
20
20
20
20
20
21
21
21
21
21
21
21
22
22
22
22
22
22
22
23
23
23
23
23
23
23
25
25
25
25
25
25
25
25
25
26
26
26
26
26
26
26
26
26
27
27
27
27
27
27
27
27
27
28
28
28
28
28
28
28
28
28
29
29
29
29
29
29
29
29
29
30
30
30
30
30
30
30
30
30
31
31
31
31
31
31
31
31
31
33
33
33
33
33
33
33
33
33
33
33
33
33
34
34
34
34
34
34
34
34
34
34
34
34
34
35
35
35
35
35
35
35
35
35
35
35
35
35
60
60
60
60
60
61
63
63
63
63
63
63
63
63
67
67
67
67
67
70
70
70
70
70
73
73
73
73
77
77
77
77
77
77
80
80
80
80
80
80
83
83
83
83
86
86
86
86
89
89
89
89
92
92
92
92
98
98
98
98
99
100
100
100
100
100
100
100
101
107
107
107
107
107
107
107
108
109
109
109
109
109
109
109
110
117
117
117
117
117
117
117
117
117
117
117
118
119
119
119
119
120
120
120
120
121
121
121
121
122
129
129
129
129
129
129
129
130
131
131
131
131
131
131
131
132
138
138
138
138
138
138
138
139
140
140
140
140
140
140
140
141
148
148
148
148
148
148
148
148
148
148
148
149
150
150
150
150
151
151
151
151
152
161
161
161
161
161
161
161
161
161
161
161
161
161
161
161
162
163
163
163
163
163
164
164
164
164
165
165
165
165
166
176
176
177
177
177
177
177
177
177
178
180
180
180
180
180
181
181
181
181
182
182
182
182
183
184
184
184
184
184
184
186
194
194
194
194
194
194
194
195
196
196
196
196
196
196
196
196
196
196
196
196
196
197
198
198
198
200
201
201
201
201
202
202
202
203
211
211
211
211
211
211
211
212
213
213
213
213
213
213
214
215
215
215
215
215
215
215
215
215
215
215
215
216
217
217
217
218
226
226
226
226
226
226
226
227
228
228
228
228
228
228
229
230
230
230
230
230
230
230
230
230
230
230
230
231
232
232
232
233
240
240
240
240
240
241
242
242
242
243
249
249
249
249
249
250
251
251
251
252
258
258
258
258
258
259
260
260
260
261
267
267
267
267
267
267
267
268
269
269
269
269
269
269
270
271
271
271
271
271
271
271
271
271
271
271
271
271
271
271
271
271
272
273
282
282
282
282
282
283
284
284
284
285
292
292
292
292
292
292
292
293
294
294
294
294
296
296
296
296
296
296
296
296
296
296
297
297
297
297
297
297
297
297
297
297
297
297
297
297
297
297
297
297
298
298
298
298
298
298
298
298
299
299
299
299
300
300
300
300
300
300
300
300
300
300
300
300
300
300
300
300
301
301
301
301
301
301
301
302
302
302
302
302
302
302
304
304
304
304
304
305
305
305
305
305
305
305
306
307
307
307
307
307
307
307
308
308
308
308
308
308
308
309
310
310
310
310
310
310
310
311
311
311
311
311
311
311
312
313
313
313
313
313
313
316
316
316
316
317
317
317
317
317
317
317
317
318
318
318
318
318
318
318
318
319
319
319
319
319
320
320
320
320
320
320
320
320
320
321
321
321
321
321
322
322
322
322
322
322
322
322
322
324
324
324
324
324
324
324
324
324
324
324
324
324
324
324
324
324
324
324
324
324
325
325
325
325
325
325
325
326
327
334
334
334
334
334
334
334
334
334
334
335
336
336
336
336
336
336
336
336
337
344
344
344
344
344
344
344
344
344
344
345
346
346
346
346
346
346
346
346
347
356
356
356
356
356
356
356
356
357
358
358
358
358
359
366
366
366
366
366
366
366
366
367
368
368
368
368
369
376
376
376
376
376
376
376
376
377
378
378
378
378
379
386
386
386
386
386
386
386
386
387
388
388
388
388
389
390
393
