1
1
1
1
1
1
1
1
1
1
1
1
1
3
3
3
3
3
3
3
5
5
5
5
5
5
5
6
6
6
6
6
6
6
6
6
8
8
8
8
8
8
8
8
8
8
8
8
8
9
9
9
9
9
9
9
9
9
10
10
10
10
10
10
10
10
10
11
11
11
11
11
11
11
11
11
11
11
13
13
13
13
13
13
13
13
13
13
13
14
14
14
14
14
14
14
14
14
14
14
14
14
27
27
27
28
31
31
31
31
31
31
31
31
32
32
32
32
32
32
32
32
33
33
33
33
33
33
33
33
34
34
34
34
34
34
34
34
35
35
35
35
35
35
35
35
43
43
43
43
43
43
43
43
45
45
45
45
45
45
45
45
49
49
49
49
49
49
49
49
50
50
50
50
50
50
50
50
51
51
51
51
51
51
51
51
55
55
55
55
55
55
55
55
55
55
63
63
63
63
63
66
66
66
66
66
73
73
73
73
75
75
75
75
77
77
77
77
85
85
85
85
87
87
87
87
94
94
94
94
101
101
101
101
108
108
108
108
110
110
110
110
112
112
112
112
117
117
117
117
126
126
126
126
133
133
133
133
133
133
133
133
133
133
133
133
133
144
144
144
144
149
149
149
149
156
156
156
156
157
157
157
157
165
165
165
165
165
165
165
165
165
166
166
166
166
166
166
167
168
168
168
168
169
169
169
169
170
170
170
170
170
170
170
170
170
170
170
170
170
171
171
171
171
171
171
171
171
171
172
172
172
172
173
180
180
180
180
180
180
180
181
183
183
183
183
183
183
183
183
183
183
183
183
183
184
184
184
184
184
185
185
185
185
185
185
185
185
185
185
185
185
185
185
186
187
187
187
187
188
188
188
188
188
188
188
188
188
188
188
188
188
188
188
195
195
195
195
195
195
195
196
196
196
196
196
196
196
196
196
196
196
197
197
197
198
198
198
198
198
198
201
201
201
201
202
202
202
202
203
203
203
203
203
203
203
204
205
205
205
205
205
205
205
236
238
238
238
238
238
238
239
239
239
240
245
245
245
245
245
245
245
245
246
246
246
246
247
247
247
247
247
247
247
247
247
247
247
247
247
248
297
297
297
297
297
297
297
298
299
299
299
299
299
300
300
300
300
301
301
301
302
303
303
303
303
303
303
303
304
304
304
304
304
304
304
304
304
305
306
306
306
306
306
307
309
309
309
309
309
309
309
309
309
310
311
311
311
311
311
311
311
312
312
312
312
312
312
312
313
313
313
313
313
313
313
313
314
314
315
315
315
315
315
315
315
316
317
319
319
319
319
319
319
319
319
319
319
321
321
321
321
321
321
321
321
321
321
329
329
329
329
329
329
329
329
329
329
331
331
331
331
331
331
331
331
331
331
333
333
333
333
333
333
334
334
334
335
343
343
343
343
343
343
343
343
344
344
344
344
344
344
345
347
347
347
347
347
347
347
347
348
348
348
348
348
348
349
351
351
351
351
351
351
352
352
352
352
352
352
352
352
352
352
352
352
352
352
353
355
355
355
355
355
355
356
356
356
356
356
356
356
356
356
356
356
356
356
356
357
369
369
369
369
369
370
373
373
373
373
373
373
373
376
376
376
376
376
376
376
377
377
378
379
379
379
379
379
379
379
379
379
379
379
380
382
382
382
382
382
382
382
383
383
383
383
383
383
383
383
383
383
383
383
383
384
384
384
385
385
385
385
385
385
385
385
385
385
385
385
385
385
385
385
385
386
388
388
388
388
389
397
397
397
397
397
398
399
399
399
399
400
408
408
408
408
408
409
411
411
411
411
411
412
412
412
413
413
413
413
414
414
414
414
415
415
416
416
416
421
421
422
422
422
423
423
430
430
431
431
431
431
432
432
432
432
432
432
432
433
434
442
442
442
442
442
442
442
442
443
445
445
445
445
445
446
446
446
447
447
447
449
449
449
451
451
451
451
451
452
452
452
452
455
455
455
455
455
455
456
456
456
456
456
457
458
458
458
458
458
458
458
460
460
460
460
460
460
460
460
460
461
461
461
461
461
461
461
461
462
462
462
462
462
462
462
462
462
463
463
463
463
463
463
463
464
466
466
466
466
466
466
466
468
468
468
468
468
468
468
468
468
468
468
468
468
468
471
471
471
471
471
472
472
472
472
472
472
472
472
473
473
473
473
474
474
474
474
474
475
476
476
476
476
477
477
477
477
479
479
479
479
479
479
479
480
482
482
482
482
482
482
482
483
483
483
483
484
484
484
484
485
485
485
485
485
485
485
486
487
487
487
487
488
488
488
488
488
502
502
502
504
504
504
504
504
504
504
505
505
505
507
507
507
507
507
508
508
508
508
509
509
509
509
509
510
512
512
512
512
512
513
513
513
514
514
514
514
515
515
515
515
515
515
515
516
516
516
517
517
517
519
521
521
521
521
521
521
521
522
522
522
522
522
523
523
523
523
524
524
524
524
524
524
524
525
525
525
525
525
527
527
527
527
527
527
527
527
527
529
529
529
529
529
529
529
530
531
531
531
531
531
532
534
534
534
534
534
534
534
534
534
536
536
536
536
537
537
537
537
537
537
537
538
541
541
541
541
541
542
548
548
548
548
548
548
548
548
549
551
551
551
551
551
551
551
551
551
552
552
552
552
552
552
553
553
553
553
553
553
553
553
553
553
553
553
553
553
554
554
554
555
556
556
556
557
559
559
559
559
559
560
560
560
560
560
561
561
561
561
561
561
561
561
561
562
562
562
562
562
563
563
563
563
563
563
563
563
563
563
563
563
563
563
563
565
565
565
565
565
566
566
566
566
566
567
567
567
567
567
567
567
567
567
567
567
567
567
567
567
570
570
570
570
570
571
571
571
571
571
573
574
574
574
574
574
574
574
574
575
575
575
575
575
575
575
576
576
576
576
577
577
577
578
578
578
578
578
578
578
579
579
579
579
579
579
579
579
580
581
581
581
581
581
581
581
581
581
581
581
581
582
583
584
584
585
585
587
588
589
596
596
596
596
596
596
596
596
597
598
598
598
598
598
600
600
600
600
600
600
600
600
600
601
601
601
602
602
602
602
602
602
602
602
602
602
602
603
603
603
603
603
604
604
604
604
604
605
605
605
605
605
606
606
606
606
606
606
606
606
606
606
606
606
606
606
606
606
607
607
607
609
609
609
609
609
610
610
610
610
610
611
612
612
612
612
612
612
612
612
613
613
613
613
613
613
613
614
614
614
614
615
615
615
616
616
616
616
616
616
616
617
617
617
617
617
617
617
617
618
619
619
619
619
619
619
619
619
619
619
619
619
620
621
622
622
623
623
625
626
627
627
627
627
627
627
627
628
630
630
630
630
630
630
630
630
630
630
631
632
632
633
633
633
633
633
633
633
634
634
634
634
634
634
634
635
635
635
635
635
635
635
635
635
636
636
636
636
636
636
636
637
637
637
637
637
637
638
639
639
639
640
641
649
649
649
649
649
649
649
649
650
651
651
651
651
651
651
651
651
651
651
652
652
652
652
652
652
652
652
652
652
654
654
654
654
660
660
660
660
660
660
660
661
661
661
661
661
661
661
661
661
661
661
661
662
662
662
662
662
662
662
662
664
664
664
667
667
667
667
667
667
667
667
668
668
668
668
668
668
668
668
669
669
669
669
669
669
669
669
671
671
671
671
672
672
672
672
673
673
673
673
674
674
674
674
674
674
674
675
676
677
677
677
677
677
677
677
678
678
678
678
678
678
678
679
684
684
684
684
684
684
684
685
685
685
685
685
685
685
685
685
686
686
686
686
689
689
689
689
689
689
689
691
691
691
692
692
692
692
692
692
692
692
692
692
692
692
692
692
693
693
693
693
693
693
693
693
693
693
693
693
693
693
693
695
695
695
695
697
697
697
697
697
697
697
697
697
697
697
697
697
697
698
698
699
700
701
703
703
703
703
704
704
704
704
705
710
710
710
710
710
710
710
710
710
710
710
711
711
711
711
711
711
712
712
712
712
712
712
713
713
713
713
713
713
713
714
714
714
714
714
714
715
715
715
715
715
715
716
721
721
721
721
721
721
721
721
721
721
721
722
722
722
722
722
722
723
723
723
723
723
723
724
724
724
724
724
724
724
725
725
725
725
725
725
726
726
726
726
726
726
727
733
733
733
733
733
733
733
734
737
737
737
737
737
738
738
738
738
739
739
739
739
739
739
739
742
742
742
742
742
742
742
742
743
743
743
744
745
745
745
745
745
745
745
747
747
747
747
747
747
747
747
747
747
747
747
747
747
747
748
748
748
748
748
748
748
749
749
749
749
749
749
749
749
750
751
751
751
752
753
753
753
753
753
753
753
754
754
754
754
754
754
754
755
755
755
755
755
755
755
755
756
757
757
757
757
757
757
757
758
758
758
758
759
759
759
759
763
763
763
764
765
765
765
765
765
765
765
765
765
766
768
768
768
768
768
768
769
771
771
771
771
771
771
771
772
772
772
772
772
774
774
774
774
774
774
774
774
774
775
775
775
775
777
777
777
777
777
777
777
777
778
778
778
778
778
778
778
778
779
779
779
779
779
779
779
779
781
781
781
782
782
782
782
782
782
782
782
786
786
786
786
787
787
787
787
789
790
790
790
792
792
792
792
793
793
793
793
794
795
795
795
795
795
795
795
796
798
798
798
798
798
798
798
799
800
800
800
800
800
800
800
801
801
801
801
801
801
801
801
801
801
801
801
801
801
801
801
802
803
803
803
803
803
803
804
804
804
804
804
804
805
805
805
805
805
805
806
806
806
806
806
806
806
807
809
809
809
809
809
809
809
809
810
811
811
811
811
811
811
811
811
811
811
811
811
811
811
811
811
811
811
812
812
812
812
812
812
812
813
813
813
813
813
813
813
813
813
813
813
813
813
813
813
814
814
814
814
814
814
814
814
814
814
814
814
815
815
815
816
817
818
819
819
819
820
822
822
822
822
822
822
823
823
823
823
823
823
824
826
826
826
826
826
826
826
826
827
827
827
827
827
828
828
828
829
829
829
830
830
830
831
831
831
832
832
832
833
833
833
834
834
834
835
835
835
836
836
836
837
837
837
840
840
840
841
841
841
842
842
842
843
843
843
844
845
845
845
845
845
845
845
846
859
860
