1
1
1
1
1
1
1
3
3
3
3
3
3
3
4
4
4
4
4
4
4
6
6
6
6
6
6
6
6
6
6
6
9
9
9
9
9
9
9
9
9
11
11
11
11
11
14
14
14
14
14
14
14
14
15
15
15
15
16
16
16
16
18
18
18
18
18
18
18
19
19
19
19
19
19
19
19
19
20
20
20
20
20
20
21
21
21
21
21
21
22
22
22
22
22
22
22
22
22
22
22
23
25
25
25
25
25
25
25
25
26
26
26
26
26
26
26
26
26
26
26
26
26
26
26
26
26
26
26
26
26
26
26
27
27
27
27
27
27
27
27
27
28
28
28
29
29
29
29
29
29
29
30
30
30
30
31
31
31
33
33
33
33
33
33
33
36
36
36
36
36
36
36
38
38
38
38
40
40
40
40
40
40
40
42
42
42
42
42
42
42
42
42
48
48
48
48
48
48
48
48
48
48
48
48
48
48
48
48
48
48
49
49
49
49
49
49
49
49
49
52
52
52
52
52
52
52
52
52
52
52
54
54
54
54
54
54
54
54
54
54
54
58
58
58
58
58
58
61
61
61
62
63
64
66
66
67
67
67
67
67
67
67
67
67
68
68
68
68
68
68
68
68
68
70
70
70
70
70
72
72
73
73
73
73
73
73
74
74
74
74
74
75
77
77
78
78
78
78
78
78
79
79
79
79
79
79
79
80
80
80
80
80
80
80
80
81
81
81
82
84
84
85
87
88
