17
17
17
17
17
17
17
17
17
19
19
19
19
19
19
19
19
19
20
20
20
20
20
20
20
20
20
21
21
21
21
21
21
21
21
21
22
22
22
22
22
22
22
22
22
23
23
23
23
23
23
23
23
23
24
24
24
24
24
24
24
24
24
24
24
24
24
25
25
25
25
25
25
25
25
25
25
25
25
25
27
27
27
27
27
27
27
28
28
28
28
28
28
28
28
28
29
29
29
29
29
29
29
30
30
30
30
30
30
30
30
30
31
31
31
31
31
31
31
31
31
32
32
32
32
32
32
32
32
32
33
33
33
33
33
33
33
33
33
34
34
34
34
34
34
34
34
34
34
34
35
35
35
35
35
35
35
35
35
35
35
36
36
36
36
36
36
36
36
36
37
37
37
37
37
37
37
37
37
39
39
39
39
39
39
39
39
39
39
39
39
39
39
44
44
44
44
44
44
45
46
46
46
46
46
46
49
49
49
49
49
49
49
49
49
49
50
50
50
50
50
50
50
50
51
51
51
51
51
51
51
51
51
51
51
51
51
51
51
51
51
51
51
53
53
53
53
53
53
53
53
54
54
54
54
54
56
56
56
56
56
56
57
57
57
57
57
57
59
59
59
59
59
60
60
60
60
60
62
62
62
62
62
63
63
63
63
64
64
64
64
66
66
66
67
67
67
67
67
68
68
68
68
70
70
70
70
70
71
71
71
71
71
72
72
72
72
72
74
74
74
74
75
75
75
75
76
76
76
76
78
78
78
78
78
78
78
79
79
79
79
79
81
81
81
81
81
82
82
82
82
82
83
83
83
83
83
85
85
85
85
87
87
88
88
88
88
88
88
88
88
88
88
88
88
88
88
88
88
89
89
89
89
89
89
89
89
91
91
91
91
91
91
91
91
91
91
91
91
91
91
91
91
93
93
93
93
93
93
93
93
94
94
94
94
94
94
94
94
94
94
94
94
94
94
94
95
95
95
95
95
95
95
95
95
95
96
98
98
98
98
98
98
98
98
98
98
98
98
98
98
98
98
98
99
99
99
99
99
99
99
99
99
99
99
99
99
99
99
99
100
100
101
101
101
101
101
102
103
103
103
103
103
103
103
103
103
103
103
103
103
103
103
103
103
104
104
104
104
104
104
104
104
104
104
105
105
105
105
105
105
105
105
105
106
107
108
109
109
109
109
110
111
113
113
113
113
113
114
115
115
115
115
115
115
117
117
117
117
117
117
117
117
117
118
118
118
118
118
118
118
118
118
119
119
119
119
119
119
119
119
119
119
120
120
120
120
120
120
121
121
121
121
121
121
122
122
122
122
122
122
123
123
123
123
123
123
123
123
123
124
124
124
124
124
124
124
124
124
124
124
125
132
132
133
133
133
133
133
133
133
133
133
133
133
133
134
135
135
135
135
135
135
135
136
136
136
136
136
136
137
138
138
138
138
138
138
138
138
138
138
138
138
138
138
139
139
139
139
139
140
142
142
142
142
142
142
142
143
146
146
147
147
147
147
147
148
149
149
149
149
149
149
149
149
149
149
149
149
149
149
149
149
149
149
149
149
149
149
149
149
149
150
150
150
150
150
150
150
151
151
151
151
151
151
151
152
153
156
156
157
157
157
157
157
157
157
157
158
159
159
159
159
159
159
159
159
159
159
159
159
159
159
159
159
159
159
159
159
159
159
159
159
159
160
160
160
160
160
160
160
161
161
161
161
161
161
162
162
162
162
162
162
162
163
164
165
165
166
166
166
166
166
166
166
167
168
171
171
172
172
172
172
172
172
172
173
174
174
174
174
174
175
175
175
175
176
176
176
177
177
177
177
177
177
177
177
177
177
177
177
178
178
178
178
178
178
178
179
179
179
179
179
179
180
180
180
180
180
180
180
181
182
182
182
183
183
183
183
183
183
183
184
185
186
189
189
190
190
190
190
190
191
192
192
192
192
192
192
192
192
193
196
196
197
197
197
197
197
197
197
198
199
199
199
199
199
199
199
199
199
199
199
199
199
200
202
202
202
202
202
202
206
206
206
206
206
206
206
206
206
206
206
206
207
210
210
211
211
211
211
211
212
213
213
213
214
217
217
218
218
218
218
218
218
218
219
220
220
220
220
220
220
221
227
227
227
227
227
227
227
227
227
227
227
227
227
227
227
227
227
228
229
229
229
229
231
231
232
232
232
232
232
232
232
232
232
234
234
234
234
236
236
236
236
238
238
238
238
238
238
238
238
238
239
240
240
240
240
240
240
241
241
241
241
241
241
241
241
241
241
241
241
241
242
242
242
242
242
242
242
243
244
244
245
245
245
245
245
245
245
246
246
246
246
246
246
246
247
247
247
247
247
247
247
248
250
250
250
251
253
253
253
253
253
253
253
253
253
253
253
253
253
253
253
253
253
254
255
255
255
255
257
257
258
258
258
258
258
258
258
258
258
260
260
260
260
260
260
260
260
262
262
262
262
264
264
264
264
264
264
264
264
264
265
266
266
266
266
266
266
267
267
267
267
267
267
267
267
267
267
267
267
267
268
268
268
268
268
268
268
269
269
270
271
271
272
272
272
272
272
272
272
273
273
273
273
273
273
273
274
274
274
274
274
274
274
275
279
279
279
279
279
279
280
282
282
282
282
282
282
282
282
282
282
282
282
282
282
282
282
282
282
283
284
284
284
284
286
286
286
286
286
286
286
286
286
286
287
287
287
287
287
287
287
287
287
287
287
287
287
288
288
288
288
288
288
288
288
288
288
288
288
288
288
288
290
290
290
290
290
290
290
290
291
291
291
291
291
291
292
292
292
292
292
292
292
292
292
292
292
292
292
292
293
293
293
293
293
293
294
294
294
294
294
294
295
295
295
295
295
295
296
296
296
296
296
296
296
296
298
298
298
298
298
298
298
300
300
300
300
300
300
300
300
300
300
300
300
300
300
300
300
300
300
300
301
301
301
301
301
301
301
301
301
301
301
301
301
301
301
301
301
301
301
301
301
301
301
301
301
301
301
301
302
302
302
302
302
302
302
302
302
302
302
302
302
302
302
302
302
302
302
302
303
303
303
303
303
303
303
303
303
303
303
303
304
304
304
304
304
304
304
304
304
305
305
305
305
305
305
305
305
305
306
308
308
308
308
309
311
311
311
311
312
313
313
313
313
313
314
316
316
316
316
317
318
318
318
319
321
321
321
321
322
323
323
323
324
326
326
326
326
327
328
328
328
329
331
331
331
331
331
331
332
333
333
333
333
333
334
334
335
337
337
338
338
338
338
338
338
338
339
339
339
339
340
340
340
340
340
340
340
340
341
341
341
341
341
341
341
341
341
341
341
342
342
343
344
344
344
344
344
344
344
344
345
345
346
348
348
348
348
348
348
348
348
349
349
349
349
349
349
349
349
349
349
349
349
349
350
350
350
350
350
350
350
351
351
351
351
351
351
351
351
351
352
352
352
352
352
352
353
354
354
354
354
354
354
356
356
356
356
356
356
356
356
356
356
356
356
356
357
358
358
358
358
358
358
358
358
358
358
358
358
362
362
362
362
362
362
362
363
364
366
366
366
366
366
366
367
368
368
368
368
368
369
369
370
372
372
373
373
373
373
373
373
373
374
374
374
374
375
375
375
375
375
375
375
375
376
376
376
376
376
376
376
376
376
376
376
377
377
378
379
379
379
379
379
379
379
379
380
380
381
383
383
383
383
383
383
383
383
384
384
384
384
384
384
384
384
384
384
384
384
384
385
385
385
385
385
385
385
386
386
386
386
386
386
386
386
386
387
387
387
387
387
387
388
389
389
389
389
389
389
391
391
391
391
391
391
391
391
391
391
391
391
391
392
393
393
393
393
393
393
393
393
393
393
393
393
397
397
397
397
397
397
397
398
399
401
401
401
401
401
401
402
403
403
403
403
403
403
403
403
403
404
404
404
405
407
407
407
407
407
407
407
407
407
407
407
407
407
407
407
407
407
408
408
408
408
408
408
408
408
408
408
408
409
409
409
409
409
409
409
409
409
409
409
409
409
409
409
409
409
409
409
409
409
409
409
409
409
409
409
411
411
411
411
412
412
412
413
415
415
415
415
417
417
417
417
417
417
417
417
417
417
418
418
418
418
418
418
418
418
420
420
420
420
420
420
420
420
420
421
421
421
421
421
421
421
422
422
422
422
422
423
423
423
423
423
423
423
424
424
424
424
424
424
425
425
425
426
426
426
426
426
426
426
426
426
426
426
426
426
427
427
427
427
427
427
427
427
427
428
428
428
428
428
428
428
429
429
429
429
429
429
429
429
429
430
430
430
430
430
430
430
430
430
430
430
430
430
431
432
432
433
433
433
433
433
433
433
433
433
434
434
434
434
434
434
435
437
437
437
437
437
437
437
437
439
439
439
439
439
439
439
439
439
439
439
440
440
440
441
442
446
446
446
446
446
446
446
446
446
446
446
446
446
447
447
447
448
450
450
451
451
451
451
451
451
451
452
452
452
452
452
452
453
453
453
453
453
453
453
453
453
453
454
454
454
454
454
454
454
455
457
457
457
458
459
459
459
459
459
459
460
460
460
460
460
460
460
460
460
460
460
460
460
460
460
463
463
463
464
465
467
467
467
467
467
467
468
469
469
469
469
469
469
469
469
469
469
469
470
470
471
473
473
474
474
474
474
475
475
475
475
475
475
475
476
476
476
476
476
476
476
476
476
476
476
476
476
476
476
476
477
477
477
477
477
477
477
477
478
478
478
478
478
478
478
478
478
478
478
479
480
480
480
480
480
480
480
480
480
480
480
480
480
480
480
480
481
481
481
481
481
481
481
481
482
482
482
482
482
482
482
482
482
482
482
483
484
484
484
484
484
484
484
484
484
484
484
485
485
485
485
485
485
485
486
487
488
488
488
488
488
488
490
490
490
490
490
490
490
490
490
490
490
490
490
491
492
492
493
493
493
493
493
493
495
495
495
495
495
495
495
496
496
496
496
496
496
497
497
497
497
497
497
497
497
497
498
501
501
501
501
501
501
502
504
504
504
504
504
504
504
505
505
505
505
505
505
505
505
505
506
506
506
506
506
506
507
508
508
508
508
508
508
508
509
509
509
509
509
509
509
509
509
510
510
510
510
510
510
511
513
513
513
513
513
513
513
514
514
514
514
514
514
514
514
514
515
515
515
515
515
515
515
515
515
516
518
518
518
518
519
519
519
519
520
520
520
520
521
521
521
521
522
523
525
525
525
525
526
527
527
527
527
527
527
527
527
527
528
530
530
530
530
531
532
532
532
532
532
532
532
532
532
532
533
533
533
533
533
533
533
533
533
534
535
535
535
535
536
538
538
538
538
538
539
540
540
541
541
541
541
541
541
541
542
543
543
543
543
543
543
545
545
545
545
545
545
545
545
545
545
545
545
545
546
547
549
549
549
549
549
550
551
551
552
552
552
552
552
552
552
553
554
554
554
554
554
554
556
556
556
556
556
556
556
556
556
556
556
556
556
557
558
560
560
560
560
560
561
562
562
562
562
562
562
562
562
563
563
563
563
563
563
563
563
563
563
563
563
563
563
564
564
564
564
564
564
565
565
565
565
565
565
568
568
568
568
568
568
568
568
568
569
569
569
569
569
569
569
569
569
569
569
570
570
570
570
570
570
570
570
570
570
570
570
570
570
570
570
570
570
570
570
571
571
571
571
571
572
572
572
572
572
574
574
574
574
574
574
574
574
574
574
574
574
574
574
574
574
574
574
574
574
574
574
574
575
575
575
575
575
575
575
575
575
575
575
576
576
576
576
576
577
577
577
577
577
577
577
577
577
577
578
578
578
578
578
578
578
578
578
578
578
578
581
581
581
581
581
581
581
581
582
582
582
582
582
582
582
582
582
582
583
583
583
583
583
583
583
583
583
583
583
583
583
583
583
583
583
583
583
583
584
584
584
584
584
585
585
585
585
585
587
587
587
587
587
587
587
587
587
587
587
587
587
587
587
587
587
587
587
587
587
587
587
588
588
588
588
588
588
588
588
588
588
588
589
589
589
589
589
590
590
590
590
590
590
590
590
590
590
591
591
591
591
591
591
591
591
591
591
591
591
594
594
594
594
594
594
594
594
595
595
595
595
595
595
595
595
595
595
596
596
596
596
596
596
596
596
596
596
596
596
596
596
596
596
596
596
596
596
597
597
597
597
597
598
598
598
598
598
600
600
600
600
600
600
600
600
600
600
600
600
600
600
600
600
600
600
600
600
600
600
600
601
601
601
601
601
601
601
601
601
601
601
602
602
602
602
602
603
603
603
603
603
603
603
603
603
603
604
604
604
604
604
604
604
604
604
604
604
604
605
607
607
607
607
607
608
609
609
609
609
609
609
609
609
609
611
611
611
611
612
612
612
612
613
613
613
613
614
614
614
614
616
616
616
616
616
616
616
616
616
616
616
617
617
617
617
617
617
617
617
617
617
617
618
618
618
618
618
618
618
618
618
618
618
622
622
622
622
622
622
622
622
622
623
625
625
625
625
625
626
627
627
627
627
627
628
628
628
628
628
629
629
629
629
630
630
630
630
630
630
630
630
630
630
630
630
631
633
633
633
633
633
633
633
634
634
634
634
634
634
634
636
636
636
636
636
636
636
636
636
637
637
637
637
637
637
637
637
637
639
639
639
639
639
639
639
639
639
639
639
639
639
640
640
640
640
640
640
640
641
641
641
641
641
641
643
643
644
644
644
644
644
644
645
646
646
646
646
646
646
647
647
647
647
647
647
647
648
649
650
652
652
652
652
652
652
652
652
652
652
652
652
653
654
654
654
654
654
654
654
654
655
655
655
655
655
656
656
656
656
656
656
656
656
657
657
657
657
657
658
658
658
658
659
659
659
661
661
661
661
661
661
661
662
667
667
667
667
667
667
667
667
667
668
669
669
669
669
669
669
669
669
669
669
669
669
670
672
672
672
672
672
672
672
672
672
672
672
673
674
674
674
674
674
674
674
674
674
674
674
674
674
674
674
674
674
674
678
678
678
678
678
680
680
680
680
680
680
680
680
681
681
681
681
681
681
681
681
681
681
682
682
682
682
682
682
682
682
683
683
683
683
683
683
683
683
683
683
683
683
684
684
684
684
684
684
684
684
684
684
684
684
684
684
684
684
684
684
684
684
684
684
684
684
684
684
684
684
688
688
688
688
688
688
688
688
688
688
689
689
689
689
690
691
692
696
696
696
696
696
697
697
697
697
697
697
697
697
697
697
698
698
698
698
698
698
698
699
699
699
699
699
699
699
699
699
700
701
703
703
703
703
703
703
703
703
703
703
704
706
706
706
706
706
706
706
706
706
706
706
706
707
709
709
709
709
709
709
709
709
709
709
709
709
709
709
709
709
709
709
709
709
709
709
709
709
709
709
709
709
709
709
709
709
709
710
710
710
710
710
710
710
710
710
710
710
710
712
712
712
712
712
712
712
712
712
712
712
712
712
712
712
713
713
713
713
713
713
713
713
713
713
713
713
713
713
713
714
714
714
714
714
714
714
714
714
714
714
714
714
714
714
714
714
714
714
714
714
714
714
714
714
714
714
714
714
714
715
718
718
718
718
718
718
718
718
718
718
718
718
719
719
719
719
719
719
719
720
722
722
722
722
722
722
722
723
724
724
724
724
724
724
724
724
724
724
724
724
724
724
724
724
724
724
724
724
725
725
725
725
725
725
725
725
725
725
725
725
725
726
727
729
729
729
729
729
729
729
730
731
731
731
732
732
732
732
732
732
732
732
732
732
732
732
732
732
732
732
732
732
732
732
732
732
732
733
733
733
733
733
733
733
733
733
734
735
737
737
737
737
737
737
737
737
737
737
738
739
739
740
740
740
740
740
740
740
740
740
740
741
742
742
742
742
742
742
742
742
742
743
743
743
743
743
743
743
743
743
744
744
744
744
744
744
744
744
744
744
744
744
744
744
744
744
744
744
744
744
744
744
745
745
745
745
745
745
745
745
745
745
746
746
746
746
746
746
746
746
746
746
747
747
747
747
747
747
747
748
748
748
748
748
748
748
748
748
749
749
749
749
749
749
749
749
749
750
750
750
750
750
750
750
751
751
751
751
751
752
753
754
756
756
756
756
756
757
758
760
760
760
760
760
760
760
760
760
760
760
760
760
760
760
760
760
761
762
762
762
762
762
762
762
762
762
764
764
765
765
765
765
765
765
765
765
765
765
765
765
765
765
765
765
765
765
765
765
765
765
765
765
766
767
767
767
767
767
767
767
767
767
767
767
767
767
767
767
767
767
767
768
769
771
771
771
771
772
773
773
773
773
774
774
774
774
775
775
775
775
776
776
776
777
777
777
779
779
779
779
779
779
779
779
780
781
781
781
781
781
781
782
782
782
782
782
782
787
787
787
787
787
787
787
788
788
788
788
788
788
788
789
790
791
792
