18
18
18
18
18
18
18
18
18
18
18
31
31
31
32
34
34
34
34
34
34
34
34
36
36
36
36
36
36
36
36
38
38
38
38
38
38
38
38
40
40
40
40
40
40
40
40
42
42
42
42
42
42
42
42
44
44
44
44
44
44
44
44
46
46
46
46
46
46
46
46
48
48
48
48
48
48
48
48
50
50
50
50
50
50
50
50
52
52
52
52
52
52
52
52
54
54
54
54
54
54
54
54
56
56
56
56
56
56
56
56
58
58
58
58
58
58
58
58
60
60
60
60
60
60
60
60
62
62
62
62
62
62
62
62
64
64
64
64
64
64
64
64
66
66
66
66
66
66
66
66
68
68
68
68
68
68
68
68
70
70
70
70
70
70
70
70
72
72
72
72
72
72
72
72
74
74
74
74
74
74
74
74
76
76
76
76
76
76
76
76
78
78
78
78
78
78
78
78
80
80
80
80
80
80
80
80
82
82
82
82
82
82
82
82
84
84
84
84
84
84
84
84
86
86
86
86
86
86
86
86
88
88
88
88
88
88
88
88
90
90
90
90
90
90
90
90
92
92
92
92
92
92
92
92
94
94
94
94
94
94
94
94
96
96
96
96
96
96
96
96
98
98
98
98
98
98
98
98
100
100
100
100
100
100
100
100
102
102
102
102
102
102
102
102
104
104
104
104
104
104
104
104
106
106
106
106
106
106
106
106
108
108
108
108
108
108
108
108
110
110
110
110
110
110
110
110
112
112
112
112
112
112
112
112
114
114
114
114
114
114
114
114
116
116
116
116
116
116
116
116
118
118
118
118
118
119
119
119
119
119
119
119
119
120
120
120
120
120
120
120
120
122
122
122
122
122
122
122
122
122
123
123
123
123
123
123
123
123
123
123
123
123
124
124
124
124
124
124
124
124
124
124
124
124
124
124
125
125
125
125
125
125
125
125
125
125
125
125
126
126
126
126
126
126
126
126
127
127
127
127
127
127
127
127
128
128
128
128
128
128
128
128
128
128
128
128
129
129
129
129
129
129
129
129
129
129
130
130
130
130
130
130
130
130
130
130
130
130
131
131
131
131
131
131
132
132
132
132
132
132
132
132
132
132
132
132
133
133
133
133
133
133
133
133
133
133
133
133
133
133
133
133
133
133
133
133
134
134
134
134
134
134
134
134
134
134
134
134
134
134
134
134
134
134
134
134
135
135
135
135
135
135
135
135
135
135
135
135
135
135
135
135
135
135
135
135
136
136
136
136
136
136
136
136
136
136
136
136
136
136
136
136
136
136
136
136
137
137
137
137
137
137
137
137
137
137
137
137
137
137
137
137
137
137
137
137
138
138
138
138
138
138
138
138
138
138
138
138
138
138
138
138
138
138
138
138
139
139
139
139
139
139
139
139
139
139
139
139
139
139
139
139
139
139
139
139
140
140
140
140
140
140
140
140
140
140
140
140
140
140
140
140
140
140
140
140
141
141
141
141
141
141
141
141
141
141
141
141
141
141
142
142
142
142
142
142
142
142
142
142
143
143
143
143
143
143
143
143
143
143
143
143
143
143
143
143
143
143
143
143
144
144
144
144
144
144
144
144
144
144
144
144
144
144
144
144
144
144
144
144
145
145
145
145
145
145
145
145
145
145
145
145
145
145
145
145
145
145
145
145
146
146
146
146
146
146
146
146
146
146
146
146
146
146
146
146
146
146
146
146
147
147
147
147
147
147
147
147
147
147
147
147
147
147
147
147
147
147
147
147
148
148
148
148
148
148
148
148
148
148
148
148
148
148
148
148
148
148
148
148
149
149
149
149
149
149
149
149
149
149
149
149
149
149
149
149
149
149
149
149
150
150
150
150
150
150
150
150
150
150
150
150
150
150
150
150
150
150
150
150
151
151
151
151
151
151
151
151
151
151
151
151
151
151
151
151
151
151
151
151
152
152
152
152
152
152
152
152
152
152
152
152
152
152
152
152
152
152
152
152
153
153
153
153
153
153
153
153
153
153
153
153
153
153
153
153
153
153
153
153
154
155
155
165
165
165
165
165
165
165
165
165
165
166
167
167
167
167
167
167
167
167
167
167
167
168
169
169
169
170
171
171
171
171
171
171
172
182
182
182
182
182
182
182
182
182
182
183
184
184
184
184
184
185
188
188
188
188
189
189
190
191
