1
1
1
1
1
1
1
1
1
1
1
1
1
3
3
3
3
3
3
3
4
4
4
4
4
4
4
6
6
6
6
6
6
6
6
6
6
6
7
7
7
7
7
7
7
7
7
7
7
8
8
8
8
8
8
8
8
8
8
8
8
8
9
9
9
9
9
9
9
9
9
9
9
9
9
9
9
10
10
10
10
10
10
10
10
10
10
10
10
10
10
10
11
11
11
11
11
11
11
11
11
11
11
11
11
11
11
12
12
12
12
12
12
12
12
12
12
12
12
12
21
21
21
21
21
22
23
23
23
23
23
23
23
23
29
29
29
29
29
41
41
41
41
41
41
41
41
41
42
43
43
43
43
43
43
43
44
44
44
44
45
47
47
47
47
47
47
47
47
47
48
49
49
49
49
49
49
49
50
50
50
50
50
50
51
53
53
53
53
53
53
53
53
53
53
53
53
54
55
55
55
55
55
55
55
55
55
56
56
56
56
56
56
57
59
59
59
59
59
59
60
60
60
60
60
60
60
60
60
60
60
60
61
62
62
62
62
62
62
62
62
62
63
63
63
63
63
63
64
66
66
66
66
66
66
67
67
67
67
67
67
67
67
67
67
68
69
69
69
69
69
69
69
69
69
70
70
70
70
70
70
71
79
79
80
80
80
80
80
80
80
80
80
80
81
83
83
83
83
83
83
83
83
83
84
86
86
87
87
87
87
87
88
89
89
89
90
92
92
93
93
93
93
93
93
93
94
95
95
95
95
95
95
95
95
95
96
98
98
99
99
99
99
99
99
99
100
101
101
101
101
101
101
101
101
101
101
101
102
104
104
105
105
105
105
105
105
105
105
105
105
105
105
105
105
105
105
105
106
106
106
106
106
106
106
106
106
106
106
107
109
109
110
110
110
110
110
110
110
110
110
111
111
111
111
111
111
112
112
112
112
112
112
112
112
112
112
112
113
119
119
120
120
120
120
120
120
121
121
121
122
134
134
135
135
135
135
135
135
135
135
135
135
135
135
135
135
136
136
136
136
137
138
138
138
138
138
138
138
139
139
139
139
139
139
139
139
139
139
139
140
140
141
142
142
142
142
142
142
142
143
143
143
143
143
143
143
143
143
144
144
144
145
145
145
145
145
145
145
145
145
146
147
155
155
156
156
156
156
156
157
158
158
158
158
158
158
158
158
158
158
158
159
160
161
