1
1
1
1
1
1
1
3
3
3
3
3
3
3
4
4
4
4
4
4
4
6
6
6
6
6
6
6
6
6
6
6
7
7
7
7
7
7
7
7
7
7
7
7
7
19
19
19
19
19
21
21
21
21
21
22
22
22
22
22
24
24
24
24
24
26
26
26
26
26
26
26
26
26
26
27
27
27
27
27
27
28
28
28
28
28
28
30
30
30
30
30
30
30
30
31
42
42
42
42
42
42
42
42
42
43
43
43
43
43
43
43
44
46
46
46
46
46
46
46
46
46
47
47
47
47
47
47
47
47
48
53
53
53
53
53
53
54
54
54
54
56
56
56
56
56
56
56
57
57
57
57
57
57
57
57
57
57
57
58
58
58
58
58
58
58
58
58
58
58
59
59
59
59
59
59
60
62
62
62
62
62
62
62
62
63
63
63
63
63
63
63
63
63
63
63
64
64
64
64
64
64
64
64
64
65
66
79
79
79
79
79
79
79
79
79
80
80
80
80
80
80
80
80
80
80
80
81
81
81
81
81
81
81
81
81
81
81
82
97
97
97
97
97
97
97
97
97
97
98
98
98
98
98
98
98
99
99
99
99
99
99
99
99
99
99
99
99
99
99
99
99
100
100
100
100
100
100
100
100
100
100
100
101
103
103
103
103
103
103
103
103
103
103
103
103
103
104
104
104
104
104
104
104
105
105
105
105
105
105
105
105
105
105
105
105
105
105
105
105
106
106
106
106
106
106
106
107
107
107
107
107
107
107
108
108
108
108
108
108
108
109
111
111
111
111
111
111
111
111
111
111
111
111
111
112
112
112
112
112
112
112
112
112
112
112
112
113
126
126
126
126
126
126
126
126
126
126
127
127
127
127
127
127
127
127
127
127
127
128
150
150
151
151
151
151
151
151
151
151
151
152
152
152
152
152
152
152
152
152
152
152
153
153
153
153
153
153
153
154
154
154
155
157
157
157
157
157
157
157
157
157
157
157
157
157
158
158
158
158
158
158
158
158
158
158
158
159
159
159
159
159
159
159
159
159
159
159
159
159
159
159
159
159
159
159
160
160
160
160
160
160
160
160
160
160
160
160
160
160
160
160
160
160
160
160
160
160
160
160
160
160
160
160
160
160
160
161
161
161
161
161
161
161
161
161
161
161
161
161
162
162
162
162
162
162
162
162
162
162
162
163
163
163
163
163
163
163
163
163
163
164
165
166
186
186
187
187
187
187
187
187
187
187
187
187
187
187
187
187
188
188
188
188
188
188
188
188
188
188
188
188
188
189
189
189
189
189
189
189
189
190
190
190
190
190
190
190
190
190
190
190
190
190
190
190
191
191
191
191
191
191
191
192
192
192
194
194
194
194
194
194
194
194
194
194
194
194
194
194
194
195
195
195
195
195
195
196
196
196
196
196
196
196
196
196
196
196
196
196
197
197
197
197
197
197
197
197
197
197
197
197
197
198
198
198
198
198
198
198
199
199
200
200
200
200
200
200
200
200
200
200
200
200
200
200
200
200
201
201
201
201
201
201
201
202
202
202
202
202
202
202
203
204
206
206
206
206
206
206
206
206
206
206
206
206
206
207
207
207
207
207
207
207
207
207
207
207
207
208
208
208
208
209
209
209
209
209
209
209
209
209
209
209
209
209
209
210
210
210
210
210
210
210
210
210
210
210
210
210
210
210
211
211
211
211
211
211
212
212
212
212
212
212
212
212
212
212
212
212
212
213
213
213
213
213
213
213
215
215
215
216
229
229
229
229
229
229
229
229
229
229
229
229
229
229
230
230
230
230
230
230
230
230
230
230
230
230
230
233
233
233
233
233
233
233
234
234
234
234
234
234
234
235
235
235
237
237
237
237
237
237
237
237
237
237
237
237
240
240
240
240
240
240
240
240
240
240
240
240
240
240
240
241
241
241
241
241
241
241
241
241
241
241
241
242
242
242
242
242
242
242
244
244
244
244
244
244
244
244
244
244
244
244
244
244
244
245
245
245
245
245
245
246
246
246
246
246
246
246
246
246
246
246
246
246
246
246
247
247
247
247
247
247
247
247
247
247
247
247
247
248
248
248
248
248
248
248
249
249
250
250
250
250
250
250
250
250
250
250
250
250
250
250
250
250
251
251
251
251
251
251
251
252
252
252
252
252
252
252
253
254
255
255
255
256
265
265
266
266
266
266
266
266
266
266
267
267
267
267
267
267
267
267
267
267
267
268
268
268
268
268
268
268
269
269
269
269
269
269
269
269
269
269
269
269
270
270
270
270
270
270
270
270
270
270
270
270
270
270
270
271
271
271
271
271
271
271
271
271
271
271
271
271
271
271
271
271
272
272
272
272
272
272
272
272
272
272
272
272
272
272
273
273
273
273
273
273
273
273
273
273
273
273
273
273
273
273
273
273
273
273
274
275
275
275
276
277
277
277
277
278
280
280
280
280
280
280
280
280
280
281
283
283
