18
18
18
18
18
18
18
18
18
18
18
18
18
20
20
20
20
20
20
20
21
21
21
21
21
21
21
23
23
23
23
23
23
23
23
23
23
23
23
23
24
24
24
24
24
24
24
24
24
24
24
24
24
37
37
37
37
38
40
40
40
40
40
40
40
40
40
40
40
41
43
43
43
43
43
43
43
43
44
45
46
47
47
47
47
47
47
47
47
48
49
49
49
49
49
49
50
51
51
51
51
51
51
52
52
52
52
52
52
52
53
54
55
55
55
55
55
55
55
55
55
55
55
55
55
55
55
55
55
55
55
56
57
58
59
59
59
59
59
59
59
59
60
61
61
61
61
61
61
62
63
63
63
63
63
63
64
64
64
64
64
64
64
65
66
67
68
69
69
69
69
69
69
69
69
69
70
70
70
70
70
70
70
71
73
75
75
75
75
75
75
75
75
75
75
75
76
77
77
77
77
77
77
77
77
77
80
80
80
80
80
80
80
81
81
81
81
81
81
81
82
82
82
82
82
82
82
82
82
82
82
82
82
82
82
82
82
83
83
83
83
83
83
84
87
87
87
87
87
87
87
87
87
87
87
88
89
89
89
89
89
89
89
89
89
92
92
92
92
92
92
92
93
93
93
93
93
93
94
94
94
94
94
94
94
94
94
94
94
94
94
94
94
94
94
94
94
94
94
94
94
95
95
95
95
95
95
96
98
100
