6
6
6
6
6
6
6
6
6
6
6
8
8
8
8
8
8
8
8
8
8
8
8
8
8
9
9
9
9
9
9
9
9
9
9
9
9
9
9
10
10
10
10
10
10
10
10
10
10
10
10
10
10
11
11
11
11
11
11
11
11
11
11
11
11
11
11
12
12
12
12
12
12
12
12
12
12
12
12
12
12
13
13
13
13
13
13
13
13
13
13
13
13
13
13
14
14
14
14
14
14
14
14
14
14
14
14
14
14
15
15
15
15
15
15
15
15
15
15
15
15
15
15
16
16
16
16
16
16
16
16
16
16
16
16
16
16
17
17
17
17
17
17
17
17
17
17
17
17
17
17
18
18
18
18
18
18
18
18
18
18
18
18
18
18
19
19
19
19
19
19
19
19
19
19
19
19
19
19
20
20
20
20
20
20
20
20
20
20
20
20
20
20
21
21
21
21
21
21
21
21
21
21
21
21
21
21
22
22
22
22
22
22
22
22
22
22
22
22
22
22
23
23
23
23
23
23
23
23
23
23
23
23
23
23
24
24
24
24
24
24
24
24
24
24
24
24
24
24
25
25
25
25
25
25
25
25
25
25
25
25
25
25
26
26
26
26
26
26
26
26
26
26
26
26
26
26
27
27
27
27
27
27
27
27
27
27
27
27
27
27
28
28
28
28
28
28
28
28
28
28
28
28
28
28
29
29
29
29
29
29
29
29
29
29
29
29
29
29
30
30
30
30
30
30
30
30
30
30
30
30
30
30
31
31
31
31
31
31
31
31
31
31
31
31
31
31
32
32
32
32
32
32
32
32
32
32
32
32
32
32
33
33
33
33
33
33
33
33
33
33
33
33
33
33
34
34
34
34
34
34
34
34
34
34
34
34
34
34
35
35
35
35
35
35
35
35
35
35
35
35
35
35
36
36
36
36
36
36
36
36
36
36
36
36
36
36
37
37
37
37
37
37
37
37
37
37
37
37
37
37
38
38
38
38
38
38
38
38
38
38
38
38
38
38
39
39
39
39
39
39
39
39
39
39
39
39
39
39
40
40
40
40
40
40
40
40
40
40
40
40
40
40
41
41
41
41
41
41
41
41
41
41
41
41
41
41
42
42
42
42
42
42
42
42
42
42
42
42
42
42
43
43
43
43
43
43
43
43
43
43
43
43
43
43
44
44
44
44
44
44
44
44
44
44
44
44
44
44
45
45
45
45
45
45
45
45
45
45
45
45
45
45
46
46
46
46
46
46
46
46
46
46
46
46
46
46
47
47
47
47
47
47
47
47
47
47
47
47
47
47
48
48
48
48
48
48
48
48
48
48
48
48
48
48
49
49
49
49
49
49
49
49
49
49
49
49
49
49
50
50
50
50
50
50
50
50
50
50
50
50
50
50
51
51
51
51
51
51
51
51
51
51
51
51
51
51
52
52
52
52
52
52
52
52
52
52
52
52
52
52
53
53
53
53
53
53
53
53
53
53
53
53
53
53
54
54
54
54
54
54
54
54
54
54
54
54
54
54
56
56
56
56
56
56
56
57
57
57
57
57
57
57
58
58
58
58
58
58
58
59
59
59
59
59
59
59
60
60
60
60
60
60
60
61
61
61
61
61
61
61
63
63
63
63
63
63
63
63
63
63
63
64
64
64
64
64
64
64
64
64
64
64
65
65
65
65
65
65
65
65
65
65
65
66
66
66
66
66
66
66
66
66
66
66
67
67
67
67
67
67
67
67
67
67
67
68
68
68
68
68
68
68
68
68
68
68
69
69
69
69
69
69
69
69
69
69
69
70
70
70
70
70
70
70
70
70
70
70
71
71
71
71
71
71
71
71
71
71
71
72
72
72
72
72
72
72
72
72
72
72
73
73
73
73
73
73
73
73
73
73
73
74
74
74
74
74
74
74
74
74
74
74
75
75
75
75
75
75
75
75
75
75
75
76
76
76
76
76
76
76
76
76
76
76
77
77
77
77
77
77
77
77
77
78
78
78
78
78
78
78
78
78
80
80
80
80
80
81
82
82
82
82
82
82
82
82
82
82
82
82
82
82
82
84
84
84
84
86
86
86
86
88
88
88
88
88
88
88
88
88
90
90
90
90
91
91
91
91
93
93
93
93
93
93
93
95
95
95
95
97
97
97
97
97
97
97
97
97
97
97
97
97
97
99
99
99
99
99
99
100
101
101
101
101
101
101
101
102
104
104
104
104
104
104
104
104
104
105
106
106
106
106
106
106
107
107
107
107
107
107
109
109
109
109
109
109
109
110
110
110
110
110
110
110
111
111
111
111
111
111
111
112
112
112
112
112
112
112
113
113
113
113
113
113
113
114
114
114
114
114
114
114
115
115
115
115
115
115
115
116
116
116
116
116
116
116
117
117
117
117
117
117
117
118
118
118
118
118
118
118
119
119
119
119
119
119
119
120
120
120
120
120
120
120
121
121
121
121
121
121
121
122
124
124
124
124
124
124
124
124
124
124
124
124
124
124
125
125
126
127
127
127
127
127
127
127
127
127
127
127
127
127
127
127
127
127
127
127
128
130
130
130
130
130
130
130
130
130
130
130
130
130
130
131
131
131
131
131
131
131
131
132
133
133
133
133
133
133
134
134
134
134
134
134
135
135
135
135
135
135
137
137
137
137
137
137
137
137
137
137
139
139
139
139
139
139
141
141
141
141
141
141
141
141
141
143
143
143
143
143
143
144
145
145
145
145
145
145
145
145
145
146
147
147
147
148
150
150
150
150
150
150
150
150
150
150
152
153
154
154
154
154
154
154
154
156
156
156
156
156
156
156
157
158
158
158
158
158
159
160
160
160
160
160
160
160
160
160
162
162
162
162
162
162
162
162
162
164
164
164
164
164
164
165
166
166
166
166
166
166
166
166
166
168
168
168
168
168
168
169
170
170
170
170
170
170
171
172
173
174
175
175
175
176
178
178
178
178
178
178
178
178
178
178
178
178
179
180
180
180
180
180
180
180
180
180
181
183
183
183
183
183
183
183
183
183
183
183
183
184
185
185
185
185
185
185
186
187
187
187
187
187
187
187
187
187
188
189
190
191
191
191
191
191
191
191
191
191
192
193
195
195
196
196
196
196
196
196
196
196
196
196
196
196
197
198
198
198
198
198
198
198
198
199
200
200
200
201
201
201
201
201
201
201
202
202
204
204
204
205
205
205
205
205
205
205
206
206
208
208
208
209
209
209
209
209
209
209
210
210
212
212
213
213
213
213
213
214
214
215
216
218
218
218
218
218
218
218
218
218
218
218
218
219
220
220
220
220
220
220
220
220
220
220
220
220
220
220
222
222
222
222
222
222
222
222
222
222
222
222
222
223
224
225
226
226
226
226
226
226
226
226
226
227
228
228
228
228
228
229
230
230
230
230
230
230
230
230
230
231
232
233
234
235
235
235
235
235
235
235
235
236
237
237
237
237
237
237
237
237
237
237
237
237
237
238
238
238
238
238
238
238
238
238
238
238
238
238
238
238
238
239
239
239
239
239
239
239
239
239
239
239
239
239
240
241
242
244
244
244
244
244
244
244
245
246
246
246
246
246
248
248
248
248
248
248
249
250
250
250
250
250
250
250
250
250
252
252
252
252
252
252
253
254
254
254
254
254
254
254
254
254
254
254
254
254
254
256
256
256
256
256
256
256
256
256
256
256
256
256
258
258
258
258
258
258
258
259
260
260
260
260
260
260
260
260
260
260
260
260
260
260
262
262
262
262
262
262
262
262
262
262
262
262
262
263
264
264
264
264
265
265
266
267
269
270
271
271
271
272
274
274
274
274
274
274
274
274
274
274
275
276
276
276
276
276
276
276
276
276
276
276
276
276
278
278
278
278
278
278
278
278
278
278
278
278
278
278
280
280
280
280
280
282
282
282
282
282
282
283
284
284
284
284
284
284
284
284
284
284
284
286
286
286
286
286
286
287
288
288
288
288
288
288
288
289
290
290
290
290
290
290
290
290
290
290
290
290
290
290
292
292
292
292
292
292
292
292
292
292
294
294
294
294
294
296
296
296
296
296
296
297
298
299
300
300
300
300
300
300
300
300
300
301
302
302
302
302
302
303
304
304
304
304
304
304
304
304
304
304
304
304
304
304
304
304
305
305
306
307
308
309
310
310
310
310
310
310
310
310
310
310
310
310
310
310
311
313
313
313
313
313
313
313
313
313
313
315
315
315
315
315
315
315
315
315
315
319
319
319
319
319
319
319
319
319
319
319
319
319
320
321
321
321
321
321
321
321
321
321
321
321
322
323
323
323
323
323
324
325
325
325
325
325
325
325
325
325
325
327
327
327
327
327
327
328
329
329
329
329
329
329
329
329
329
329
329
330
331
332
333
333
333
333
333
333
333
334
335
336
337
338
339
340
340
340
340
340
340
340
340
340
340
340
340
340
340
340
340
341
342
343
344
345
345
345
345
345
345
345
345
345
345
345
345
345
345
346
347
349
349
349
349
349
349
349
349
349
349
349
349
349
349
349
349
350
351
351
351
351
351
353
353
353
353
353
353
353
353
353
353
355
355
355
355
355
355
356
357
357
357
357
358
359
360
361
361
361
361
362
364
364
364
364
364
364
364
364
364
364
366
366
366
366
366
366
366
366
366
366
366
366
366
366
366
368
368
368
368
368
368
368
368
368
368
370
370
370
370
370
370
370
370
370
370
370
370
370
370
370
370
370
370
370
371
373
373
373
373
373
373
373
373
373
373
374
375
375
375
375
375
377
377
377
377
377
377
377
377
377
377
377
377
377
377
379
379
379
379
379
379
380
381
381
381
381
381
381
381
381
381
381
381
381
381
382
384
384
384
385
387
387
387
387
387
387
387
387
387
387
387
387
387
388
389
389
389
389
389
389
389
389
389
389
389
389
389
390
391
391
391
391
391
391
391
391
391
391
391
392
393
395
395
395
395
395
395
395
395
395
395
396
397
397
397
397
397
397
397
397
397
397
397
397
397
397
399
399
399
399
399
399
399
399
399
399
399
399
399
401
401
401
401
401
401
401
401
401
401
402
403
403
403
403
403
403
403
404
405
405
405
405
405
405
405
405
405
405
405
405
405
405
407
407
407
407
407
407
407
407
407
407
409
409
409
409
409
411
411
411
411
411
411
412
413
414
415
415
415
415
415
415
415
415
415
416
417
417
417
417
417
418
419
419
419
419
419
419
419
419
419
419
419
419
419
419
419
419
420
420
421
422
423
424
425
425
425
425
425
425
425
425
425
425
425
425
425
425
426
428
428
428
428
428
428
428
428
428
428
430
430
430
430
430
430
430
430
430
430
434
434
434
434
434
434
434
434
434
434
434
434
434
435
436
436
436
436
436
436
436
436
436
436
436
437
438
438
438
438
438
439
440
440
440
440
440
440
440
440
440
440
442
442
442
442
442
442
443
444
444
444
444
444
444
444
444
444
444
444
445
446
447
448
448
448
448
448
448
448
449
450
452
453
454
456
456
456
456
456
456
456
456
456
456
456
456
456
456
456
456
457
458
458
458
458
458
458
458
458
458
458
460
460
460
460
460
460
460
460
460
460
460
460
460
460
460
462
462
462
462
462
462
462
462
464
464
464
464
464
464
464
464
464
464
464
464
464
464
464
464
464
464
464
465
467
467
467
467
467
467
467
468
469
469
469
469
469
469
469
469
471
471
471
471
472
473
473
473
473
473
473
473
474
475
476
477
477
477
477
477
477
477
479
481
481
481
481
481
481
481
482
484
484
484
484
484
484
484
485
486
486
486
486
486
486
486
486
486
486
488
488
488
488
488
488
489
490
490
490
490
490
490
490
490
490
490
490
490
490
490
490
490
490
490
490
490
490
490
490
490
490
491
492
494
494
494
494
494
494
494
494
494
494
494
494
494
495
495
496
500
500
500
500
501
502
502
502
502
502
502
502
503
505
505
505
505
505
505
505
505
505
505
505
505
507
507
507
507
507
507
509
509
509
509
509
509
509
509
509
509
509
509
509
509
509
509
509
509
509
509
510
510
510
510
510
510
510
510
510
510
510
510
510
510
510
511
511
511
511
511
511
511
511
511
511
511
511
511
511
511
513
513
513
513
513
513
513
513
513
513
513
513
513
513
515
515
515
515
515
517
517
517
517
517
517
517
518
519
519
519
519
519
519
519
519
519
521
521
521
521
521
521
521
521
521
521
521
521
521
521
523
523
523
523
524
525
525
525
525
525
525
525
525
525
526
528
528
528
528
529
530
530
530
531
532
532
532
532
532
532
532
532
532
532
533
533
533
533
533
533
533
533
533
533
535
535
535
535
535
535
535
535
535
536
536
536
536
536
536
536
536
536
536
537
537
537
537
537
537
539
539
539
539
540
541
541
541
541
541
541
541
541
541
541
541
542
544
544
544
544
544
544
544
546
546
546
546
547
548
548
548
548
548
548
548
548
548
548
548
549
551
551
552
554
554
554
555
556
556
556
556
556
556
557
557
557
557
557
557
557
559
559
559
559
559
559
560
560
560
560
560
560
560
560
560
560
562
562
562
562
562
562
563
564
564
564
564
564
564
564
564
564
564
564
564
564
564
564
566
566
566
566
566
566
567
568
568
568
568
568
568
568
569
570
572
572
573
575
575
575
576
577
577
577
577
577
577
577
577
577
577
578
578
578
578
578
578
579
580
580
580
580
580
580
580
580
580
581
582
582
583
585
585
585
586
587
587
587
587
587
587
587
587
588
589
589
589
589
589
589
589
589
590
590
590
591
593
593
593
593
593
593
593
593
593
593
594
594
594
594
594
594
594
594
594
594
594
594
594
594
594
594
596
596
596
596
596
596
596
596
596
596
596
596
596
596
596
596
596
596
596
598
598
598
598
598
598
598
598
598
598
598
598
598
598
598
600
600
600
600
600
600
600
600
600
602
602
603
605
605
605
606
607
607
607
607
607
607
607
607
608
609
609
609
609
609
609
609
609
610
610
610
611
613
613
613
613
613
613
613
613
613
613
614
614
614
614
614
614
614
614
614
614
614
614
614
614
614
614
616
616
616
616
616
616
616
616
616
616
616
616
616
616
616
616
616
616
616
618
618
618
618
618
618
618
618
618
618
618
618
618
618
618
620
620
620
620
620
620
620
620
620
622
622
623
625
625
625
626
627
627
627
627
627
627
627
627
628
629
629
629
629
629
629
629
629
629
629
629
630
632
632
632
632
632
632
632
632
634
634
634
634
634
634
634
634
634
634
634
634
634
634
634
634
634
636
636
637
639
639
639
640
641
641
641
641
641
641
641
641
642
643
643
643
643
643
643
643
643
644
644
644
645
647
647
647
647
647
647
647
647
648
648
648
648
648
648
648
648
648
648
648
648
648
648
648
648
648
650
650
650
650
650
650
651
651
651
651
651
651
651
651
651
651
651
651
651
651
651
653
653
654
656
656
656
657
658
658
658
658
658
658
658
658
658
658
658
658
658
658
660
660
660
660
660
660
660
660
660
660
660
660
660
661
662
662
662
662
662
663
665
665
666
668
668
668
669
670
670
670
670
670
670
670
670
670
670
672
672
672
672
672
672
672
672
672
673
674
674
674
674
674
674
674
674
674
675
676
677
678
678
678
678
678
678
678
678
678
679
681
681
682
684
684
684
685
685
685
685
685
685
686
686
686
686
686
686
686
686
686
686
686
687
687
689
689
689
690
692
692
692
692
692
692
692
692
692
694
694
694
694
694
694
695
696
696
696
696
696
696
696
696
696
698
698
698
698
698
698
699
700
700
700
700
700
700
700
700
700
700
702
702
702
702
702
702
703
704
704
704
704
704
704
704
704
704
706
706
706
706
706
706
706
706
706
708
708
708
708
708
708
708
708
708
708
708
708
708
708
710
710
710
710
710
710
710
710
712
712
712
712
712
712
712
712
712
712
712
712
712
712
712
712
712
712
712
714
714
714
716
716
716
716
716
716
716
716
716
716
716
716
716
717
718
718
718
718
718
718
718
719
719
719
719
719
719
720
721
722
723
723
723
723
723
723
723
724
724
724
724
724
724
725
727
727
727
727
727
727
727
727
727
727
727
727
727
727
727
727
727
727
727
728
729
730
731
732
732
732
732
732
732
732
732
732
734
735
736
737
738
738
738
738
738
738
738
738
738
739
740
740
741
743
743
744
744
744
744
744
745
745
746
747
748
750
750
750
750
750
750
750
750
750
750
750
750
750
750
750
751
751
751
751
751
751
751
751
751
751
751
751
751
751
752
753
753
753
753
753
753
753
753
753
753
753
753
753
753
753
753
754
756
756
756
756
756
756
756
756
756
756
757
758
758
758
758
758
758
758
758
760
760
760
760
761
762
762
762
762
762
762
762
764
764
764
764
764
764
765
766
766
766
766
766
766
766
766
766
766
766
766
767
769
769
769
769
769
769
769
769
769
769
769
769
770
771
772
773
773
773
773
773
773
773
775
775
775
775
775
775
776
777
777
777
777
777
777
777
777
777
777
777
777
778
780
780
780
780
780
780
780
782
782
782
782
782
782
782
783
785
785
785
785
785
785
785
786
788
788
788
788
788
788
788
788
788
788
788
788
789
790
790
790
790
790
790
790
790
790
790
791
791
791
791
791
791
791
791
791
791
792
792
792
792
792
792
792
792
792
792
793
793
793
793
793
793
793
793
793
793
795
795
795
795
795
795
795
795
797
797
797
797
797
797
798
799
799
799
799
799
799
799
799
799
799
799
799
799
799
799
799
799
800
802
802
802
802
802
802
802
802
802
802
802
802
802
802
802
802
802
802
802
802
802
802
802
802
802
802
802
804
804
804
804
804
804
805
806
806
806
806
806
806
806
806
806
806
806
806
806
806
806
806
806
807
809
809
809
809
809
809
809
810
815
815
815
815
815
815
815
816
817
817
817
817
817
817
817
817
817
817
818
820
820
820
820
820
820
820
821
822
822
822
822
822
822
822
822
822
822
823
825
825
825
825
825
825
825
826
827
827
827
827
827
829
829
829
829
829
829
830
831
831
831
831
831
831
831
831
831
831
831
831
832
834
834
834
835
837
837
837
837
837
837
837
838
839
839
839
839
839
841
841
841
841
841
841
842
843
843
843
843
843
843
843
843
843
843
843
843
843
843
843
843
843
844
846
846
846
846
846
846
846
847
849
849
849
849
849
849
849
850
851
851
851
851
851
853
853
853
853
853
853
853
853
853
853
853
854
855
855
855
855
855
855
855
855
855
855
856
857
857
857
857
858
858
859
860
862
862
862
863
865
865
865
865
865
865
865
865
866
867
867
867
868
869
870
