6
6
6
6
6
6
6
6
6
8
8
8
8
8
8
8
8
8
8
8
8
8
8
9
9
9
9
9
9
9
9
9
9
9
9
9
9
10
10
10
10
10
10
10
10
10
10
10
10
10
10
11
11
11
11
11
11
11
11
11
11
11
11
11
11
12
12
12
12
12
12
12
12
12
12
12
12
12
12
13
13
13
13
13
13
13
13
13
13
13
13
13
13
14
14
14
14
14
14
14
14
14
14
14
14
14
14
15
15
15
15
15
15
15
15
15
15
15
15
15
15
16
16
16
16
16
16
16
16
16
16
16
16
16
16
17
17
17
17
17
17
17
17
17
17
17
17
17
17
18
18
18
18
18
18
18
18
18
18
18
18
18
18
19
19
19
19
19
19
19
19
19
19
19
19
19
19
20
20
20
20
20
20
20
20
20
20
20
20
20
20
21
21
21
21
21
21
21
21
21
21
21
21
21
21
22
22
22
22
22
22
22
22
22
22
22
22
22
22
23
23
23
23
23
23
23
23
23
23
23
23
23
23
24
24
24
24
24
24
24
24
24
24
24
24
24
24
25
25
25
25
25
25
25
25
25
25
25
25
25
25
26
26
26
26
26
26
26
26
26
26
26
26
26
26
27
27
27
27
27
27
27
27
27
27
27
27
27
27
28
28
28
28
28
28
28
28
28
28
28
28
28
28
29
29
29
29
29
29
29
29
29
29
29
29
29
29
30
30
30
30
30
30
30
30
30
30
30
30
30
30
31
31
31
31
31
31
31
31
31
31
31
31
31
31
32
32
32
32
32
32
32
32
32
32
32
32
32
32
33
33
33
33
33
33
33
33
33
33
33
33
33
33
34
34
34
34
34
34
34
34
34
34
34
34
34
34
35
35
35
35
35
35
35
35
35
35
35
35
35
35
37
37
37
37
37
37
37
38
38
38
38
38
38
38
39
39
39
39
39
39
39
41
41
41
41
41
41
41
41
41
41
41
42
42
42
42
42
42
42
42
42
42
42
43
43
43
43
43
43
43
43
43
43
43
44
44
44
44
44
44
44
44
44
44
44
45
45
45
45
45
45
45
45
45
45
45
46
46
46
46
46
46
46
46
46
46
46
47
47
47
47
47
47
47
47
47
47
47
48
48
48
48
48
48
48
48
48
49
49
49
49
49
49
49
49
49
51
51
51
51
51
51
52
53
53
53
53
53
53
53
53
53
55
55
55
55
55
55
55
55
55
55
55
55
55
55
55
57
57
57
57
58
59
59
59
59
59
59
59
60
60
60
60
60
60
60
61
61
61
61
61
61
61
62
62
62
62
62
62
62
63
63
63
63
63
63
63
64
64
64
64
64
64
64
65
65
65
65
65
65
65
66
66
66
66
66
66
66
67
67
67
67
67
67
67
68
68
68
68
68
68
68
69
69
69
69
69
69
69
70
70
70
70
70
70
70
71
71
71
71
71
71
71
72
72
72
72
72
72
72
73
73
73
73
73
73
73
74
74
74
74
74
74
74
75
77
77
77
77
77
77
77
77
77
77
77
77
78
79
79
79
79
79
79
79
79
79
81
81
81
81
81
81
82
83
84
85
85
85
85
85
85
85
85
85
85
85
86
87
87
87
87
87
87
87
87
87
88
89
90
90
90
90
90
91
92
92
92
92
92
92
92
92
92
92
92
93
94
96
96
96
97
99
99
100
100
100
100
100
100
100
100
100
100
100
100
101
102
102
102
102
102
103
103
103
103
103
105
105
105
105
105
105
105
105
105
105
105
105
107
107
107
107
107
107
107
108
109
109
109
109
109
109
109
109
109
110
110
110
110
110
110
110
110
110
110
110
110
110
110
112
112
112
112
113
114
114
114
115
116
116
116
116
116
116
116
116
116
117
117
117
117
117
117
117
117
117
118
118
119
122
122
122
123
124
124
124
124
124
124
124
124
124
124
126
126
126
126
126
126
126
126
126
126
128
128
128
128
128
128
128
128
128
128
128
128
128
128
130
130
130
130
130
130
130
130
130
131
131
131
131
131
131
131
131
131
132
132
133
135
135
135
136
137
137
137
137
137
137
137
137
137
137
138
139
139
139
139
139
139
139
139
139
139
141
141
141
141
141
141
141
141
141
141
141
141
141
141
143
143
143
143
143
143
144
145
145
145
145
145
145
145
145
145
145
145
145
145
145
145
145
145
145
145
145
145
145
145
145
145
147
147
147
147
147
147
147
147
147
148
149
151
151
151
151
152
152
152
152
153
153
154
156
156
156
157
158
158
158
158
158
158
158
158
158
158
160
160
160
160
160
160
160
160
160
161
162
162
162
162
162
162
162
163
164
165
166
166
166
166
166
166
166
166
166
167
169
169
170
172
172
172
173
174
174
174
174
174
174
174
175
175
176
178
178
179
179
179
179
179
180
180
181
182
183
184
185
