6
6
6
6
6
6
6
6
6
8
8
8
8
8
8
8
8
8
9
9
9
9
9
9
9
9
9
11
11
11
11
11
11
11
12
12
12
12
12
12
12
13
13
13
13
13
13
13
14
14
14
14
14
14
14
15
15
15
15
15
15
15
17
17
17
17
17
17
17
17
17
17
17
17
17
17
19
19
19
19
20
21
21
21
21
22
23
25
25
25
25
25
25
25
25
25
25
25
25
25
25
25
27
27
27
27
27
27
27
27
28
29
29
29
29
29
29
29
29
31
31
31
31
31
33
34
35
35
35
35
35
35
35
35
35
37
37
37
37
37
37
37
37
37
37
37
37
37
37
37
37
39
39
39
41
41
41
41
41
41
41
41
41
41
41
41
41
41
42
43
43
43
43
43
43
43
43
43
43
43
43
44
46
47
47
47
47
47
48
49
49
49
49
49
49
49
49
49
50
51
51
51
51
51
52
53
53
53
53
53
53
53
53
53
54
55
56
57
57
57
57
57
57
58
59
60
61
61
61
61
61
61
62
63
63
63
63
63
64
65
66
67
69
69
69
69
69
69
69
70
71
72
