6
6
6
6
6
6
6
6
6
6
6
8
8
8
8
8
8
8
8
8
8
8
8
8
8
10
10
10
10
10
10
10
11
11
11
11
11
11
11
12
12
12
12
12
12
12
13
13
13
13
13
13
13
13
13
14
14
14
14
14
14
14
14
14
15
15
15
15
15
15
15
16
16
16
16
16
16
16
18
18
18
18
18
18
18
18
18
18
18
19
19
19
19
19
19
19
19
19
19
19
21
21
21
21
21
21
21
22
23
23
23
23
24
24
24
24
26
26
26
26
26
26
26
26
26
26
26
28
28
28
28
28
28
28
28
29
30
30
30
30
33
33
33
33
33
33
33
33
33
33
33
33
33
33
33
33
33
33
35
35
35
35
35
35
35
35
35
35
35
37
37
37
37
37
37
37
37
37
37
37
37
37
38
39
39
39
39
39
39
39
39
39
40
42
42
42
42
42
42
42
42
43
45
45
45
45
45
45
45
45
45
45
46
47
47
47
47
47
47
47
47
47
49
49
49
49
49
49
49
49
49
49
49
49
49
50
51
51
52
52
52
52
52
52
52
52
52
52
53
54
54
54
54
54
54
54
54
55
56
56
56
58
58
58
58
58
58
58
59
60
60
60
60
60
60
60
60
60
60
60
60
60
60
60
60
60
61
62
64
64
65
65
65
65
65
65
65
65
65
65
65
65
65
65
65
65
65
65
65
65
65
65
66
67
67
67
67
67
67
67
67
67
67
67
67
67
69
69
69
69
69
69
69
69
69
69
69
71
71
71
71
71
71
71
71
71
71
72
73
73
73
73
73
73
73
74
76
76
76
76
76
76
76
78
78
78
78
78
80
80
80
80
80
80
80
80
80
80
82
82
82
82
82
82
82
84
84
84
84
84
84
84
84
85
87
87
88
88
88
88
88
88
88
89
90
90
90
90
90
90
90
90
90
91
91
91
91
91
91
91
91
91
91
91
91
91
91
91
91
91
91
91
91
91
91
91
91
92
94
94
95
95
95
95
95
95
95
96
97
97
97
97
97
97
98
99
99
