17
17
17
17
17
17
17
17
17
19
19
19
19
19
19
19
19
19
20
20
20
20
20
20
20
20
20
20
20
21
21
21
21
21
21
21
21
21
22
22
22
22
22
22
22
22
22
23
23
23
23
23
23
23
23
23
23
23
24
24
24
24
24
24
24
24
24
24
24
26
26
26
26
26
26
26
26
26
27
27
27
27
27
27
27
28
28
28
28
28
28
28
28
28
30
30
30
30
30
30
30
30
30
30
30
30
30
30
31
31
31
31
31
31
31
31
31
31
31
31
31
31
36
36
36
36
36
37
38
38
39
39
39
39
39
39
39
39
39
43
43
43
43
43
43
43
43
43
43
43
43
43
43
43
43
43
44
44
44
44
44
44
44
44
44
44
45
46
48
48
48
48
48
49
49
49
49
51
51
52
52
53
54
56
56
56
56
56
56
57
57
57
57
57
58
60
60
61
61
61
61
61
61
61
61
61
61
61
61
61
61
61
61
61
61
61
62
62
62
62
64
64
64
64
64
64
64
64
64
64
64
64
64
64
64
64
67
67
67
67
67
67
67
67
67
67
67
67
67
67
67
67
67
67
67
68
68
68
68
68
68
68
69
69
69
69
69
69
69
69
69
69
69
69
69
69
69
69
69
70
70
70
70
70
70
70
70
70
70
70
70
70
70
70
70
71
71
71
71
71
71
71
71
71
72
73
73
73
73
73
73
73
73
73
73
73
74
74
74
74
74
75
75
75
75
75
75
75
75
75
75
76
76
76
76
76
76
76
76
76
76
76
76
76
76
76
76
76
77
77
77
77
77
77
77
77
79
82
82
82
82
82
82
82
82
82
82
84
84
86
86
86
86
87
87
87
87
87
87
87
87
87
87
87
87
87
89
89
89
89
89
89
89
90
90
90
90
90
90
90
90
90
90
90
90
90
90
91
91
91
91
92
92
93
93
93
93
93
93
93
93
93
93
94
94
94
94
94
94
94
94
94
94
94
94
95
95
95
95
95
95
95
95
96
96
96
96
96
96
97
97
97
97
97
97
98
98
98
98
98
98
98
98
98
98
98
98
98
98
98
98
98
99
99
100
100
100
100
100
100
101
102
102
105
105
105
105
105
105
105
105
105
105
105
105
105
105
106
106
106
106
107
107
108
108
108
108
108
108
108
108
108
108
109
109
109
109
109
109
109
109
109
109
109
109
110
110
110
110
110
110
110
110
111
111
111
111
111
111
112
112
112
112
112
112
113
113
113
113
113
113
113
113
113
113
113
113
113
113
113
113
113
114
114
115
115
115
115
115
115
116
118
118
118
118
118
118
118
118
119
119
119
120
123
123
123
123
123
123
123
124
124
124
124
124
124
124
125
125
125
125
125
125
125
127
127
127
127
129
129
129
129
131
131
131
131
133
133
133
133
134
135
135
135
135
135
135
137
137
137
137
137
137
137
137
137
137
137
137
137
138
138
138
138
138
138
138
139
139
139
140
142
142
142
143
145
145
146
146
146
146
146
147
150
150
150
150
150
150
150
150
151
151
151
151
151
151
151
151
151
151
151
151
151
151
151
151
152
152
152
152
152
152
152
152
152
153
153
153
153
153
153
153
153
153
153
153
153
153
153
153
153
153
153
153
155
155
155
155
155
158
158
158
158
158
158
158
159
160
160
160
160
160
160
160
160
161
161
161
161
161
161
161
161
162
162
162
162
162
162
162
163
163
163
163
163
163
163
164
164
164
164
164
164
164
165
166
166
167
167
167
167
167
168
169
170
170
170
170
170
170
170
170
170
171
171
171
171
171
171
171
171
172
174
174
174
175
177
177
177
178
180
180
180
180
180
180
180
180
180
180
180
181
181
181
181
181
181
182
182
182
183
183
183
183
183
183
183
183
183
183
183
184
184
184
184
184
184
184
184
184
184
184
184
184
184
184
185
185
185
185
185
185
185
185
186
186
186
186
187
187
187
187
187
188
188
188
188
188
188
188
188
188
188
188
188
188
188
189
189
189
190
192
192
192
192
192
192
192
192
192
192
192
192
192
193
193
193
193
193
193
193
194
194
194
194
194
194
194
194
195
195
195
195
195
195
195
195
195
195
196
198
198
198
198
198
198
198
198
198
198
198
200
200
200
200
200
201
201
201
201
201
201
201
201
202
202
202
202
202
202
202
202
202
202
202
203
203
203
203
203
203
203
203
203
203
203
203
203
203
203
203
203
204
204
204
204
204
204
204
204
207
209
209
209
210
211
212
