19
19
19
19
19
19
19
19
19
19
19
19
19
30
30
30
30
30
30
35
35
35
35
35
35
35
35
47
47
47
47
47
47
47
48
48
48
48
48
48
48
48
49
49
49
49
49
50
51
52
52
52
52
52
53
53
53
53
54
54
54
54
55
55
55
55
56
56
56
56
57
69
69
69
69
69
70
70
70
70
71
73
73
73
73
73
73
73
73
74
74
74
74
74
75
75
75
75
76
83
83
83
83
90
90
90
90
97
97
97
97
97
97
97
97
104
104
104
104
104
104
116
116
117
117
117
117
117
117
118
118
118
118
118
118
119
119
119
119
119
119
119
120
121
121
121
121
121
122
122
122
122
122
123
123
123
123
123
123
123
123
123
123
123
124
124
124
124
124
124
124
124
124
125
125
125
125
125
125
126
127
127
127
127
127
127
127
127
127
128
128
128
128
128
128
128
128
128
129
130
130
130
130
130
130
130
130
130
130
130
130
130
130
131
131
131
131
132
133
133
133
133
133
133
134
135
135
135
135
135
136
136
136
136
136
136
136
137
137
137
137
137
137
137
137
137
137
137
137
137
137
137
138
138
138
138
138
138
138
139
139
139
139
140
141
141
141
141
141
141
141
141
141
142
142
142
142
142
142
142
143
143
144
145
145
145
145
145
145
145
145
145
146
146
146
146
146
146
147
148
148
148
148
148
148
148
148
148
148
148
148
148
148
148
148
148
148
149
149
149
149
149
149
150
150
150
150
150
150
150
150
150
151
151
151
151
151
151
151
151
152
152
152
153
153
153
153
153
153
153
153
154
155
155
155
155
156
156
156
157
162
162
162
162
162
162
162
162
162
162
162
162
162
172
172
172
172
172
172
172
172
172
173
173
173
173
173
173
173
173
173
174
174
174
175
175
175
175
175
175
175
175
175
175
175
175
175
175
175
175
175
175
175
176
176
176
176
176
176
176
176
176
177
178
178
178
179
179
180
180
180
181
181
181
181
181
181
181
182
182
183
183
183
184
184
184
184
184
184
184
185
185
186
186
186
187
187
187
187
187
187
187
188
188
189
189
189
190
190
190
190
190
190
190
191
191
192
192
192
193
193
193
193
193
193
193
194
194
195
195
195
196
196
196
196
196
196
196
197
197
198
198
198
199
199
199
199
199
199
199
200
200
201
201
201
202
202
202
202
202
202
202
203
203
204
204
205
205
205
205
205
205
205
205
205
205
205
205
205
205
205
205
205
205
205
205
206
206
206
206
206
206
206
206
206
206
206
206
206
206
206
207
207
207
207
207
207
207
207
207
207
207
207
207
207
207
207
207
207
207
207
207
207
207
207
207
207
208
208
208
209
209
209
209
209
209
209
210
211
211
212
213
214
214
214
214
214
214
214
215
217
218
