17
17
17
17
17
17
17
17
17
17
17
17
17
17
17
19
19
19
19
19
19
19
19
19
19
19
19
19
20
20
20
20
20
20
20
20
20
20
20
20
20
21
21
21
21
21
21
21
21
21
21
21
21
21
21
21
22
22
22
22
22
22
22
22
22
22
22
22
22
22
22
23
23
23
23
23
23
23
23
23
23
23
23
23
23
23
24
24
24
24
24
24
24
24
24
24
24
24
24
25
25
25
25
25
25
25
25
25
31
31
31
31
31
31
32
32
32
32
32
32
32
32
34
34
34
34
41
41
41
41
41
41
41
41
41
41
42
42
42
42
42
43
43
43
43
43
43
44
46
46
46
46
46
46
47
47
47
47
48
48
48
48
48
48
48
49
49
49
49
49
49
49
49
50
52
52
52
52
52
52
53
53
53
53
53
53
53
53
53
53
54
54
54
54
54
54
54
54
54
54
54
54
54
54
55
57
57
57
57
57
57
58
58
58
58
58
58
58
58
58
59
59
59
59
59
59
59
59
59
59
59
59
59
59
59
59
59
59
59
59
59
59
59
60
60
60
61
62
62
62
63
65
65
65
65
65
65
66
66
66
67
69
69
69
69
69
69
70
70
70
71
73
73
73
73
73
73
74
74
74
75
77
77
77
77
77
77
78
78
78
79
81
81
81
81
81
81
82
82
82
83
85
85
85
85
85
85
86
86
86
87
89
89
89
89
89
89
89
89
90
90
90
90
91
91
91
91
91
91
91
92
92
92
92
92
92
92
92
92
92
92
92
92
92
92
92
92
93
99
99
99
99
99
99
99
99
100
100
100
100
100
100
100
100
100
100
100
100
100
100
100
100
100
100
100
101
103
103
103
103
103
103
104
104
104
104
104
104
104
104
104
104
104
105
107
107
107
107
107
107
108
108
108
108
108
108
108
108
109
109
109
109
109
109
109
110
110
110
110
110
110
110
110
110
110
110
111
111
111
111
111
111
111
111
111
112
112
112
112
112
112
112
112
112
112
112
112
112
112
112
112
112
113
113
113
113
113
113
113
114
115
116
116
116
116
116
116
116
117
117
117
117
117
117
117
117
117
118
118
118
118
118
118
118
119
121
121
121
121
121
121
122
122
122
122
122
122
122
122
123
125
125
125
125
125
125
125
125
126
126
126
126
126
126
126
126
127
127
127
127
127
127
127
127
127
127
127
127
128
130
130
130
130
130
130
130
131
131
131
131
133
133
133
134
135
136
