18
18
18
18
18
18
18
18
18
18
18
20
20
20
20
20
20
20
22
22
22
22
22
22
22
22
22
22
22
22
22
35
35
35
35
35
35
36
36
36
36
36
41
41
41
41
41
42
42
42
42
42
42
42
43
51
51
51
51
51
51
51
51
51
52
52
52
52
52
52
52
53
62
62
63
63
63
63
63
63
63
63
63
64
64
64
64
64
64
64
64
64
65
65
65
65
65
65
65
65
65
65
65
65
66
67
79
79
80
80
80
80
80
80
80
80
80
80
80
80
80
80
80
80
80
81
81
81
81
81
81
81
81
81
82
82
82
82
82
82
82
82
82
82
82
82
82
82
82
82
83
84
91
91
91
91
91
91
91
91
91
92
92
92
92
92
92
92
93
94
95
