18
18
18
18
18
18
18
18
18
18
18
20
20
20
20
20
20
20
21
21
21
21
21
21
21
22
22
22
22
22
22
22
24
24
24
24
24
24
24
24
24
24
24
35
35
35
35
35
35
35
37
37
37
37
37
37
37
37
39
39
39
39
39
39
39
39
51
51
51
51
51
51
51
51
51
51
51
52
52
52
52
52
52
52
52
52
52
53
66
66
66
66
66
66
66
66
66
66
66
66
66
66
66
68
68
68
68
68
68
68
68
69
69
69
69
70
72
72
72
72
72
72
72
72
72
73
73
73
73
73
73
73
73
73
74
74
74
74
74
74
74
75
75
75
75
75
75
75
75
75
75
76
76
76
76
76
76
76
77
77
77
77
77
77
77
79
79
79
79
79
79
79
79
79
80
80
80
80
80
80
80
80
80
80
86
86
86
86
86
86
86
86
86
86
90
90
90
90
90
90
90
92
92
92
92
92
92
92
93
93
93
93
93
93
93
95
95
95
95
95
95
95
95
95
95
98
98
98
98
98
98
98
98
98
98
98
98
98
98
98
99
99
99
99
99
99
99
100
103
103
103
103
103
103
103
103
103
103
103
104
112
112
112
112
112
112
113
113
113
114
121
121
121
121
121
121
121
121
121
122
122
122
122
122
122
123
125
126
