18
18
18
18
18
18
18
18
18
18
18
20
20
20
20
20
20
20
21
21
21
21
21
21
21
22
22
22
22
22
22
22
23
23
23
23
23
23
23
24
24
24
24
24
24
24
25
25
25
25
25
25
25
26
26
26
26
26
26
26
28
28
28
28
28
28
28
28
28
28
28
28
28
45
45
45
45
45
45
47
47
47
47
47
47
47
47
47
47
48
48
48
48
48
49
49
49
49
51
51
51
51
51
51
51
51
53
53
53
53
53
53
53
53
53
53
54
54
54
55
57
57
57
57
57
57
59
59
60
60
60
60
60
60
60
60
60
60
60
60
60
62
62
62
62
62
62
62
62
62
62
63
63
63
64
66
66
66
66
66
66
66
66
66
66
66
66
66
67
67
67
67
67
67
67
67
68
68
68
69
71
71
71
71
71
71
71
71
71
72
74
74
74
74
74
74
74
74
74
75
75
75
76
76
76
76
78
78
78
78
78
78
78
78
80
80
80
80
80
80
80
80
80
80
81
81
81
82
84
84
84
84
86
86
87
87
87
87
87
87
87
87
87
87
87
87
87
89
89
89
89
89
89
89
89
89
89
90
90
90
91
93
93
93
93
93
93
93
93
94
94
94
94
94
94
94
94
95
95
95
96
98
98
98
98
98
98
98
98
98
99
108
108
108
108
108
108
108
108
109
109
109
109
109
109
109
109
109
109
109
109
109
109
110
110
110
110
111
111
111
112
113
113
113
115
126
126
126
126
126
126
126
126
126
126
126
127
127
127
127
127
127
127
127
127
128
128
128
128
128
128
128
128
128
128
128
128
128
128
128
128
128
128
128
129
130
130
130
131
143
143
143
143
143
143
143
143
143
143
143
144
144
144
144
144
144
144
144
144
145
145
145
146
147
147
147
147
147
147
147
147
147
147
147
147
147
147
147
147
147
147
147
147
147
148
148
148
149
150
150
150
150
150
150
150
150
150
150
150
151
162
162
162
162
162
162
162
162
162
162
163
163
163
163
163
163
163
163
163
164
164
164
165
166
166
166
166
166
166
166
166
166
166
166
166
166
166
167
167
167
168
169
169
169
169
172
172
172
172
172
172
172
172
172
172
172
172
172
172
172
172
172
172
174
174
174
174
174
174
174
174
174
174
174
174
174
174
177
177
177
177
177
177
177
177
177
177
177
177
177
177
177
177
177
177
179
179
179
180
192
192
192
192
192
192
192
192
192
192
192
193
193
193
193
193
193
193
193
193
194
194
194
195
196
196
196
196
196
196
196
196
196
196
196
196
196
196
196
196
196
196
196
196
196
197
197
197
198
199
199
199
199
199
199
199
199
199
199
199
200
211
211
211
211
211
211
211
211
211
211
212
212
212
212
212
212
212
212
212
213
213
213
214
215
215
215
215
215
215
215
215
215
215
215
215
215
215
216
216
216
217
218
218
218
218
221
221
221
221
221
221
221
221
221
221
221
221
221
221
221
221
221
221
223
223
223
223
223
223
223
223
223
223
223
223
223
223
226
226
226
226
226
226
226
226
226
226
226
226
226
226
226
226
226
226
228
228
228
229
242
242
242
242
242
242
242
242
242
242
242
242
242
242
242
243
243
243
243
243
243
243
243
243
244
244
244
245
247
247
247
247
247
247
247
247
247
247
247
247
247
247
247
247
248
248
248
249
251
251
251
251
251
251
251
251
251
251
251
251
251
251
251
251
252
252
252
253
255
255
255
255
255
257
257
257
258
279
279
279
279
279
279
279
279
279
279
279
279
279
279
279
279
279
279
279
279
280
280
280
281
281
281
281
281
281
282
282
282
282
283
283
283
283
284
284
284
284
286
286
286
286
286
286
286
286
286
287
287
287
288
290
290
290
290
290
290
290
290
290
291
291
291
291
292
292
292
292
292
292
292
292
292
292
292
292
292
292
292
292
293
293
293
293
293
293
293
293
295
295
295
295
295
295
295
295
295
295
295
295
295
295
295
295
296
296
296
296
296
296
296
296
296
296
296
297
297
297
297
297
297
297
298
298
298
298
298
298
298
299
300
300
300
300
300
300
300
300
300
300
300
300
301
303
303
303
303
303
303
303
303
304
304
304
304
304
304
304
305
305
305
305
305
305
305
306
306
306
306
306
306
306
306
306
306
306
308
308
308
308
308
308
308
308
308
308
308
308
308
308
308
308
308
308
308
308
309
309
309
310
312
312
312
312
312
314
314
314
315
325
325
325
325
325
325
325
325
326
326
326
326
326
326
326
326
326
327
327
327
327
327
328
329
329
329
329
329
329
329
330
330
330
330
330
330
330
331
340
340
340
340
340
340
340
340
341
341
341
341
341
341
341
341
341
342
342
342
342
342
342
342
342
342
342
342
342
343
344
344
344
345
354
354
354
354
354
354
354
354
355
355
355
355
355
355
355
355
355
356
356
356
356
356
356
356
356
356
356
356
356
357
358
358
358
359
376
376
376
376
376
376
376
376
376
376
376
377
377
377
377
377
377
377
377
377
378
378
378
379
380
380
380
380
380
380
380
380
380
380
380
380
380
380
380
380
380
380
380
380
380
381
381
381
382
384
384
384
384
384
384
384
385
403
403
403
403
403
403
403
403
403
403
403
403
403
403
403
404
404
404
404
404
404
404
404
404
404
404
404
404
405
405
405
406
407
407
407
407
407
407
407
407
407
407
407
407
407
407
407
407
407
407
407
407
407
407
407
407
407
407
407
407
407
407
408
408
408
409
411
411
411
411
411
411
411
412
423
423
423
423
423
423
423
423
424
424
424
424
424
424
424
424
424
425
425
425
426
427
427
427
427
427
427
427
427
427
427
427
427
427
427
428
428
428
429
430
430
430
430
430
430
430
430
430
430
430
431
433
434
