18
18
18
18
18
18
18
18
18
18
18
18
18
20
20
20
20
20
20
20
21
21
21
21
21
21
21
22
22
22
22
22
22
22
23
23
23
23
23
23
23
24
24
24
24
24
24
24
25
25
25
25
25
25
25
26
26
26
26
26
26
26
27
27
27
27
27
27
27
28
28
28
28
28
28
28
30
30
30
30
30
30
30
30
30
30
30
31
31
31
31
31
31
31
31
31
31
31
31
31
32
32
32
32
32
32
32
32
32
32
32
32
32
33
33
33
33
33
33
33
33
33
33
33
33
33
34
34
34
34
34
34
34
34
34
34
34
34
34
41
41
41
41
41
43
43
43
43
43
43
43
43
43
43
43
43
44
44
44
44
45
45
45
45
46
46
46
46
47
47
47
47
48
48
48
48
49
49
49
50
50
50
50
50
50
50
50
50
50
50
50
50
50
51
51
51
51
52
52
52
52
52
53
53
53
53
54
54
54
54
55
55
55
55
57
57
57
57
57
57
57
57
57
58
58
58
58
58
58
58
58
58
59
59
59
59
59
59
59
60
62
62
62
62
62
62
62
64
64
64
64
64
64
64
64
64
64
64
64
64
64
66
66
67
67
67
67
67
67
67
67
67
68
68
68
68
68
68
68
68
70
70
70
70
70
70
70
70
72
72
72
72
72
72
72
72
72
73
73
73
73
73
73
73
73
75
75
75
75
75
75
75
75
77
77
77
77
77
77
77
77
77
78
78
78
78
78
78
78
78
80
80
80
80
80
80
80
80
82
82
82
82
82
82
82
82
82
82
82
82
84
84
84
84
84
85
85
85
85
85
85
85
85
85
86
86
86
86
86
86
86
86
88
88
88
88
88
88
88
88
90
90
90
90
90
90
90
90
90
90
90
90
90
91
91
92
94
94
94
94
94
94
94
94
94
94
94
95
95
95
95
95
95
95
95
95
95
95
96
98
98
98
98
98
98
98
98
98
99
99
99
99
99
99
99
99
101
101
101
101
101
101
101
101
103
103
104
104
104
104
104
104
104
104
105
105
105
105
105
105
105
105
106
106
106
106
106
106
106
106
106
106
106
106
106
106
106
107
109
109
109
109
109
109
109
110
110
110
110
110
110
110
110
110
110
110
110
110
110
110
110
110
110
110
112
112
112
112
112
112
112
114
114
114
114
114
114
114
114
114
114
114
114
114
114
114
115
115
115
115
115
115
116
116
116
116
116
116
116
116
116
117
117
117
117
117
117
117
118
120
120
120
120
120
120
122
122
122
122
122
122
122
123
123
123
123
123
123
123
125
125
125
125
125
125
125
125
125
126
126
126
126
126
126
126
127
129
129
129
129
129
129
129
129
131
131
131
131
131
131
131
132
132
132
132
132
132
132
132
132
132
132
133
133
133
133
133
133
133
133
133
134
134
134
134
134
134
135
135
135
135
135
135
136
138
138
138
138
138
138
138
139
139
139
139
139
139
140
142
142
142
142
142
142
144
144
144
144
144
144
145
145
145
145
145
145
145
145
146
146
146
146
146
146
147
147
147
147
147
147
147
148
149
150
151
