18
18
18
18
18
18
18
18
18
18
18
20
20
20
20
20
20
20
21
21
21
21
21
21
21
22
22
22
22
22
22
22
23
23
23
23
23
23
23
24
24
24
24
24
24
24
26
26
26
26
26
26
26
26
26
26
26
28
28
28
28
28
29
29
29
29
29
29
29
31
31
31
31
31
31
31
33
33
33
33
33
33
33
33
33
33
33
33
33
33
33
33
33
33
33
33
33
33
33
35
35
35
35
35
35
35
35
35
35
35
35
35
35
35
35
35
35
35
35
35
35
35
37
37
37
37
37
37
37
37
37
37
37
37
37
37
37
37
37
37
37
37
37
37
37
39
39
39
39
39
39
39
39
39
39
39
39
39
39
39
39
39
39
39
39
39
39
39
41
41
41
41
41
41
41
41
41
41
41
41
41
41
41
41
41
41
41
41
41
41
41
43
43
43
43
43
43
43
43
43
43
43
43
43
43
43
43
43
43
43
43
43
43
43
45
45
45
45
45
45
45
46
46
46
46
46
46
46
47
47
47
47
47
47
47
48
48
48
48
48
48
48
51
51
51
51
51
51
51
57
57
57
57
57
57
57
57
61
61
61
61
61
61
61
61
65
65
65
65
65
65
65
65
70
70
70
70
70
70
70
70
70
70
70
70
70
70
70
70
70
70
70
76
76
76
76
76
76
76
76
76
76
76
76
76
76
76
76
76
76
76
76
76
76
76
78
78
78
78
78
78
78
80
80
80
80
80
80
80
82
82
82
82
82
82
82
87
87
87
87
96
96
96
96
96
96
96
101
101
101
101
101
101
101
101
101
101
106
106
106
106
106
106
106
112
112
112
112
112
117
117
117
117
122
122
122
122
123
123
123
123
123
124
124
124
124
124
124
124
124
124
124
124
124
125
125
125
125
125
125
125
125
125
125
125
125
126
126
126
126
126
126
126
126
126
126
126
126
127
127
127
127
127
127
127
127
127
127
127
127
128
136
136
136
136
136
136
136
137
137
137
137
137
138
138
138
138
138
138
138
138
138
138
138
138
139
139
139
139
139
139
139
139
139
139
139
139
140
140
140
140
140
140
140
140
140
140
140
140
141
141
141
141
142
142
142
142
142
142
142
142
142
142
142
142
143
151
151
152
152
152
152
152
152
152
152
154
154
154
154
154
154
154
154
154
154
154
154
154
154
154
154
154
154
154
155
155
155
155
155
155
155
156
156
156
156
156
156
156
157
157
157
157
157
157
157
158
158
158
158
158
158
158
158
158
158
159
159
159
159
159
159
159
159
159
159
160
160
160
160
160
160
160
160
160
160
161
162
165
165
165
165
165
165
166
166
166
166
166
166
166
166
167
167
167
167
167
167
167
167
170
170
170
170
170
170
170
170
170
170
170
170
170
170
170
170
170
170
170
171
171
171
171
171
171
171
171
171
171
172
172
172
172
172
172
172
172
172
172
172
172
173
173
173
173
173
173
173
173
173
173
173
173
174
176
176
176
176
176
176
176
176
176
176
176
176
177
177
177
177
177
177
177
177
177
177
177
177
178
179
180
182
190
190
190
190
190
190
190
190
191
191
191
191
192
204
204
204
204
204
204
204
204
204
204
204
204
204
204
204
205
205
205
205
205
206
206
206
206
206
207
207
207
207
207
208
208
208
208
209
209
209
209
209
209
209
210
210
210
210
210
210
211
212
212
212
212
212
212
212
213
213
213
213
213
213
214
214
214
214
215
215
215
216
216
216
216
217
218
220
220
220
221
231
231
231
231
231
231
231
231
231
231
231
231
232
232
232
232
232
232
232
232
232
233
233
233
233
233
233
233
234
234
234
234
234
234
235
244
244
244
244
244
244
244
244
244
244
244
244
244
244
245
245
245
245
245
246
246
246
246
246
246
246
246
246
247
247
247
247
247
247
247
248
248
248
248
248
248
248
248
248
248
248
248
248
248
249
250
251
251
251
251
251
251
251
252
252
252
252
252
252
252
254
254
254
254
254
254
254
254
254
255
255
255
255
255
255
255
255
255
256
256
256
256
256
256
256
256
256
256
256
256
257
257
257
257
257
257
257
258
259
259
259
259
259
259
259
260
261
261
261
261
261
261
261
264
264
264
264
264
264
266
267
274
274
274
274
274
275
275
275
275
276
285
285
285
285
285
285
285
285
285
285
285
285
286
286
286
286
286
286
286
286
286
286
287
287
287
287
287
287
287
287
287
287
287
288
288
288
288
288
288
288
288
288
289
290
290
290
290
290
290
290
290
290
290
291
291
291
291
291
291
291
291
291
292
293
293
293
293
293
293
293
294
294
294
294
294
294
294
295
295
295
295
295
295
295
295
295
296
296
296
296
296
297
299
299
299
299
299
299
299
299
299
300
300
300
300
300
301
302
303
312
312
312
312
312
312
312
312
312
312
312
312
313
313
313
313
313
313
313
313
313
313
313
314
314
314
314
314
314
314
314
314
315
316
316
316
316
316
316
316
316
316
316
317
317
317
317
317
317
317
317
317
318
319
319
319
319
319
319
319
319
319
320
320
320
320
320
320
320
322
322
322
322
322
322
322
322
322
323
323
323
323
323
324
326
326
326
326
326
326
326
326
326
327
327
327
327
327
328
329
336
336
336
336
336
336
336
337
337
337
337
337
337
338
338
338
338
338
339
339
339
339
340
340
340
340
340
340
341
342
343
351
351
351
351
351
351
351
351
352
352
352
352
352
353
353
353
353
353
353
353
353
353
353
353
354
356
356
356
356
356
356
356
357
357
357
357
357
357
357
357
357
357
357
358
359
367
367
367
367
367
367
367
367
367
367
368
368
368
368
368
369
369
369
369
369
369
369
369
369
369
369
369
369
369
369
369
370
372
372
372
372
372
372
372
373
373
373
373
373
373
373
373
373
373
373
374
376
376
376
376
376
379
379
379
379
379
379
379
379
379
379
380
380
380
380
380
380
380
380
380
380
380
381
381
381
381
381
381
381
381
381
381
381
381
381
381
381
381
381
381
381
381
382
382
382
382
383
387
387
387
387
387
387
387
387
387
387
388
388
388
388
388
388
389
389
389
389
389
389
389
389
389
389
389
389
389
389
389
390
390
390
390
390
390
391
392
394
394
394
394
394
394
394
394
394
394
395
395
395
395
395
395
395
395
397
397
397
397
397
399
399
400
400
402
404
404
404
404
404
405
405
405
405
405
406
406
406
406
406
407
407
407
408
408
408
408
408
408
409
409
409
409
409
410
411
411
411
414
414
414
414
414
416
416
417
417
419
421
422
424
424
424
424
424
425
433
433
433
433
433
433
433
433
433
433
434
434
434
434
434
435
435
435
435
435
435
435
435
435
435
435
435
435
435
435
435
436
437
437
437
437
437
437
437
438
438
438
438
438
438
438
438
438
438
438
439
440
440
440
440
440
440
440
440
440
440
441
441
441
441
441
441
442
442
442
442
442
442
442
442
442
442
442
442
442
442
442
443
443
443
443
443
443
444
445
447
447
447
447
447
447
447
447
447
447
447
447
447
447
447
449
449
449
449
449
451
451
452
452
454
457
457
457
457
457
457
457
457
457
457
457
457
457
458
458
458
458
458
459
461
461
461
461
461
463
465
465
465
465
465
466
476
476
476
476
476
476
476
476
476
476
476
476
476
476
476
476
477
477
477
477
477
478
478
478
478
478
478
478
478
478
479
482
482
482
482
482
482
482
483
483
483
483
483
483
483
483
483
483
483
483
483
484
484
484
484
484
484
484
484
484
484
484
484
484
484
484
484
484
484
484
484
484
485
485
485
485
485
486
486
486
486
486
486
486
486
486
487
487
487
487
487
488
488
488
488
488
488
488
488
488
488
488
488
488
488
488
489
489
489
489
489
489
489
489
489
489
489
489
489
489
489
489
489
489
490
491
492
492
492
492
492
492
492
492
492
492
492
492
492
492
492
492
492
493
493
493
493
494
495
496
498
506
506
506
506
506
506
506
506
506
506
507
507
507
507
507
508
508
508
508
508
508
508
508
508
508
508
508
508
508
508
508
509
511
511
511
511
511
511
511
512
512
512
512
512
512
512
512
512
512
512
513
515
515
515
515
515
518
518
518
518
518
518
518
518
518
518
519
519
519
519
519
519
519
519
519
519
519
520
523
523
523
523
523
523
523
523
523
523
524
524
524
524
524
524
525
525
525
525
525
525
525
525
525
525
525
525
525
525
525
526
526
526
526
526
526
527
528
530
530
530
530
530
530
530
530
530
530
530
530
530
530
530
532
532
532
532
532
534
534
535
535
537
539
539
539
539
539
540
540
540
540
540
541
541
541
541
541
542
542
542
543
543
543
543
543
543
544
544
544
544
544
545
546
548
548
548
548
548
549
557
557
557
557
557
557
557
557
557
557
558
558
558
558
558
559
559
559
559
559
559
559
559
559
559
559
559
559
559
559
559
560
562
562
562
562
562
562
562
563
563
563
563
563
563
563
563
563
563
563
564
566
566
566
566
566
566
566
566
566
566
567
567
567
567
567
567
568
568
568
568
568
568
568
568
568
568
568
568
568
568
568
569
569
569
569
569
569
570
571
573
573
573
573
573
573
573
573
573
573
573
573
573
573
573
575
575
575
575
575
577
577
578
578
580
583
583
583
583
583
583
583
583
583
583
583
583
583
584
584
584
584
584
585
587
587
587
587
587
589
591
591
591
591
591
592
599
599
599
599
599
599
599
599
599
600
600
600
600
600
600
601
609
609
609
609
609
609
609
609
609
609
609
609
610
610
610
610
610
610
610
610
610
610
610
610
610
610
610
610
610
610
610
610
611
611
612
613
613
613
613
613
614
614
614
614
614
614
615
615
615
615
615
616
624
624
624
624
624
624
624
624
624
624
624
624
625
625
625
625
625
625
625
625
625
625
625
625
625
625
625
625
625
625
625
625
626
626
627
628
628
628
628
628
629
629
629
629
629
629
630
630
630
630
630
631
640
640
640
640
640
640
640
640
641
641
641
641
641
641
641
641
641
641
641
641
642
651
651
651
651
651
651
651
651
652
652
652
652
652
652
652
653
662
662
662
662
662
662
662
662
663
663
663
663
663
663
663
663
663
663
663
663
664
673
673
673
673
673
673
673
673
674
674
674
674
674
674
674
675
683
683
683
683
683
683
683
683
683
683
683
683
684
684
684
684
684
684
684
684
684
684
684
684
684
684
684
684
684
684
684
684
685
685
686
687
687
687
687
687
688
688
688
688
688
688
689
689
689
689
689
690
700
700
700
700
700
700
700
700
700
700
700
700
701
701
701
701
701
701
701
701
701
701
701
701
701
701
701
701
701
701
701
701
702
702
703
704
704
704
704
704
705
705
705
705
705
705
706
706
706
706
706
707
715
715
715
715
715
715
715
715
715
715
715
715
716
716
716
716
716
716
716
719
719
719
719
719
722
730
730
730
730
730
730
730
730
730
730
730
730
731
731
731
731
731
731
731
732
732
732
732
732
732
732
732
732
732
732
732
732
732
732
732
733
734
734
734
734
734
734
734
735
735
735
735
735
735
735
738
738
738
738
738
738
740
748
748
748
748
748
748
748
748
748
748
748
748
749
749
749
749
749
749
749
750
750
750
750
750
750
750
750
750
750
750
750
750
750
750
750
751
752
752
752
752
752
752
752
753
753
753
753
753
753
753
756
756
756
756
756
756
758
765
765
765
765
765
765
765
765
765
766
766
766
766
766
767
767
767
767
767
767
767
767
767
767
767
768
769
769
769
769
769
769
769
770
770
770
770
770
770
770
771
771
771
771
771
771
771
772
772
772
772
772
772
772
772
772
772
772
772
772
772
773
773
773
773
773
773
773
774
774
774
774
774
774
775
776
784
784
784
784
784
784
784
784
784
784
784
784
785
785
785
785
785
785
785
786
786
786
786
786
786
786
786
786
786
786
786
786
786
786
786
787
788
788
788
788
788
788
788
789
789
789
789
789
789
789
792
792
792
792
792
792
794
802
802
802
802
802
802
802
802
802
802
802
802
803
803
803
803
803
803
803
804
804
804
804
804
804
804
804
804
804
804
804
804
804
804
804
805
806
806
806
806
806
806
806
807
807
807
807
807
807
807
810
810
810
810
810
810
812
820
820
820
820
820
820
820
820
820
820
821
821
821
821
821
821
821
824
824
824
824
824
824
824
824
824
824
824
824
824
824
824
824
824
825
825
825
825
825
825
825
825
825
825
827
827
827
827
827
827
827
827
827
827
827
827
827
827
827
829
829
829
829
829
829
829
830
830
830
830
830
831
832
834
841
841
841
841
841
841
841
841
842
842
842
842
842
842
842
842
845
845
845
845
845
845
845
845
845
845
846
846
846
846
846
846
846
846
846
846
847
849
856
856
856
856
856
856
856
856
857
857
857
857
857
857
857
858
865
865
865
865
865
865
865
865
866
866
866
866
866
866
866
866
867
874
874
874
874
874
874
874
874
875
875
875
875
875
875
875
876
883
883
883
883
883
883
883
883
884
884
884
884
884
884
884
884
885
893
893
893
893
893
893
893
893
893
893
894
894
894
894
894
894
894
897
897
897
897
897
897
897
897
897
897
897
897
897
897
897
897
897
898
898
898
898
898
898
898
898
898
898
900
900
900
900
900
900
900
900
900
900
900
900
900
900
900
902
902
902
902
902
902
902
903
903
903
903
903
904
905
907
916
916
916
916
916
916
916
916
917
917
917
917
917
917
917
917
920
920
920
920
920
920
920
920
920
920
921
921
921
921
921
921
921
921
921
921
922
924
931
931
931
931
931
931
931
931
932
932
932
932
932
932
933
933
933
933
933
933
933
934
934
935
935
935
935
935
935
936
937
937
937
937
937
937
937
938
938
938
938
938
938
938
939
940
940
940
940
940
940
940
941
941
941
941
941
941
942
943
943
943
943
943
943
943
943
944
944
944
944
945
946
947
954
954
954
954
954
954
954
954
955
955
955
955
955
955
955
955
955
955
955
955
955
955
955
955
955
955
955
955
956
956
956
956
956
956
957
957
957
957
957
957
957
958
958
959
959
959
959
959
959
959
960
960
960
960
960
960
961
961
961
961
961
961
961
961
962
962
962
962
963
964
965
966
976
976
976
976
976
976
976
976
977
977
977
977
977
977
977
977
977
977
977
977
978
987
987
987
987
987
987
987
987
988
988
988
988
988
988
988
989
998
998
998
998
998
998
998
998
999
999
999
999
999
999
999
999
999
999
999
999
1000
1009
1009
1009
1009
1009
1009
1009
1009
1010
1010
1010
1010
1010
1010
1010
1011
1017
1017
1017
1017
1017
1017
1018
1018
1018
1018
1018
1018
1019
1020
1021
