18
18
18
18
18
18
18
18
18
18
18
18
18
20
20
20
20
20
20
20
22
22
22
22
22
22
22
22
22
22
22
22
22
22
22
23
23
23
23
23
23
23
23
23
23
23
23
23
33
33
33
33
33
35
35
35
35
35
35
35
35
35
35
35
35
36
36
36
36
38
38
38
38
38
38
38
40
40
41
41
41
41
41
41
41
41
41
42
42
42
42
42
42
42
42
43
43
43
43
43
43
44
44
44
44
44
44
44
45
47
47
47
47
47
47
47
47
47
47
47
47
47
47
47
47
47
47
47
47
47
47
47
47
47
49
49
50
50
50
50
50
50
51
51
51
51
51
51
51
51
52
52
52
52
52
52
53
53
53
53
53
53
53
54
56
56
56
56
56
56
56
57
59
60
