17
17
17
17
17
17
17
17
17
17
17
19
19
19
19
19
19
19
20
20
20
20
20
20
20
21
21
21
21
21
21
21
32
32
32
32
36
36
36
36
36
36
36
36
36
36
44
44
44
44
44
44
44
44
44
44
44
44
44
44
45
45
45
45
45
45
45
45
45
46
51
51
52
52
52
52
52
52
52
53
53
53
53
53
53
53
54
54
54
54
54
54
54
55
55
55
55
55
55
55
56
56
56
56
56
56
56
57
57
57
57
57
57
57
58
58
58
58
58
58
58
59
59
59
59
59
59
59
60
75
75
75
75
75
75
75
75
75
75
75
75
75
75
75
75
75
76
76
76
77
77
77
78
78
78
78
78
78
78
78
78
78
79
79
79
79
79
79
79
79
79
79
79
79
79
80
80
80
80
80
80
80
80
80
80
80
80
80
80
80
80
80
81
82
82
83
83
83
83
83
83
83
83
83
83
83
83
83
83
83
83
84
85
85
85
86
99
99
99
99
99
99
99
99
99
99
99
99
99
99
99
99
100
100
100
100
100
100
100
100
100
100
101
113
113
113
113
113
113
113
113
113
113
113
113
114
114
114
114
114
114
114
114
115
128
128
128
128
128
128
128
128
128
128
128
128
128
128
128
128
129
129
129
129
129
129
129
129
129
129
129
129
129
129
130
130
130
130
130
130
130
130
130
130
130
130
131
131
131
131
131
131
131
132
132
133
133
133
133
133
133
133
133
133
133
134
135
135
135
135
135
135
135
137
138
139
139
139
139
139
139
139
139
139
139
140
148
148
148
148
148
148
148
148
148
149
149
149
149
149
149
149
149
149
150
150
150
150
150
150
150
150
150
150
151
151
151
151
151
151
151
151
151
152
152
152
152
152
152
152
152
152
152
153
153
153
153
153
153
153
153
153
153
153
153
153
153
153
153
153
154
154
154
154
154
154
154
155
156
156
156
156
156
156
156
156
156
156
156
156
156
156
157
157
157
157
157
157
157
158
158
158
158
158
158
158
159
160
160
161
161
161
161
161
161
161
161
161
161
161
161
161
161
161
161
161
162
163
163
163
163
163
163
163
163
164
165
165
165
166
167
168
