17
17
17
17
17
17
17
17
17
17
17
19
19
19
19
19
19
19
19
19
20
20
20
20
20
20
20
20
20
22
22
22
22
22
22
22
22
22
22
22
23
23
23
23
23
23
23
23
23
23
23
24
24
24
24
24
24
24
24
24
24
24
25
25
25
25
25
25
25
25
25
25
25
25
25
30
30
30
30
30
30
31
31
31
31
31
31
31
31
31
31
31
33
33
33
33
33
39
39
39
39
39
39
39
39
40
40
40
40
40
40
41
49
49
50
50
50
50
50
50
50
50
50
50
50
50
50
50
51
51
52
52
52
52
52
53
53
53
53
53
53
53
54
54
54
54
55
56
56
56
56
56
57
57
57
57
57
57
57
57
57
57
57
57
58
58
58
58
58
58
58
59
59
59
59
59
59
59
59
59
59
59
59
59
59
60
60
60
60
61
62
62
62
62
62
62
62
62
62
62
62
62
63
63
63
63
63
63
63
64
64
64
64
64
64
64
65
66
66
66
66
66
66
66
66
66
66
66
66
66
66
66
66
66
67
67
67
67
67
67
67
67
67
67
67
67
67
67
67
67
67
67
67
67
67
67
67
67
68
69
69
69
69
69
69
69
69
70
71
71
71
71
71
71
72
72
72
72
72
72
72
73
73
73
73
73
73
73
73
73
73
73
73
73
74
75
75
75
75
76
76
76
76
77
77
77
78
79
80
81
