17
17
17
17
17
17
17
17
17
17
17
17
17
19
19
19
19
19
19
19
20
20
20
20
20
20
20
21
21
21
21
21
21
21
23
23
23
23
23
23
23
23
23
23
23
24
24
24
24
24
24
24
24
24
24
24
24
24
25
25
25
25
25
25
25
25
25
25
25
25
25
26
26
26
26
26
26
26
26
26
26
26
26
26
26
26
27
27
27
27
27
27
27
27
27
27
27
27
27
27
27
33
33
33
33
33
33
33
34
34
34
34
34
41
41
41
41
41
41
41
41
41
41
41
41
42
42
42
42
42
42
42
42
42
43
51
51
51
51
51
51
51
51
51
51
51
51
51
51
51
51
52
52
52
52
52
52
52
52
52
52
52
52
52
53
53
53
53
53
53
54
56
56
57
57
57
57
57
57
57
57
57
58
58
58
58
58
58
58
58
58
58
58
58
58
58
58
58
58
58
58
58
58
58
58
58
59
61
61
62
62
62
62
62
62
63
63
63
64
66
66
67
67
67
67
67
67
68
68
68
69
78
78
78
78
78
78
78
78
78
78
78
78
79
79
79
79
79
80
80
80
80
80
80
80
80
80
80
81
81
81
81
81
81
81
81
81
81
83
83
83
83
83
83
83
84
84
84
84
84
84
84
84
84
84
84
85
87
87
87
87
87
87
87
88
88
88
88
88
88
88
88
88
88
88
88
88
89
91
91
91
91
91
91
91
92
92
92
92
92
92
92
92
92
92
92
93
95
95
95
95
95
95
95
96
96
96
96
96
96
96
96
96
96
96
96
96
97
99
99
99
99
99
99
99
100
100
100
100
100
100
100
100
100
100
100
100
100
101
103
103
103
103
103
103
103
104
104
104
104
104
104
104
104
104
104
104
104
104
105
107
107
107
107
107
107
107
107
107
107
107
108
108
108
108
108
108
108
108
108
108
108
108
108
108
109
110
110
110
110
110
110
110
111
111
111
111
111
111
111
111
111
111
111
112
113
113
113
113
113
113
113
114
114
114
114
114
114
114
114
114
114
114
115
116
116
116
116
116
116
116
116
117
125
125
125
125
125
125
125
125
125
125
125
125
125
126
126
126
126
126
126
126
126
126
127
127
127
127
127
127
127
127
127
127
128
128
128
128
128
128
128
128
128
128
129
129
129
130
131
132
132
132
133
141
141
141
141
141
141
141
141
141
141
141
141
141
142
142
142
142
142
142
142
142
142
143
143
143
143
143
143
143
143
143
144
144
144
144
144
144
144
144
144
144
144
145
146
146
146
146
146
146
146
146
146
147
147
147
147
147
147
147
147
147
147
147
147
147
147
147
147
147
147
148
148
148
149
150
151
151
151
152
160
160
160
160
160
160
160
160
160
160
160
161
161
161
161
161
161
161
162
162
162
162
162
162
162
162
162
162
162
162
162
163
165
165
165
165
165
165
165
166
166
166
166
166
166
166
166
166
166
166
166
166
167
169
169
169
170
170
170
170
170
170
170
170
170
170
170
171
171
171
171
171
171
171
171
171
171
171
171
171
171
171
171
171
171
171
171
172
173
173
173
173
173
173
173
173
173
173
173
173
175
175
175
175
175
175
175
175
175
175
175
176
176
176
176
176
176
176
176
176
176
177
177
177
178
179
179
179
179
179
179
179
179
179
179
179
180
180
180
180
180
180
180
180
180
180
181
181
181
182
183
183
183
183
183
183
184
185
185
186
186
186
186
186
186
186
186
186
186
186
187
187
187
187
187
187
187
187
187
188
188
188
188
188
188
188
188
188
189
190
190
190
190
190
190
190
190
190
190
190
190
190
190
190
190
190
191
192
192
192
192
192
193
195
196
