17
17
17
17
17
17
17
17
17
17
17
17
17
17
17
19
19
19
19
19
19
19
20
20
20
20
20
20
20
22
22
22
22
22
22
22
22
22
22
22
23
23
23
23
23
23
23
23
23
23
23
24
24
24
24
24
24
24
24
24
24
24
25
25
25
25
25
25
25
25
25
25
25
26
26
26
26
26
26
26
26
26
26
26
26
26
26
26
27
27
27
27
27
27
27
27
27
27
27
27
27
27
27
27
27
28
28
28
28
28
28
28
28
28
28
28
28
28
29
29
29
29
29
29
29
29
29
29
29
29
29
35
35
35
35
35
35
36
36
36
36
36
36
36
36
38
38
38
38
38
39
39
39
39
40
40
40
40
40
40
42
42
42
42
42
42
42
42
49
49
49
49
49
49
49
49
49
49
49
49
50
50
50
50
50
51
51
51
51
51
51
52
54
54
55
55
55
55
55
55
56
56
56
56
56
56
56
56
56
56
57
63
63
64
64
64
64
64
64
65
65
65
66
68
68
69
69
69
69
69
69
70
70
70
70
70
70
70
71
73
73
74
74
74
74
74
74
74
74
76
76
76
76
76
76
76
77
77
77
77
77
77
77
77
77
77
78
78
78
78
78
78
78
78
78
78
78
78
79
79
79
79
79
79
79
79
79
79
79
79
80
80
80
80
80
80
80
80
80
81
81
81
81
81
81
81
81
81
81
82
82
82
82
82
82
82
82
82
82
82
83
83
83
83
83
83
83
84
85
86
86
86
86
86
86
86
86
86
86
86
86
86
86
86
86
86
86
86
86
86
86
87
87
87
87
87
87
87
88
89
89
89
90
97
97
98
98
98
98
98
98
99
99
99
99
99
99
99
100
100
100
100
100
100
100
100
100
100
101
101
101
101
101
101
101
101
101
101
101
101
101
101
101
101
101
101
101
102
103
103
103
104
110
110
111
111
111
111
111
111
111
111
111
112
112
112
112
112
113
113
113
113
113
113
114
121
121
122
122
122
122
122
122
123
123
123
123
123
123
123
124
124
124
124
124
124
124
124
124
124
125
125
125
125
125
125
125
125
125
125
125
125
125
125
125
125
125
126
126
126
126
126
126
126
126
126
126
126
126
126
127
127
127
127
128
128
128
128
129
129
130
131
132
133
133
133
133
133
133
133
134
141
141
142
142
142
142
142
142
142
142
142
143
143
143
143
143
143
143
144
144
144
144
144
144
144
145
145
145
145
146
147
156
156
157
157
157
157
157
157
158
158
158
158
158
158
158
158
159
159
159
159
159
159
159
159
159
159
160
160
160
161
163
163
163
164
164
164
164
164
164
164
165
165
165
165
165
165
165
165
165
165
165
165
165
165
166
167
167
167
167
167
167
167
167
172
172
173
173
173
173
173
173
173
173
173
173
173
173
173
173
173
173
174
175
175
175
175
175
175
175
176
176
176
176
177
178
178
178
178
178
178
178
179
179
179
179
179
179
179
179
179
180
180
180
180
180
180
180
180
180
180
180
181
182
183
183
184
184
184
184
184
184
184
184
184
185
185
185
185
185
185
185
185
185
185
186
186
186
186
186
186
186
186
186
186
186
187
188
188
188
188
188
188
188
188
189
189
189
189
190
191
192
192
192
193
199
199
200
200
200
200
200
200
201
201
201
201
201
201
201
201
201
201
202
202
202
202
202
202
202
202
202
202
202
202
203
209
209
209
209
209
209
210
210
210
210
210
210
210
210
210
210
211
211
211
211
211
211
211
211
211
211
211
212
212
212
212
212
212
212
213
221
221
222
222
222
222
222
222
222
222
222
223
223
223
223
223
223
223
224
226
226
227
227
227
227
227
227
228
228
228
228
228
228
228
229
229
229
229
229
229
229
229
229
229
229
230
231
231
231
231
231
231
231
231
232
232
232
232
232
232
232
232
232
232
232
232
232
233
234
234
234
234
234
234
234
234
235
235
235
235
235
235
235
235
235
235
235
235
235
235
235
236
236
236
236
236
236
236
236
236
236
236
237
238
238
238
238
238
238
238
238
239
239
239
239
239
239
239
239
239
239
239
240
241
248
248
248
248
248
248
248
248
248
248
248
248
248
249
249
249
249
249
249
249
250
250
250
250
250
250
250
250
250
250
250
250
250
250
250
250
251
252
252
252
252
252
252
252
252
253
253
253
253
253
253
253
253
253
253
253
253
253
253
253
253
253
253
254
255
255
256
256
256
256
256
256
256
256
256
256
256
256
256
257
257
257
257
257
257
257
257
257
257
257
258
259
268
268
268
268
268
268
268
268
268
268
268
268
268
269
269
269
269
269
269
269
269
269
269
270
270
270
270
270
270
270
270
270
270
270
270
270
271
271
271
271
271
271
271
271
271
272
272
272
272
272
273
273
273
273
273
273
273
273
273
274
274
274
274
274
274
274
274
275
276
276
277
277
277
278
279
281
281
282
282
282
282
282
282
282
282
282
282
283
284
284
284
284
284
284
284
285
285
285
285
285
285
285
285
285
285
285
285
285
285
285
285
285
285
285
285
286
286
286
286
287
287
287
287
287
288
288
288
288
288
288
289
290
291
292
