17
17
17
17
17
17
17
17
17
17
17
17
17
19
19
19
19
19
19
19
19
19
19
19
20
20
20
20
20
20
20
20
20
20
20
20
20
21
21
21
21
21
21
21
21
21
21
21
21
21
22
22
22
22
22
22
22
22
22
22
22
22
22
23
23
23
23
23
23
23
23
23
23
23
23
23
23
23
24
24
24
24
24
24
24
24
24
24
24
24
24
24
24
25
25
25
25
25
25
25
25
25
25
25
25
25
25
25
26
26
26
26
26
26
26
26
26
26
26
26
26
26
26
27
27
27
27
27
27
27
27
27
27
27
27
27
27
27
28
28
28
28
28
28
28
28
28
28
28
28
28
28
28
29
29
29
29
29
29
29
29
29
29
29
29
29
29
29
30
30
30
30
30
30
30
30
30
30
30
30
30
30
30
31
31
31
31
31
31
31
31
31
31
31
31
31
31
31
32
32
32
32
32
32
32
32
32
32
32
32
32
32
32
33
33
33
33
33
33
33
33
33
33
33
33
33
33
33
34
34
34
34
34
34
34
34
34
34
34
34
34
34
34
35
35
35
35
35
35
35
35
35
35
35
35
35
35
35
39
39
39
39
39
39
39
41
41
41
41
41
41
42
42
42
42
42
42
43
43
43
43
49
49
49
49
49
49
49
49
49
50
50
50
50
50
50
51
57
57
57
57
57
57
57
57
58
58
58
59
61
61
61
61
61
61
62
62
62
62
62
62
62
63
63
63
63
63
63
63
63
63
63
63
63
63
63
63
63
63
64
64
64
64
64
64
64
64
64
64
64
64
65
65
65
66
67
68
69
69
69
70
78
78
78
78
78
78
78
79
79
79
79
79
79
80
80
80
80
81
81
81
81
82
82
82
82
82
82
82
82
82
83
83
83
83
83
83
83
83
83
83
83
83
83
83
83
83
83
84
84
84
84
84
84
84
84
84
84
84
84
85
85
85
85
86
86
87
88
89
90
90
90
91
100
100
100
100
100
100
100
100
101
101
101
101
101
101
101
101
101
101
101
101
101
102
102
102
102
102
102
102
102
102
103
103
103
103
103
103
103
103
103
103
104
104
104
105
106
106
106
106
106
106
106
106
106
106
106
106
106
106
107
107
107
107
107
107
107
107
107
108
108
108
109
110
110
110
110
110
110
110
110
110
110
111
112
112
112
112
112
112
112
112
112
112
112
113
113
113
113
113
113
113
113
113
113
113
113
114
114
114
114
114
114
114
114
114
115
115
115
115
115
115
115
115
115
115
116
116
116
117
118
118
118
118
118
118
118
118
118
118
118
118
118
118
119
119
119
120
121
121
121
121
121
121
121
121
121
121
122
123
123
123
124
131
131
131
131
131
131
131
131
131
131
132
132
132
132
132
132
132
132
132
132
132
132
132
133
133
133
133
133
134
134
134
134
134
134
134
134
134
134
134
134
134
134
134
134
134
135
135
135
135
135
135
135
135
135
135
136
136
136
136
136
136
136
136
136
136
136
137
137
137
137
138
138
138
138
138
138
139
139
139
140
141
142
142
142
142
142
142
142
142
142
142
142
142
142
143
143
143
144
145
145
146
146
146
146
146
146
147
147
147
148
149
149
149
149
150
151
152
153
153
153
154
162
162
162
162
162
162
162
162
163
163
163
163
163
163
163
163
163
164
164
164
164
164
164
164
165
167
167
167
167
167
167
167
168
168
168
168
168
168
168
168
168
168
168
168
169
169
169
169
169
170
170
171
171
172
172
172
173
174
174
174
174
174
174
175
197
197
197
197
197
197
197
197
198
198
198
198
198
198
198
198
198
198
198
198
198
198
199
199
199
199
199
199
199
199
199
201
201
201
201
201
201
201
202
202
202
203
205
205
205
205
205
205
205
205
205
205
205
205
205
205
205
205
206
206
206
206
206
206
206
206
206
206
206
206
207
207
207
208
209
209
209
209
209
209
209
209
209
209
209
210
210
210
210
210
210
210
210
210
211
211
211
211
211
211
211
211
211
211
211
211
212
212
212
212
212
212
212
212
212
215
215
215
216
217
217
217
217
217
217
217
218
218
218
218
218
219
219
220
220
220
220
220
221
221
222
222
222
223
224
225
226
226
226
227
235
235
235
235
235
235
235
235
236
236
236
236
236
236
236
236
236
236
236
236
237
246
246
246
246
247
247
247
248
248
248
249
249
249
249
250
250
250
250
250
251
251
251
251
251
251
251
251
252
253
253
253
253
253
253
253
253
253
254
254
254
255
256
256
256
256
256
256
256
256
256
256
256
256
256
256
256
257
257
258
258
259
259
260
260
260
260
260
260
260
260
260
261
261
261
261
261
261
261
261
261
261
262
262
262
262
262
262
262
262
262
262
262
262
262
262
263
263
263
263
263
263
263
264
264
264
264
264
264
264
264
264
264
264
264
264
264
264
264
264
265
265
265
265
265
265
265
266
266
266
266
266
266
266
266
266
266
266
266
266
266
266
266
267
268
268
268
268
268
268
268
268
268
268
268
268
268
269
270
271
272
272
272
273
283
283
283
283
284
284
284
285
285
285
286
286
286
286
287
287
287
287
287
287
287
288
288
288
288
288
288
288
288
288
288
288
288
288
288
289
289
289
289
289
289
289
289
289
290
290
290
290
290
290
290
291
291
291
291
291
291
291
291
292
292
292
292
292
292
293
293
293
293
293
293
293
293
293
293
294
295
297
297
297
297
297
298
298
298
298
298
299
299
299
299
299
299
299
299
299
299
299
300
300
300
300
300
301
301
301
301
301
301
301
301
301
301
301
302
302
302
302
302
303
303
303
303
303
303
303
303
303
304
304
304
304
304
305
305
305
305
305
305
305
305
305
305
305
305
305
306
306
306
306
306
307
307
307
307
307
307
307
307
307
307
307
308
308
308
308
308
309
309
309
309
309
309
309
309
309
309
309
310
310
310
310
310
311
311
311
311
311
311
311
311
311
311
311
312
312
312
312
312
313
313
313
313
313
313
313
313
313
313
313
313
313
314
314
314
314
314
315
315
315
315
315
315
315
315
315
316
316
316
316
316
317
317
317
317
317
317
317
317
317
318
318
318
318
318
319
319
319
319
319
319
319
319
319
319
319
320
320
320
320
320
321
321
321
321
321
321
321
321
321
321
321
321
321
322
322
322
322
322
323
323
323
323
323
323
323
323
323
324
324
325
325
325
326
327
328
329
