18
18
18
18
18
18
18
18
18
20
20
20
20
20
20
20
21
21
21
21
21
21
21
22
22
22
22
22
22
22
23
23
23
23
23
23
23
30
30
30
30
30
30
46
46
46
46
46
46
49
49
49
49
49
49
52
52
52
52
60
60
60
60
60
61
69
69
69
69
69
69
70
70
70
70
70
70
70
70
70
71
95
95
95
95
95
95
95
95
95
96
96
96
96
96
96
97
97
97
98
115
115
115
115
115
115
115
115
115
116
116
116
116
116
116
117
117
117
118
119
128
128
128
128
128
128
128
129
129
129
129
129
129
130
133
133
133
133
136
136
136
136
142
142
142
142
145
145
145
145
148
148
148
148
151
151
151
151
154
154
154
154
157
157
157
157
157
161
161
161
161
161
182
182
182
182
182
183
183
183
183
183
183
184
184
184
184
184
184
185
208
208
208
208
208
208
208
208
209
209
209
209
209
209
210
210
210
210
210
210
211
220
220
220
220
220
220
220
221
221
221
221
221
222
222
222
222
222
222
223
223
223
223
223
223
224
229
229
229
229
229
229
229
229
230
230
230
230
230
230
230
230
230
230
230
230
230
231
231
231
231
231
231
231
232
233
240
240
240
240
240
240
240
240
242
242
242
242
242
242
242
242
242
242
243
243
243
243
243
243
243
244
245
252
252
252
252
252
252
252
252
252
253
253
253
253
253
253
253
253
253
253
253
255
255
255
256
256
256
256
256
257
257
257
257
257
257
257
257
257
257
257
257
257
257
257
257
257
257
257
257
258
258
258
258
258
258
258
258
258
258
258
258
258
259
259
259
259
259
259
259
259
259
259
260
260
260
260
261
261
262
263
265
265
265
266
274
274
274
274
274
274
274
274
274
274
274
274
275
275
275
275
275
276
276
276
276
276
276
276
276
277
278
278
278
278
278
278
278
278
278
278
278
278
278
278
278
279
279
279
279
279
279
279
279
279
279
280
280
280
280
280
280
280
280
280
280
280
281
281
281
281
281
281
281
281
281
281
281
282
284
284
284
285
307
307
307
307
307
307
307
307
307
307
307
308
308
308
308
308
308
308
308
308
308
308
308
308
308
308
308
308
308
308
309
309
309
309
309
309
309
309
309
309
309
309
309
309
309
309
311
311
311
311
311
311
311
311
311
311
311
312
312
312
312
312
312
312
312
312
312
312
312
312
312
312
312
312
312
313
313
314
315
315
315
315
315
315
315
315
315
315
317
317
317
317
317
317
317
317
317
317
317
317
317
317
317
317
317
319
319
319
319
319
319
319
319
319
319
319
319
319
319
319
319
319
320
320
321
322
323
332
332
332
332
332
332
332
332
332
332
332
333
333
333
333
333
333
333
333
333
333
333
333
333
334
334
334
334
334
335
335
335
336
336
336
336
336
337
338
347
347
347
347
347
347
347
347
347
347
347
348
348
348
348
348
348
348
348
348
348
348
350
350
350
350
350
350
350
350
350
350
350
350
350
352
352
352
352
352
352
352
352
352
352
352
352
352
354
354
354
354
354
354
354
354
354
354
354
354
355
355
355
355
355
355
355
355
355
356
356
356
356
356
357
357
357
357
357
357
357
357
357
357
357
357
357
357
357
357
357
357
357
357
357
358
358
358
358
358
358
358
358
358
359
359
359
360
360
360
360
360
360
360
360
360
360
360
360
360
360
360
360
360
360
360
360
361
361
361
361
361
361
361
361
361
361
361
363
363
363
363
363
363
363
363
363
364
364
364
364
364
365
365
365
365
365
365
365
365
365
365
366
366
366
366
367
367
367
368
368
368
368
368
369
370
371
380
380
380
380
380
380
380
380
380
380
380
381
381
381
381
381
381
381
381
381
381
381
381
382
382
382
382
382
382
382
382
382
383
383
383
383
383
384
384
384
384
384
384
384
384
384
384
384
384
384
384
384
384
384
384
384
384
384
385
385
385
385
385
385
385
385
385
386
386
386
387
387
387
387
387
387
387
387
387
387
387
387
387
387
387
387
387
387
387
387
388
388
388
388
388
388
388
388
388
388
389
390
392
392
392
392
392
392
392
392
392
392
394
394
394
394
396
396
396
396
396
396
396
396
396
396
396
398
398
398
398
398
400
400
400
400
400
400
400
402
402
402
402
402
402
402
402
402
403
403
403
403
404
404
404
405
405
405
405
406
407
414
414
414
414
414
414
414
414
414
414
414
415
415
415
415
415
415
415
416
416
417
419
419
419
419
419
419
419
419
419
419
419
419
419
419
419
419
419
419
419
419
419
419
419
420
420
420
420
420
420
420
420
420
420
420
420
420
420
422
422
422
422
422
422
422
422
422
422
422
423
423
423
423
423
423
423
424
424
424
424
424
424
424
424
424
425
428
428
428
428
428
428
428
428
428
428
428
429
429
429
429
429
429
429
429
429
429
429
429
429
429
429
429
431
431
431
431
431
431
431
431
431
431
431
431
431
431
433
433
433
433
433
433
433
433
433
433
433
435
435
435
435
435
435
435
435
435
436
436
436
436
436
436
436
436
436
436
436
436
436
436
436
436
436
436
436
436
436
437
437
437
437
437
437
437
437
437
437
438
439
439
439
439
439
439
439
439
439
439
439
439
439
439
439
439
439
439
439
439
439
439
439
439
439
439
439
439
439
441
441
442
444
444
444
444
444
445
445
445
445
446
447
448
459
459
459
459
459
459
459
459
459
459
459
460
460
460
460
460
460
460
460
460
460
460
462
462
462
462
462
462
462
462
462
462
462
464
464
464
464
464
464
464
464
464
464
464
466
466
466
466
466
466
466
466
466
466
467
467
467
467
467
467
467
467
467
467
468
468
468
469
469
469
469
469
470
471
471
471
471
471
471
471
471
471
471
473
473
473
473
473
473
473
473
473
473
474
474
474
474
474
474
474
474
474
474
475
475
475
475
475
475
475
475
475
475
475
475
475
475
475
477
477
477
477
477
478
478
478
480
480
480
480
480
480
480
480
480
482
482
482
482
482
482
482
482
482
482
482
482
482
482
482
482
482
482
483
483
483
483
483
483
483
483
483
483
484
484
484
484
484
484
484
484
484
484
484
484
484
484
484
484
484
484
484
485
485
485
485
486
486
486
486
486
486
486
486
486
486
488
488
488
488
488
488
488
488
488
488
488
488
488
488
488
488
488
489
489
489
489
489
489
489
489
489
489
489
489
489
489
489
490
490
490
490
491
491
491
493
493
493
493
493
494
495
496
496
496
498
498
498
498
498
498
498
498
498
498
498
498
498
499
499
499
499
499
499
499
499
499
499
499
499
499
501
501
501
501
501
501
501
501
501
501
501
503
503
503
503
503
503
503
503
503
503
503
504
504
504
504
504
504
504
504
504
504
504
504
504
505
505
505
505
505
506
506
506
506
506
506
506
507
507
507
507
508
508
508
509
509
509
509
509
510
511
511
511
511
511
511
511
511
511
511
513
513
513
513
513
513
513
513
513
513
513
513
513
513
513
513
513
514
514
514
514
514
514
514
514
514
514
514
514
515
515
515
515
515
515
515
516
516
516
516
517
517
517
519
519
519
519
519
520
521
522
530
530
530
530
530
530
530
530
530
530
530
531
531
531
531
533
533
533
533
533
534
534
534
534
534
534
534
535
535
535
535
535
535
535
535
535
535
535
535
536
536
536
536
537
537
537
537
537
537
537
537
537
537
537
537
537
537
537
537
537
537
537
537
538
538
538
538
538
538
538
538
538
538
539
539
539
539
539
539
539
539
539
539
539
539
540
540
540
540
540
541
541
541
541
541
541
541
541
541
541
541
541
541
541
541
541
541
541
541
541
542
542
542
542
542
543
543
543
544
544
544
544
544
545
547
547
547
547
547
547
547
547
547
547
547
547
547
547
548
548
548
548
549
550
559
559
559
559
559
559
559
559
559
559
559
560
560
560
560
560
560
560
560
560
560
560
560
560
560
560
560
560
560
560
560
560
561
561
561
561
561
561
561
561
561
561
561
562
564
564
564
564
564
564
564
565
565
565
565
565
566
566
566
566
567
568
575
575
575
575
575
575
575
575
575
576
576
576
576
576
576
576
576
576
576
576
576
577
582
582
582
582
582
582
582
582
582
583
583
583
583
583
583
583
583
583
583
583
583
583
583
583
583
583
583
583
583
583
584
584
584
584
584
584
584
584
584
584
584
586
586
586
586
586
586
586
586
586
586
586
586
586
586
586
586
586
586
586
586
586
586
586
586
586
587
594
594
594
594
594
594
594
594
594
595
595
595
595
595
595
595
595
595
595
595
595
595
595
595
595
595
595
595
595
595
595
595
596
596
596
597
599
599
599
599
599
599
599
599
599
599
599
600
600
600
600
600
600
600
600
600
600
600
600
600
600
600
600
600
600
600
600
602
602
602
602
602
602
602
602
602
602
602
602
602
604
604
604
605
606
606
606
606
606
606
606
606
606
606
606
606
606
606
606
606
606
606
608
608
608
609
611
611
611
612
619
619
619
619
619
619
619
619
619
620
620
621
621
621
621
621
621
621
622
622
622
623
623
623
623
623
623
623
623
624
624
624
625
626
633
633
633
633
633
633
633
633
633
634
634
634
634
634
634
634
634
634
634
634
635
642
642
642
642
642
642
642
642
642
644
644
644
644
644
644
644
644
644
644
644
644
644
644
644
644
644
644
644
644
644
644
644
645
645
645
646
649
649
649
649
649
649
649
649
649
649
649
650
650
650
650
650
650
650
650
650
650
650
650
650
650
650
650
650
650
650
650
650
650
650
650
650
651
651
651
651
651
651
651
651
651
651
652
652
652
653
655
655
655
655
655
655
655
655
655
655
655
655
655
655
655
655
655
655
655
655
655
655
655
655
655
656
658
658
659
659
659
659
659
659
659
659
659
659
659
659
659
659
659
659
659
660
660
660
660
660
660
660
660
660
660
661
663
663
664
664
664
664
664
664
664
664
664
664
664
664
664
664
664
664
664
664
664
664
664
665
665
665
665
665
665
665
665
665
665
665
665
666
678
678
678
678
678
678
678
678
678
678
678
678
678
678
678
678
678
678
678
678
678
679
679
679
679
679
679
679
679
679
679
679
679
680
695
695
695
695
695
695
695
695
695
695
695
695
695
695
695
695
695
695
695
695
695
695
696
696
696
697
697
697
697
697
697
698
698
698
698
698
698
699
699
699
699
700
700
700
700
701
701
701
701
701
701
701
701
701
701
701
701
701
701
704
704
704
704
704
704
704
704
704
704
704
704
704
705
705
705
705
705
705
705
706
708
708
708
708
708
708
708
710
710
710
710
710
710
710
711
711
711
711
711
711
711
711
711
712
712
712
712
712
713
714
717
717
717
717
720
720
720
720
720
722
722
722
722
724
724
724
725
734
734
734
734
734
734
734
734
734
735
735
735
735
735
735
735
735
735
736
736
736
736
736
736
736
736
737
738
738
738
739
748
748
748
748
748
748
748
748
748
749
749
749
749
749
749
749
749
749
750
750
750
750
750
750
750
750
751
752
752
752
753
760
760
760
760
760
760
760
760
760
760
760
761
761
761
761
761
761
761
761
761
762
762
762
762
762
762
762
762
762
762
762
763
766
766
766
766
766
766
766
766
766
766
766
766
767
767
767
767
767
767
767
767
767
767
767
769
769
769
769
769
769
769
769
769
770
770
770
770
770
770
770
771
773
773
773
773
773
773
773
774
775
776
777
