18
18
18
18
18
18
18
18
18
18
18
20
20
20
20
20
20
20
25
25
25
25
25
25
30
30
30
30
32
32
34
34
36
36
38
38
40
40
42
42
44
44
46
46
48
48
50
51
56
56
56
56
58
58
60
60
64
64
68
68
72
72
76
76
78
78
80
80
82
82
86
86
92
92
94
94
98
98
102
102
104
104
108
108
112
112
114
114
116
116
118
118
122
122
126
126
130
130
134
134
138
138
142
142
146
146
150
150
154
154
156
156
158
158
160
160
162
162
164
164
166
167
174
174
174
174
176
176
178
178
180
180
182
182
184
185
187
187
187
187
187
187
187
187
189
189
189
189
189
189
189
189
203
203
204
204
204
204
204
204
204
204
204
204
204
205
205
205
205
205
205
205
205
205
205
206
220
220
221
221
221
221
221
221
221
221
221
221
221
221
221
221
221
221
221
221
221
222
222
222
222
222
223
223
223
223
223
223
223
224
224
224
224
224
224
225
226
226
226
226
226
226
226
227
227
227
227
227
227
227
227
227
227
227
227
228
228
228
228
228
228
229
229
229
230
230
230
230
230
230
230
230
231
232
233
233
233
233
233
233
233
233
233
233
234
247
247
247
247
247
247
247
247
247
247
247
247
247
247
247
247
247
247
247
247
247
247
247
248
248
248
248
248
248
248
248
248
248
248
248
248
249
249
249
249
249
249
249
250
250
250
250
250
250
250
250
250
250
250
250
251
252
252
252
252
252
252
252
253
253
253
253
253
253
253
254
254
254
254
254
254
254
254
254
254
254
254
255
255
255
255
255
255
255
256
256
256
257
257
257
257
257
257
257
257
257
257
257
257
257
257
257
257
257
258
259
260
260
260
260
260
260
260
262
262
262
262
262
262
262
262
262
262
262
262
262
262
262
262
262
263
263
263
263
263
263
263
264
264
264
264
264
264
264
264
264
264
264
264
264
264
265
266
266
266
266
266
266
266
266
266
266
266
266
266
266
266
266
266
266
266
266
266
266
266
266
266
266
267
267
267
267
267
267
267
267
267
267
267
267
267
267
267
267
267
268
268
268
268
268
268
268
269
269
269
269
269
269
269
269
269
269
269
270
278
278
278
278
278
278
278
278
279
279
279
279
279
279
279
279
280
288
288
288
288
288
288
288
288
289
289
289
289
289
289
289
289
290
298
298
298
298
298
298
298
298
299
299
299
299
299
299
299
299
300
310
310
310
310
310
310
310
310
310
310
310
310
310
310
310
311
311
311
311
311
311
311
311
311
311
311
311
311
311
311
311
311
312
321
321
321
321
321
321
321
321
321
321
321
322
322
322
322
322
322
322
322
322
322
322
322
322
323
332
332
332
332
332
332
332
332
332
332
332
333
333
333
333
333
333
333
333
333
333
333
333
333
334
343
343
343
343
343
343
343
343
343
343
343
344
344
344
344
344
344
344
344
344
344
344
344
344
345
353
353
353
353
353
353
353
353
354
354
354
354
354
354
354
354
355
368
368
368
368
368
368
368
368
368
368
368
368
368
368
368
369
369
369
369
369
369
369
369
369
369
369
369
369
369
370
381
381
381
381
381
381
381
381
381
381
381
381
381
381
381
382
382
382
382
382
382
382
382
382
382
382
382
382
382
382
382
382
382
382
382
383
395
395
395
395
395
395
395
395
395
395
395
395
395
395
395
396
396
396
396
396
396
396
396
396
396
396
396
396
397
397
397
398
400
400
400
400
400
400
400
400
400
400
400
400
400
400
400
400
400
401
401
401
402
404
404
404
404
404
404
404
404
404
406
406
406
407
418
418
418
418
418
418
418
418
419
419
419
419
419
419
419
419
420
430
430
430
430
430
430
430
430
430
430
430
430
430
430
430
431
431
431
431
431
431
431
431
431
431
431
431
431
431
431
431
431
431
431
431
432
440
440
440
440
440
440
440
440
441
441
441
441
441
441
441
441
442
452
452
452
452
452
452
452
452
452
452
452
452
452
452
452
453
453
453
453
453
453
453
453
453
453
453
453
453
453
453
453
453
453
453
453
454
463
463
463
463
463
463
463
463
463
463
463
464
464
464
464
464
464
464
464
465
475
475
475
475
475
475
475
475
475
475
475
475
475
475
475
476
476
476
476
476
477
477
477
477
477
477
477
478
478
478
478
478
478
479
480
480
480
480
481
481
481
481
481
481
481
481
481
481
482
491
491
491
491
491
491
491
491
491
491
491
492
492
492
492
492
492
492
492
492
492
492
492
492
493
503
503
503
503
503
503
503
503
503
503
503
503
503
503
503
503
503
504
504
504
504
504
504
504
504
504
504
504
504
504
505
505
505
505
505
505
505
506
508
508
508
508
508
508
508
508
508
509
509
509
509
509
509
509
509
509
509
511
511
511
511
511
511
511
512
512
512
512
512
512
512
512
512
512
512
512
512
512
512
512
512
513
513
513
513
513
513
513
514
514
514
514
514
514
514
515
516
516
516
516
516
516
516
516
516
516
517
518
518
518
518
518
518
518
520
520
520
520
520
520
520
520
520
520
520
520
520
520
521
532
532
532
532
532
532
532
532
532
532
532
532
532
532
532
532
532
532
532
533
533
533
533
533
533
533
533
533
533
533
533
533
533
533
533
533
533
534
543
543
543
543
543
543
543
543
543
543
543
544
544
544
544
544
544
544
544
544
544
544
544
544
545
555
555
555
555
555
555
555
555
555
555
555
555
555
555
555
556
556
556
556
556
556
556
556
556
556
556
556
556
556
557
566
566
566
566
566
566
566
566
566
566
566
567
567
567
567
567
567
567
567
567
567
567
567
567
568
570
572
