18
18
18
18
18
18
18
18
18
18
18
20
20
20
20
20
20
20
40
40
40
40
40
41
41
41
41
41
41
41
42
42
42
42
43
43
43
43
44
44
44
44
44
53
53
53
53
53
53
53
53
53
53
53
53
54
54
54
55
55
55
56
56
56
56
58
58
58
58
58
58
59
59
59
59
59
59
60
60
60
60
60
60
62
62
62
62
62
62
62
65
65
65
65
65
65
65
65
65
65
65
66
66
66
66
66
66
66
66
66
67
67
67
67
67
67
67
67
69
69
69
69
69
69
69
70
70
70
70
70
70
70
70
70
70
70
70
70
70
71
71
71
72
72
72
72
72
72
72
73
76
76
76
76
76
76
76
76
76
76
76
76
76
77
77
77
77
77
77
77
77
77
78
78
78
78
78
78
78
78
80
80
80
80
80
80
80
81
81
81
81
81
81
81
82
82
82
82
82
82
82
83
83
83
83
83
83
83
83
83
84
84
84
84
84
84
84
85
85
85
86
86
86
86
86
86
86
87
90
90
90
90
90
90
90
90
90
90
90
91
91
91
91
91
91
91
91
91
92
92
92
92
92
92
92
92
94
94
94
94
94
94
94
95
95
95
95
95
95
95
96
96
96
96
96
96
96
97
97
97
97
97
97
97
97
97
98
98
98
98
98
98
98
99
99
99
100
100
100
100
100
100
100
101
103
103
103
103
103
103
103
103
103
103
105
105
105
105
105
105
105
108
108
108
108
108
108
108
108
108
108
108
109
109
109
109
109
109
109
109
109
110
110
110
110
110
110
110
110
112
112
112
112
112
112
112
113
113
113
113
113
113
113
114
114
114
114
114
114
114
115
115
115
115
115
115
115
115
115
116
116
116
116
116
116
116
117
117
117
118
118
118
118
118
118
118
119
122
122
122
122
122
122
122
122
122
122
122
123
123
123
123
123
123
123
123
123
124
124
124
124
124
124
124
124
126
126
126
126
126
126
126
127
127
127
127
127
127
127
128
128
128
128
128
128
128
129
129
129
129
129
129
129
129
129
130
130
130
130
130
130
130
131
131
131
132
132
132
132
132
132
132
133
136
136
136
136
136
136
136
136
136
136
136
137
137
137
137
137
137
137
137
137
138
138
138
138
138
138
138
138
140
140
140
140
140
140
140
141
141
141
141
141
141
141
142
142
142
142
142
142
142
143
143
143
143
143
143
143
143
143
144
144
144
144
144
144
144
145
145
145
146
146
146
146
146
146
146
147
149
149
149
149
149
149
149
149
149
149
150
160
160
160
160
160
160
160
160
160
161
161
161
161
161
161
161
162
162
162
162
162
162
162
163
163
163
164
164
164
164
164
164
164
165
166
166
166
166
166
166
166
167
177
177
177
177
177
177
177
177
177
178
178
178
178
178
178
178
179
179
179
179
179
179
179
180
180
180
181
181
181
181
181
181
181
182
183
183
183
183
183
183
183
184
192
192
192
192
192
192
193
193
193
194
202
202
202
202
202
202
203
203
203
203
203
203
203
203
203
203
203
203
203
204
212
212
212
212
212
212
213
213
213
213
213
213
213
213
213
213
213
213
213
214
222
222
222
222
222
222
223
223
223
224
232
232
232
232
232
232
233
233
233
234
251
251
251
251
251
251
251
251
251
252
252
252
252
252
252
252
253
254
255
