18
18
18
18
18
18
18
18
18
18
18
20
20
20
20
20
20
20
21
21
21
21
21
21
21
22
22
22
22
22
22
22
23
23
23
23
23
23
23
25
25
25
25
25
25
25
25
25
25
25
38
38
38
38
38
38
38
40
40
40
40
40
40
40
40
45
45
45
45
45
45
45
45
47
47
47
47
47
47
47
47
47
47
47
47
47
48
48
48
48
48
48
48
48
48
48
48
48
48
57
57
57
57
57
57
57
57
57
57
57
58
58
58
58
58
58
58
58
58
58
58
58
58
58
58
58
58
58
59
69
69
69
69
69
69
69
69
69
69
69
69
69
69
69
70
70
70
70
70
70
70
70
70
70
70
70
70
70
70
70
70
70
71
80
80
80
80
80
80
80
80
80
80
80
81
81
81
81
81
81
81
81
82
93
93
93
93
93
93
93
93
93
93
93
93
93
93
93
94
94
94
95
95
95
95
96
96
96
96
98
98
98
98
98
98
98
98
98
98
98
98
98
98
98
98
99
99
99
99
99
99
99
99
99
99
99
99
101
101
101
101
101
101
101
102
102
102
102
102
102
102
104
104
104
104
105
105
105
105
105
105
105
105
105
105
105
105
105
105
105
105
105
105
105
105
106
106
106
106
106
106
106
106
106
106
106
106
106
106
106
106
106
106
106
106
107
107
107
107
107
107
107
107
107
107
107
107
107
107
107
107
107
107
107
107
108
108
108
108
108
108
108
108
108
108
108
108
108
108
108
110
110
110
111
113
114
