17
17
17
17
17
17
17
17
17
19
19
19
19
19
19
19
20
20
20
20
20
20
20
21
21
21
21
21
21
21
21
21
22
22
22
22
22
22
22
22
22
23
23
23
23
23
23
23
23
23
23
23
25
25
25
25
25
25
25
25
25
25
25
30
30
30
30
30
30
30
30
30
30
30
30
30
30
31
32
32
32
32
32
32
34
34
34
34
34
34
35
35
35
35
35
35
36
36
36
36
36
38
38
38
38
38
38
38
38
38
39
39
39
39
39
39
39
39
39
41
41
41
41
41
43
43
43
43
44
44
44
44
46
46
47
47
47
47
47
47
47
47
47
47
47
47
47
47
47
47
47
47
49
49
49
49
49
49
49
49
49
49
49
49
49
49
49
49
49
49
49
49
49
49
49
49
49
51
51
51
51
51
51
52
54
54
54
54
55
56
56
56
56
56
57
59
59
59
59
59
59
60
61
61
61
61
61
61
62
62
62
62
62
62
62
62
62
62
62
62
63
63
63
63
63
63
63
63
63
63
63
63
64
64
64
64
64
64
64
65
70
70
71
71
71
71
71
72
73
73
74
74
74
74
74
74
76
76
76
76
76
77
77
77
77
77
77
77
77
77
77
77
77
77
77
77
77
77
77
77
77
77
78
78
78
78
78
78
78
78
78
78
78
78
78
78
78
78
78
78
78
79
80
81
81
81
81
81
81
83
83
83
83
83
83
83
84
85
88
88
89
89
89
89
89
90
91
91
91
91
91
91
91
91
92
92
92
93
96
96
97
97
97
97
97
98
99
99
99
99
99
99
99
99
99
99
100
103
103
104
104
104
104
104
105
106
106
106
106
107
107
107
107
107
107
107
107
107
107
107
107
108
108
108
108
108
108
108
108
109
109
109
109
109
109
109
109
110
110
110
110
110
110
110
110
110
110
110
110
110
110
110
111
111
111
111
111
111
111
111
111
111
111
112
112
112
112
112
112
112
112
112
112
112
112
112
112
112
112
112
113
114
115
116
