6
6
6
6
6
6
6
6
6
6
6
8
8
8
8
8
8
8
9
9
9
9
9
9
9
10
10
10
10
10
10
10
11
11
11
11
11
11
11
11
11
12
12
12
12
12
12
12
12
12
13
13
13
13
13
13
13
14
14
14
14
14
14
14
15
15
15
15
15
15
15
17
17
17
17
17
17
17
17
17
17
17
18
18
18
18
18
18
18
18
18
18
18
20
20
20
20
20
20
20
21
22
22
22
22
24
24
24
24
24
24
24
26
26
26
26
26
26
26
26
27
28
28
28
28
30
30
30
30
30
30
30
30
30
30
30
30
30
32
32
32
32
32
32
32
32
32
32
32
32
32
33
34
34
34
34
34
34
34
34
34
35
37
37
37
37
37
37
37
37
38
40
40
41
41
41
41
41
41
41
41
41
41
41
41
41
41
41
41
41
41
41
41
41
41
42
42
43
44
44
44
44
44
44
44
44
44
44
44
44
44
46
46
46
46
46
46
46
46
46
46
46
48
48
48
48
48
48
48
48
48
48
48
48
48
51
51
51
51
51
51
51
51
51
51
51
51
51
51
51
51
51
51
51
51
51
51
51
51
51
53
53
53
53
53
53
53
55
55
55
55
55
55
55
55
55
55
56
57
57
57
57
57
57
57
59
59
59
59
59
59
59
59
59
59
60
62
62
62
62
62
62
62
63
64
64
64
64
64
64
64
64
64
64
64
65
67
67
67
67
67
67
67
67
68
69
70
