6
6
6
6
6
6
6
6
6
6
6
8
8
8
8
8
8
8
8
8
8
8
8
8
8
9
9
9
9
9
9
9
9
9
9
9
9
9
9
11
11
11
12
13
13
13
13
13
13
13
13
14
15
15
15
15
15
15
15
15
17
17
17
17
17
17
17
17
17
17
19
19
19
19
19
19
19
20
21
21
21
21
21
21
21
21
21
21
23
23
23
23
23
23
23
23
23
23
23
24
25
25
25
25
25
25
25
25
25
25
25
25
25
25
27
27
27
27
27
27
27
29
29
29
29
29
29
29
29
29
29
29
29
29
29
29
30
31
33
33
33
33
33
33
33
33
33
33
33
33
35
35
35
35
35
37
37
37
37
37
37
37
37
37
39
39
39
41
41
41
41
41
41
41
41
41
43
43
43
43
43
43
43
44
44
44
44
44
44
44
46
46
46
46
46
46
46
46
46
46
46
46
46
46
46
46
47
48
48
48
48
48
48
48
48
48
48
48
48
49
50
50
50
50
50
50
50
50
50
50
50
50
50
50
50
52
52
52
52
52
52
52
52
53
54
54
54
54
54
54
54
54
54
54
54
54
54
54
54
55
56
57
58
59
59
59
59
59
59
59
59
59
59
60
61
63
63
63
64
66
66
66
66
66
66
66
66
67
68
68
68
68
68
68
68
68
68
68
68
68
68
68
68
68
68
69
70
70
