6
6
6
6
6
6
6
6
6
6
6
8
8
8
8
8
8
8
8
8
8
8
8
8
8
9
9
9
9
9
9
9
9
9
9
9
9
9
9
11
11
11
11
11
11
11
12
12
12
12
12
12
12
13
13
13
13
13
13
13
14
14
14
14
14
14
14
15
15
15
15
15
15
15
16
16
16
16
16
16
16
17
17
17
17
17
17
17
18
18
18
18
18
18
18
19
19
19
19
19
19
19
21
21
21
21
21
21
21
21
21
21
21
22
22
22
22
22
22
22
22
22
22
22
22
22
23
23
23
23
23
23
23
23
23
23
23
23
23
24
24
24
24
24
24
24
24
24
24
24
24
24
25
25
25
25
25
25
25
25
25
25
25
25
25
27
27
27
27
27
28
29
29
29
29
29
29
29
29
29
29
29
29
29
29
29
29
31
31
31
31
31
31
31
31
31
31
31
31
31
31
33
33
33
33
33
33
35
35
35
35
35
35
36
37
37
37
37
37
37
38
40
40
40
40
40
41
42
42
42
42
42
42
42
42
42
44
44
44
44
44
44
44
44
44
44
46
46
46
46
46
46
47
48
48
48
48
48
48
48
48
48
49
50
51
52
52
52
52
52
52
52
52
52
52
52
53
54
56
56
56
56
56
56
56
56
56
56
57
58
58
58
59
61
61
61
61
61
61
61
61
61
61
61
61
61
61
61
62
63
63
63
63
63
63
63
63
63
63
63
63
63
63
63
63
63
63
63
63
63
63
63
63
63
65
65
65
65
65
65
65
65
65
65
65
65
65
65
65
65
65
65
65
65
66
67
67
68
68
68
68
68
68
68
68
68
68
68
68
68
68
68
68
68
68
68
68
68
68
68
68
69
70
70
70
70
70
70
70
70
70
70
70
70
70
70
70
70
71
72
72
72
74
74
74
75
77
77
77
77
77
78
79
79
79
79
79
79
80
82
82
83
83
83
83
83
83
83
83
83
83
84
85
85
85
85
87
87
87
87
87
87
87
87
87
87
87
87
89
89
89
89
89
89
89
89
89
89
89
89
89
89
89
89
89
89
90
91
91
91
91
91
91
91
92
93
95
95
95
95
95
95
95
95
95
95
95
95
95
96
97
97
97
97
97
98
98
98
98
98
100
100
100
100
100
100
100
100
100
100
100
100
100
102
102
102
102
102
102
102
102
102
102
103
104
104
104
104
104
104
104
104
104
104
105
106
106
107
108
108
108
108
108
108
108
108
108
108
110
110
110
110
110
110
110
110
110
112
112
112
112
112
112
112
114
114
114
114
114
114
114
114
114
128
128
128
128
129
130
130
130
131
131
131
132
132
132
133
133
133
134
134
134
135
135
135
136
136
136
136
137
137
139
139
139
140
140
140
140
141
141
143
143
143
144
144
144
145
145
145
146
146
146
146
147
147
149
149
149
150
150
150
151
151
151
151
151
151
151
151
151
151
151
151
151
151
151
151
151
151
151
151
151
151
151
153
153
153
153
153
153
153
153
153
153
154
155
155
155
155
155
155
155
155
155
156
157
157
159
159
160
160
160
161
161
162
164
164
164
164
164
164
164
166
166
166
166
167
168
168
168
168
168
168
168
168
168
168
169
170
170
170
170
171
173
173
173
173
174
174
175
176
176
176
176
176
177
178
178
178
178
179
179
180
181
181
181
181
181
181
181
181
181
181
181
182
183
183
183
183
184
184
184
184
185
185
186
187
188
190
190
190
190
190
190
190
190
190
190
190
190
190
191
192
192
192
192
192
192
194
194
194
194
194
194
194
194
194
194
194
194
194
194
194
194
194
194
195
196
196
196
196
196
196
196
196
196
196
198
198
198
198
198
198
198
198
198
198
199
200
200
200
200
201
201
202
203
205
205
205
206
208
208
209
209
209
209
209
210
211
211
211
211
211
211
211
211
213
213
213
213
213
213
213
213
213
213
213
213
213
213
213
213
214
215
215
215
215
215
215
215
215
215
215
215
215
215
215
215
215
215
215
215
215
215
215
215
215
215
215
215
215
215
215
215
215
215
215
216
218
218
218
218
218
218
218
219
220
221
