17
17
17
17
17
17
17
17
17
17
17
17
17
17
17
19
19
19
19
19
19
19
21
21
21
21
21
21
21
21
21
21
21
22
22
22
22
22
22
22
22
22
22
22
22
22
23
23
23
23
23
23
23
23
23
23
23
23
23
24
24
24
24
24
24
24
24
24
24
24
24
24
24
24
25
25
25
25
25
25
25
25
25
25
25
25
25
25
25
26
26
26
26
26
26
26
26
26
26
26
26
26
26
26
27
27
27
27
27
27
27
27
27
27
27
27
27
27
27
28
28
28
28
28
28
28
28
28
28
28
28
28
28
28
29
29
29
29
29
29
29
29
29
29
29
29
29
35
35
35
35
35
35
35
36
36
36
36
36
36
36
36
38
38
38
38
38
38
38
38
38
38
38
40
40
40
40
40
40
42
42
43
43
43
43
43
43
43
43
43
43
43
43
44
44
44
44
44
45
45
45
45
45
45
45
46
46
46
46
46
46
46
46
46
46
47
48
48
48
48
48
48
48
49
49
49
49
49
49
49
49
49
50
50
50
50
50
50
50
50
50
50
51
51
51
51
51
51
51
51
52
52
52
52
52
52
52
52
52
52
53
53
53
53
53
53
53
53
53
53
53
53
54
55
55
55
56
57
57
57
57
57
57
57
57
57
57
57
57
57
57
57
57
57
57
57
58
58
58
58
58
58
58
58
58
58
58
58
59
68
68
68
68
68
68
68
68
68
68
68
68
69
69
69
69
69
70
70
70
70
70
70
70
70
70
70
70
70
70
71
73
73
74
74
74
74
74
74
74
74
74
75
75
75
75
75
75
75
75
75
76
83
83
83
83
83
83
83
83
83
83
83
83
84
84
84
84
84
84
84
85
91
91
91
91
91
91
91
91
92
92
92
92
92
93
95
95
96
96
96
96
96
96
96
96
96
97
97
97
97
97
97
97
97
97
98
98
98
98
98
98
98
99
99
99
99
100
101
103
103
104
104
104
104
104
104
105
105
105
105
105
105
105
106
106
106
106
106
106
106
106
106
106
106
106
106
106
107
107
107
107
107
107
107
107
107
107
107
107
108
109
109
109
110
112
112
113
113
113
113
113
113
113
121
121
121
121
121
121
121
121
121
122
122
122
122
122
122
122
122
122
122
123
130
130
131
131
131
131
131
131
131
131
131
132
132
132
132
132
132
133
133
133
133
133
133
133
134
134
134
134
134
134
134
134
134
135
135
135
135
135
135
135
136
137
137
138
138
138
138
138
138
138
139
139
139
139
140
141
141
141
141
142
143
143
143
143
144
144
144
144
144
145
146
147
147
148
148
148
148
149
149
149
150
151
157
157
158
158
158
158
158
158
159
159
159
159
159
159
160
160
160
160
160
160
160
161
161
161
161
161
161
162
163
163
164
164
164
164
165
166
166
166
166
167
168
174
174
174
174
174
174
174
182
182
182
182
182
182
183
183
183
184
186
186
187
187
187
187
187
187
187
187
188
188
188
188
188
189
189
189
189
189
189
189
189
189
189
189
189
189
189
189
189
189
189
189
189
189
189
189
189
189
189
189
190
190
190
190
190
190
190
190
190
190
190
190
190
190
190
190
190
190
190
191
192
193
