17
17
17
17
17
17
17
17
17
17
17
17
17
19
19
19
19
19
19
19
19
19
19
19
19
19
20
20
20
20
20
20
20
20
20
20
20
20
20
25
25
25
25
25
25
27
27
27
27
27
33
33
33
33
33
33
33
33
34
34
34
34
34
34
35
41
41
41
41
41
41
41
41
42
42
42
42
42
42
43
45
45
46
46
46
46
46
46
46
46
46
47
47
47
48
50
50
51
51
51
51
51
51
51
51
51
52
52
52
53
59
59
60
60
60
60
60
60
61
61
61
62
68
68
69
69
69
69
69
69
70
70
70
71
73
73
74
74
74
74
74
74
75
75
75
75
75
75
75
76
76
76
76
76
76
76
76
77
78
78
78
78
78
78
78
79
80
81
