1
1
1
1
1
1
1
1
1
1
1
1
1
3
3
3
3
3
3
3
4
4
4
4
4
4
4
5
5
5
5
5
5
5
6
6
6
6
6
6
6
7
7
7
7
7
7
7
9
9
9
9
9
9
9
9
9
10
10
10
10
10
10
10
10
10
11
11
11
11
11
11
11
11
11
13
13
13
13
13
13
13
13
13
13
13
14
14
14
14
14
14
14
14
14
14
14
14
14
15
15
15
15
15
15
15
15
15
15
15
15
15
16
16
16
16
16
16
16
16
16
16
16
16
16
17
17
17
17
17
17
17
17
17
17
17
17
17
18
18
18
18
18
18
18
18
18
18
18
18
18
20
20
20
20
20
20
20
20
20
20
20
20
20
21
21
21
21
21
21
21
21
21
21
21
21
21
22
22
22
22
22
22
22
22
22
22
22
22
22
23
23
23
23
23
23
23
23
23
23
23
23
23
23
23
24
24
24
24
24
24
24
24
24
24
24
24
24
24
24
30
30
30
31
31
32
37
37
37
37
37
37
37
37
45
45
45
45
45
45
45
45
45
46
47
47
47
47
47
47
47
48
48
48
48
48
48
48
49
49
49
49
49
49
49
50
55
55
55
55
55
56
69
69
69
69
69
84
84
84
84
84
100
102
102
102
102
103
103
103
103
109
109
109
109
109
109
110
111
111
111
111
111
112
112
112
112
112
112
112
112
112
112
113
113
113
113
113
113
113
113
113
114
114
114
114
114
114
114
114
115
116
117
117
117
118
120
120
120
120
120
120
120
121
121
121
121
122
122
122
122
122
122
122
122
122
122
122
123
125
125
125
125
125
125
125
125
125
125
125
125
126
126
126
126
126
126
126
126
126
126
126
126
127
127
127
127
127
127
127
127
127
127
127
127
127
127
127
127
127
127
127
127
127
127
128
142
142
142
142
142
142
155
155
155
155
157
157
157
157
165
165
165
165
165
170
170
170
170
170
177
177
177
177
189
189
189
189
191
191
191
191
191
197
197
197
197
199
199
199
199
201
201
201
201
211
211
211
211
223
223
223
223
223
223
231
231
231
231
231
231
243
243
243
243
243
243
247
247
247
247
248
248
248
248
252
252
252
252
260
260
260
260
260
260
260
260
260
260
260
260
261
261
261
261
261
261
261
261
261
262
262
263
264
264
264
264
264
265
265
265
265
266
266
266
266
267
267
267
267
267
267
267
267
268
268
268
268
269
269
269
269
269
269
269
269
269
269
269
269
269
270
270
270
270
270
270
270
270
270
270
270
270
270
271
271
271
271
271
273
273
273
273
274
274
275
275
275
275
275
275
275
275
276
276
276
276
276
276
276
277
277
277
277
277
277
277
277
277
278
278
279
283
283
283
283
283
283
283
283
283
284
284
284
284
284
284
285
285
285
286
286
286
286
286
287
287
287
287
287
290
290
290
290
290
290
291
291
292
292
292
292
292
293
293
293
293
293
293
293
293
296
296
296
296
296
296
296
297
297
297
297
297
297
298
298
298
299
299
299
299
299
299
300
301
301
302
302
303
303
303
303
303
303
303
303
303
303
303
304
305
306
308
308
309
309
309
309
309
309
310
310
310
310
310
311
313
313
314
314
314
314
314
314
315
315
315
316
318
318
319
319
319
319
319
319
319
319
320
320
320
320
321
326
326
326
326
326
326
326
326
327
327
327
327
328
342
342
343
343
343
343
343
343
344
344
344
345
347
347
348
348
348
348
348
348
348
348
348
348
350
350
351
351
351
351
351
351
351
351
351
351
353
353
354
354
354
354
354
354
354
354
354
355
355
355
356
364
364
364
364
364
364
364
364
365
365
365
365
365
365
365
365
366
366
366
366
366
366
366
367
367
367
368
370
370
370
370
370
370
370
370
371
371
371
371
371
371
371
371
371
372
372
372
372
372
372
372
373
373
373
374
376
376
376
376
376
376
376
376
376
377
377
377
377
377
377
377
377
377
377
377
377
377
378
380
380
380
380
380
380
380
380
380
380
380
381
381
381
381
381
382
382
382
382
382
383
383
383
384
384
384
384
384
385
386
386
386
387
389
389
390
390
390
390
390
390
391
391
391
392
400
400
401
401
401
401
401
401
402
402
402
403
405
405
406
406
406
406
406
406
406
406
406
406
406
407
407
407
407
407
407
407
407
407
407
407
407
407
407
407
408
408
408
408
408
408
408
409
409
409
410
428
428
428
428
428
428
429
429
429
429
429
429
429
430
455
455
455
455
455
455
455
455
455
455
455
455
455
456
459
459
459
459
459
459
459
459
460
460
460
460
460
460
460
461
461
461
467
467
467
467
467
467
467
467
468
468
468
468
468
468
468
468
468
468
468
468
468
469
469
469
469
469
469
469
469
469
470
470
470
470
470
470
470
470
470
470
470
470
470
470
470
470
472
472
472
472
472
472
473
474
475
475
475
475
475
475
475
476
478
478
479
479
479
479
479
479
479
479
479
479
479
480
480
480
480
480
480
480
481
493
493
494
494
494
494
494
494
494
495
497
497
497
498
498
498
498
498
498
498
498
498
498
498
498
498
498
498
499
499
499
499
499
499
499
499
499
500
500
500
500
500
500
500
500
501
501
501
502
502
502
502
502
502
502
502
503
505
505
505
505
505
505
505
506
506
506
506
506
506
506
506
506
507
508
508
508
509
511
511
512
512
512
512
512
512
512
513
515
515
515
515
515
516
516
516
516
516
516
516
516
516
516
516
516
516
516
516
517
517
517
517
517
517
517
517
518
519
519
519
519
519
519
519
520
522
522
523
523
523
523
523
523
523
524
525
525
525
525
525
525
526
526
526
526
527
527
528
528
528
528
528
528
528
528
528
528
528
528
528
528
528
528
528
528
529
529
529
529
529
529
530
530
530
531
531
531
531
531
531
532
533
533
533
533
533
533
533
534
534
534
534
534
534
534
534
534
535
535
535
537
537
537
537
538
539
540
542
542
543
543
543
543
543
543
543
543
543
543
545
545
546
546
546
546
546
546
547
547
547
548
555
555
556
556
556
556
556
556
557
557
557
557
557
557
557
558
564
564
565
565
565
565
565
565
566
566
566
566
566
566
566
567
576
576
577
577
577
577
577
578
579
579
579
579
579
580
580
580
580
580
580
580
580
580
581
581
581
581
581
581
583
583
583
583
583
583
587
587
587
587
587
587
587
587
587
588
588
588
588
588
588
589
589
589
590
590
590
590
591
593
593
593
593
593
593
594
594
594
595
597
597
597
597
597
597
597
597
597
598
606
606
607
607
607
607
607
608
609
609
609
609
609
610
610
610
610
610
610
610
610
610
611
611
611
611
611
611
611
611
611
611
612
612
612
612
612
612
612
612
612
613
613
613
613
613
613
613
614
614
614
614
614
614
614
615
615
615
615
615
615
615
615
615
616
616
616
616
617
617
617
617
617
617
618
618
618
619
620
620
620
620
620
620
620
621
621
621
621
621
621
621
621
621
621
622
622
622
622
622
622
622
623
623
623
623
623
623
623
623
624
624
624
624
624
624
624
624
625
625
625
625
625
625
625
626
626
626
626
627
627
627
627
628
628
628
628
628
628
629
629
629
630
631
632
632
632
632
633
633
633
633
634
634
634
634
634
634
635
635
635
636
638
638
638
638
638
638
638
639
639
639
639
640
640
640
640
640
640
640
640
640
640
640
640
641
641
641
641
641
641
641
641
641
641
641
641
641
641
641
641
642
642
642
643
643
643
643
643
643
643
643
643
643
643
644
645
645
645
645
645
646
646
646
646
646
646
646
646
646
647
647
647
647
648
648
648
648
648
648
649
649
649
650
651
653
653
653
653
653
653
653
653
654
654
654
654
655
655
655
655
655
655
656
656
656
657
658
659
659
659
659
659
659
659
659
659
660
686
686
687
687
687
687
687
687
687
688
689
689
689
689
690
690
690
690
692
692
692
692
692
692
692
693
693
693
693
693
694
694
694
694
695
695
695
695
697
697
697
697
697
698
698
698
699
699
699
699
699
699
699
699
699
699
699
699
699
700
700
701
701
701
702
702
702
702
702
702
702
702
702
702
702
702
702
703
703
704
704
704
705
705
705
706
706
706
706
706
706
706
706
707
707
708
708
708
711
711
711
711
711
712
712
712
712
713
713
713
713
713
713
713
714
714
714
714
714
714
715
715
715
716
716
716
716
716
716
716
716
716
716
716
717
718
718
719
719
722
722
722
722
722
722
723
724
724
724
725
727
727
727
727
727
727
727
730
730
730
730
730
730
730
730
730
732
732
732
732
732
734
734
734
734
734
734
735
735
735
735
735
735
735
735
735
735
735
735
735
736
736
736
736
736
736
736
736
736
737
738
738
738
738
738
738
738
738
738
741
741
741
741
741
741
742
742
742
742
743
743
744
745
745
745
745
745
745
745
745
745
746
746
746
746
746
746
746
750
750
750
750
750
750
750
750
750
750
751
751
751
751
751
751
752
754
754
754
754
757
757
757
757
757
757
757
757
757
758
761
761
761
761
761
762
762
762
762
762
763
763
763
763
763
765
765
765
765
765
766
766
766
766
767
767
767
767
767
767
767
767
767
770
770
770
770
770
770
771
771
771
771
771
771
771
771
771
771
771
771
771
772
772
772
772
772
772
772
772
772
773
775
775
775
775
775
775
775
775
775
777
777
777
777
777
777
778
778
778
778
778
778
778
778
778
779
780
781
781
781
781
781
781
781
781
781
781
781
781
781
781
781
781
782
782
782
782
782
782
782
782
783
783
783
785
785
785
785
785
787
787
787
787
787
788
788
788
788
789
789
789
789
789
789
790
790
790
790
790
790
790
790
791
791
791
791
791
791
791
791
791
791
791
791
791
792
792
792
792
792
792
792
792
792
793
794
794
794
794
794
794
794
794
794
794
794
795
795
795
795
795
795
795
795
795
796
796
796
796
796
797
797
797
797
797
797
797
797
799
799
799
799
799
799
800
800
800
800
800
800
800
800
800
801
801
801
801
801
802
802
802
802
802
802
802
802
803
803
803
803
803
804
804
804
804
812
812
812
812
812
812
814
814
814
814
814
814
814
814
814
815
815
815
815
815
815
815
815
815
816
816
816
816
816
816
816
816
816
816
820
820
820
820
820
820
821
821
821
821
821
821
821
821
821
821
821
821
821
822
822
822
822
822
822
822
822
822
823
824
825
825
825
825
825
825
825
825
825
826
827
827
827
827
827
827
827
827
827
828
828
828
828
828
828
828
828
828
828
829
829
830
830
830
830
830
830
830
830
830
830
830
830
831
834
834
834
834
834
834
835
835
835
835
835
835
835
835
835
835
835
835
835
836
840
840
840
840
840
840
840
840
840
841
841
841
841
841
841
841
841
841
845
845
845
845
846
846
846
846
846
846
847
847
847
847
847
847
847
847
847
848
848
848
848
848
848
848
848
848
848
848
848
849
849
849
849
849
849
850
850
851
852
852
852
852
852
852
852
852
852
852
852
854
854
854
854
854
854
854
854
854
854
855
855
855
855
855
855
856
856
857
860
860
860
861
861
861
861
861
862
862
863
866
866
866
866
866
866
866
867
867
867
867
867
867
868
868
868
868
868
868
868
868
868
869
869
869
869
869
870
870
870
870
870
870
870
871
871
872
872
872
872
872
872
873
874
875
897
897
898
898
898
898
898
898
898
899
900
900
900
900
901
901
901
901
901
901
901
902
902
902
902
902
903
903
903
903
904
904
904
904
907
907
907
907
907
907
907
907
907
909
909
909
909
909
909
910
910
910
911
912
912
912
912
912
913
913
913
914
916
916
916
916
916
916
916
919
919
919
919
919
919
919
919
919
920
920
920
920
920
921
921
921
921
921
921
922
922
922
922
922
922
922
922
922
922
922
922
922
923
923
923
923
923
923
924
924
924
925
926
926
926
926
926
926
926
926
926
927
927
927
927
927
927
928
928
928
928
929
929
930
931
931
931
931
931
931
931
931
931
932
932
932
932
932
932
932
933
933
933
933
933
933
933
933
933
933
935
935
935
935
935
935
936
937
937
937
937
938
938
938
938
938
938
939
939
939
940
943
943
943
943
943
944
944
944
944
944
945
945
945
945
945
947
947
947
947
948
948
948
948
948
948
950
950
950
950
950
950
951
951
951
951
951
951
951
952
953
953
953
953
953
953
953
953
953
953
953
953
953
953
953
953
954
954
954
954
954
954
954
954
955
955
956
956
956
956
956
958
958
958
958
958
959
959
959
959
960
960
960
960
960
960
961
961
961
961
961
961
961
961
962
962
962
962
962
962
962
962
962
962
962
962
962
963
963
963
963
963
963
964
964
964
965
965
965
965
965
965
965
965
965
965
965
966
966
966
966
966
966
967
968
968
969
969
969
969
969
970
970
970
970
970
970
972
972
972
972
972
972
973
973
973
973
973
973
973
973
973
973
973
974
974
974
974
974
975
975
975
975
975
975
975
975
976
976
976
976
976
977
977
977
977
979
979
979
979
983
983
983
983
983
983
984
984
984
984
984
984
985
985
985
986
988
988
988
988
988
988
988
989
989
989
989
989
989
990
990
990
990
990
990
991
991
992
992
992
992
992
993
993
993
993
994
994
995
995
995
995
995
995
996
997
997
997
998
1001
1001
1001
1001
1001
1001
1001
1002
1003
1003
1003
1003
1003
1004
1004
1004
1005
1005
1005
1005
1005
1005
1005
1005
1005
1005
1005
1005
1005
1006
1006
1007
1007
1007
1008
1008
1008
1008
1008
1008
1008
1008
1008
1008
1008
1008
1008
1009
1009
1010
1010
1010
1011
1011
1011
1012
1012
1012
1012
1012
1012
1012
1012
1013
1013
1014
1014
1014
1015
1015
1015
1015
1015
1015
1015
1015
1015
1015
1015
1016
1016
1017
1017
1018
1018
1018
1018
1018
1019
1020
1028
1028
1029
1029
1029
1029
1029
1029
1029
1030
1031
1031
1031
1031
1031
1031
1031
1032
1032
1032
1033
1034
1034
1034
1034
1034
1035
1035
1035
1036
1036
1036
1036
1036
1037
1037
1037
1038
1038
1038
1039
1039
1040
1040
1040
1040
1040
1040
1040
1041
1042
1044
1044
1045
1045
1045
1045
1045
1045
1045
1045
1045
1045
1046
1046
1046
1046
1046
1046
1046
1047
1047
1047
1047
1047
1047
1047
1047
1047
1047
1047
1047
1047
1047
1047
1048
1050
1050
1051
1051
1051
1051
1051
1051
1051
1051
1052
1052
1052
1052
1052
1052
1052
1053
1053
1053
1053
1053
1053
1053
1053
1053
1053
1053
1053
1053
1053
1053
1054
1056
1056
1057
1057
1057
1057
1057
1057
1057
1057
1058
1058
1058
1059
1065
1065
1066
1066
1066
1066
1066
1067
1068
1068
1068
1069
1071
1071
1072
1072
1072
1072
1072
1072
1072
1072
1072
1073
1074
1074
1074
1074
1074
1074
1074
1075
1075
1075
1075
1075
1075
1075
1076
1076
1076
1077
1078
1078
1078
1078
1078
1078
1078
1079
1079
1079
1079
1079
1079
1079
1080
1088
1088
1089
1089
1089
1089
1089
1089
1089
1089
1091
1091
1091
1092
1094
1094
1095
1095
1095
1095
1095
1095
1095
1095
1095
1095
1095
1096
1097
1097
1097
1097
1097
1097
1097
1097
1098
1098
1098
1098
1098
1098
1098
1098
1098
1098
1098
1098
1098
1099
1099
1099
1099
1099
1099
1099
1099
1099
1100
1104
1104
1104
1104
1104
1104
1104
1105
1105
1106
1106
1106
1106
1106
1106
1106
1107
1107
1107
1107
1107
1107
1107
1108
1108
1108
1108
1108
1108
1108
1108
1108
1108
1108
1108
1108
1108
1108
1108
1109
1110
1111
1111
1111
1112
1114
1114
1114
1114
1114
1115
1115
1115
1115
1115
1115
1115
1115
1115
1115
1115
1116
1117
1117
1117
1117
1117
1117
1117
1118
1118
1118
1118
1118
1118
1118
1118
1119
1119
1119
1119
1119
1119
1119
1119
1119
1120
1120
1120
1120
1120
1120
1120
1121
1129
1129
1130
1130
1130
1130
1130
1130
1131
1131
1131
1132
1134
1134
1135
1135
1135
1135
1135
1135
1135
1135
1136
1136
1136
1136
1136
1136
1136
1137
1137
1137
1137
1137
1138
1141
1141
1141
1141
1141
1141
1141
1141
1141
1141
1141
1142
1142
1142
1142
1142
1143
1144
1144
1144
1144
1144
1144
1144
1144
1144
1144
1144
1145
1145
1145
1145
1145
1146
1147
1147
1147
1147
1147
1148
1150
1150
1151
1151
1151
1151
1151
1151
1151
1151
1152
1152
1152
1152
1152
1152
1152
1153
1153
1153
1153
1153
1154
1157
1157
1157
1157
1157
1157
1157
1157
1157
1157
1157
1158
1158
1158
1159
1160
1160
1160
1160
1160
1160
1160
1160
1160
1160
1160
1161
1161
1161
1162
1163
1163
1163
1163
1163
1163
1163
1163
1163
1163
1163
1164
1164
1164
1165
1166
1166
1166
1166
1167
1167
1167
1168
1170
1170
1171
1171
1171
1171
1171
1171
1171
1171
1172
1172
1172
1172
1172
1172
1172
1172
1172
1172
1172
1173
1173
1173
1173
1173
1173
1173
1174
1174
1174
1174
1174
1175
1176
1176
1176
1176
1176
1176
1176
1176
1176
1176
1176
1177
1177
1177
1177
1178
1179
1180
1180
1180
1181
1183
1183
1184
1184
1184
1184
1184
1184
1184
1184
1185
1185
1185
1185
1185
1185
1185
1185
1185
1185
1185
1186
1186
1186
1186
1186
1186
1186
1187
1187
1187
1187
1187
1188
1189
1189
1189
1189
1189
1189
1189
1189
1189
1189
1189
1190
1190
1190
1190
1191
1192
1193
1193
1193
1194
1196
1196
1197
1197
1197
1197
1197
1197
1197
1197
1198
1198
1198
1198
1198
1198
1198
1198
1198
1198
1198
1199
1199
1199
1199
1199
1199
1199
1200
1200
1200
1200
1200
1201
1202
1202
1202
1202
1202
1202
1202
1202
1202
1202
1202
1203
1203
1203
1203
1204
1205
1206
1206
1206
1207
1209
1209
1210
1210
1210
1210
1210
1210
1210
1210
1211
1211
1211
1211
1211
1211
1211
1211
1211
1211
1211
1212
1212
1212
1212
1212
1212
1212
1213
1213
1213
1213
1213
1214
1215
1216
1216
1216
1216
1216
1217
1219
1219
1220
1220
1220
1220
1220
1220
1220
1220
1221
1221
1221
1221
1221
1221
1221
1221
1221
1221
1221
1222
1222
1222
1222
1222
1222
1222
1223
1223
1223
1223
1223
1224
1225
1226
1226
1226
1226
1226
1227
1229
1229
1230
1230
1230
1230
1230
1230
1230
1230
1231
1231
1231
1231
1231
1231
1231
1231
1231
1231
1231
1232
1232
1232
1232
1232
1232
1232
1233
1233
1233
1233
1233
1234
1235
1236
1236
1236
1236
1236
1237
1241
1241
1241
1241
1241
1241
1241
1241
1241
1241
1241
1242
1242
1242
1242
1242
1242
1242
1242
1242
1243
1243
1244
1245
1245
1245
1245
1245
1245
1245
1245
1245
1245
1245
1246
1249
1249
1249
1249
1249
1249
1249
1249
1250
1251
1251
1251
1251
1251
1251
1251
1251
1251
1251
1252
1252
1252
1252
1252
1252
1252
1253
1253
1253
1253
1253
1253
1253
1253
1253
1253
1255
1255
1255
1255
1255
1255
1255
1255
1255
1255
1255
1255
1255
1255
1256
1256
1256
1256
1256
1256
1256
1256
1256
1256
1256
1256
1256
1256
1256
1257
1257
1257
1257
1257
1257
1257
1257
1257
1257
1258
1258
1258
1258
1258
1258
1258
1258
1258
1258
1258
1259
1259
1259
1259
1260
1261
1262
1262
1262
1262
1262
1263
1264
1264
1264
1265
1267
1267
1267
1267
1267
1267
1267
1268
1270
1270
1270
1270
1270
1270
1270
1270
1270
1270
1270
1272
1272
1272
1272
1272
1272
1272
1272
1273
1273
1273
1273
1273
1273
1273
1273
1273
1273
1273
1273
1274
1274
1274
1274
1274
1274
1274
1274
1274
1274
1274
1275
1276
1276
1276
1276
1277
1277
1277
1277
1277
1277
1277
1277
1277
1277
1277
1277
1277
1278
1278
1278
1278
1278
1278
1278
1278
1278
1278
1279
1279
1279
1279
1279
1279
1279
1279
1279
1279
1279
1280
1280
1280
1280
1281
1282
1282
1282
1282
1282
1282
1282
1282
1283
1283
1283
1284
1284
1284
1284
1285
1286
1286
1286
1286
1287
1289
1289
1289
1289
1289
1289
1289
1290
1291
1291
1291
1291
1291
1291
1291
1291
1291
1291
1291
1292
1292
1292
1292
1292
1292
1292
1293
1293
1293
1293
1293
1293
1293
1293
1293
1293
1293
1293
1293
1294
1294
1294
1294
1294
1294
1294
1294
1294
1294
1295
1295
1295
1295
1295
1295
1295
1295
1295
1295
1295
1296
1296
1296
1296
1297
1298
1298
1298
1298
1298
1298
1298
1298
1299
1299
1299
1300
1300
1300
1300
1301
1302
1302
1302
1302
1303
1305
1305
1305
1305
1305
1305
1305
1306
1307
1307
1307
1307
1307
1307
1307
1307
1307
1307
1307
1308
1308
1308
1308
1308
1308
1308
1308
1308
1309
1309
1309
1309
1309
1309
1309
1309
1309
1309
1309
1309
1309
1310
1310
1310
1310
1310
1310
1310
1310
1310
1311
1311
1311
1312
1312
1312
1312
1313
1314
1314
1314
1314
1315
1317
1317
1317
1317
1317
1317
1317
1318
1321
1321
1321
1321
1321
1321
1321
1321
1321
1321
1321
1322
1322
1322
1322
1322
1322
1322
1323
1324
1324
1324
1324
1324
1324
1324
1324
1324
1324
1324
1325
1325
1325
1325
1325
1325
1326
1327
1327
1327
1327
1327
1327
1327
1327
1327
1327
1327
1328
1328
1328
1328
1328
1328
1329
1330
1330
1330
1330
1331
1331
1331
1332
1334
1334
1334
1334
1334
1334
1334
1335
1337
1337
1337
1337
1337
1337
1337
1337
1337
1337
1337
1338
1338
1338
1338
1338
1338
1338
1339
1340
1340
1340
1340
1340
1340
1340
1340
1340
1340
1340
1341
1341
1341
1341
1341
1341
1342
1343
1343
1343
1343
1343
1343
1343
1343
1343
1343
1343
1344
1344
1344
1344
1344
1344
1345
1346
1346
1346
1346
1347
1347
1347
1348
1350
1350
1350
1350
1350
1350
1350
1351
1352
1352
1352
1352
1352
1352
1352
1352
1352
1352
1352
1353
1353
1353
1353
1353
1353
1353
1354
1355
1355
1355
1355
1355
1355
1355
1355
1355
1355
1355
1356
1356
1356
1356
1356
1356
1356
1356
1357
1358
1358
1358
1358
1358
1358
1358
1358
1358
1358
1358
1359
1359
1359
1359
1359
1359
1359
1359
1360
1361
1361
1361
1361
1362
1362
1362
1363
1376
1376
1377
1377
1377
1377
1377
1377
1377
1378
1379
1379
1379
1379
1379
1379
1379
1379
1379
1379
1380
1380
1380
1380
1380
1380
1380
1380
1380
1380
1380
1380
1380
1381
1381
1381
1381
1381
1381
1382
1382
1383
1383
1384
1384
1384
1384
1384
1384
1384
1384
1384
1384
1384
1384
1385
1385
1385
1386
1387
1399
1399
1399
1399
1399
1399
1399
1399
1401
1403
1403
1403
1403
1403
1404
1405
1405
1405
1405
1405
1405
1405
1406
1406
1406
1406
1406
1406
1406
1407
1407
1407
1408
1408
1408
1408
1408
1408
1409
1410
1410
1410
1411
1413
1413
1413
1413
1413
1413
1413
1413
1413
1413
1413
1414
1414
1414
1414
1414
1414
1414
1414
1414
1415
1417
1417
1417
1417
1417
1417
1417
1417
1418
1418
1419
1419
1419
1419
1419
1419
1419
1420
1420
1420
1420
1420
1420
1420
1421
1421
1421
1421
1421
1421
1421
1421
1421
1421
1422
1422
1422
1422
1422
1422
1422
1425
1425
1425
1425
1425
1425
1425
1425
1425
1425
1425
1425
1425
1425
1425
1426
1427
1429
1429
1429
1429
1429
1429
1429
1429
1430
1430
1431
1431
1431
1431
1431
1431
1432
1432
1432
1432
1432
1432
1432
1433
1433
1433
1433
1433
1433
1433
1433
1433
1434
1434
1434
1434
1434
1434
1434
1435
1435
1435
1435
1435
1435
1435
1435
1435
1435
1435
1435
1435
1435
1435
1436
1437
1438
1439
