1
1
1
1
1
1
1
1
1
1
1
1
1
3
3
3
3
3
3
3
4
4
4
4
4
4
4
6
6
6
6
6
6
6
6
6
6
6
7
7
7
7
7
7
7
7
7
7
7
8
8
8
8
8
8
8
8
8
8
8
9
9
9
9
9
9
9
9
9
9
9
9
9
10
10
10
10
10
10
10
10
10
10
10
10
10
11
11
11
11
11
11
11
11
11
11
11
11
11
11
11
12
12
12
12
12
12
12
12
12
12
12
12
12
12
12
13
13
13
13
13
13
13
13
13
13
13
13
13
13
13
14
14
14
14
14
14
14
14
14
14
14
14
14
21
21
21
21
21
22
23
23
23
23
23
23
23
23
30
30
30
30
30
30
30
31
31
31
31
31
32
34
34
34
34
34
34
34
34
34
34
34
34
34
35
35
35
35
35
35
35
35
35
36
38
38
38
38
38
38
38
38
38
38
39
39
39
39
39
39
39
40
42
42
42
42
42
42
42
42
42
42
42
42
42
42
42
42
42
42
42
43
43
43
43
43
43
43
43
43
44
46
46
46
46
46
46
47
47
47
47
47
47
47
47
47
47
48
49
49
49
49
49
49
49
49
49
50
58
58
59
59
59
59
59
59
59
59
59
59
59
60
60
60
60
60
60
60
60
60
61
63
63
64
64
64
64
64
64
64
64
65
65
65
65
65
65
65
65
65
65
65
66
68
68
69
69
69
69
69
69
69
69
70
70
70
70
70
70
70
70
70
70
70
71
73
73
74
74
74
74
74
74
74
74
74
74
74
74
74
74
74
74
74
75
75
75
75
75
75
75
75
75
75
75
76
78
78
79
79
79
79
79
79
79
79
79
80
80
80
80
80
80
81
81
81
81
81
81
81
81
81
81
81
82
90
90
91
91
91
91
91
92
98
98
98
98
98
98
98
99
99
99
99
99
99
100
100
100
100
100
100
101
101
102
102
102
102
102
102
102
103
105
105
105
106
118
118
119
119
119
119
119
119
119
119
119
119
119
119
119
119
119
120
121
121
121
121
121
121
121
122
122
122
122
122
122
122
122
122
122
122
123
123
124
125
125
125
125
125
125
126
126
126
126
126
126
126
127
127
127
127
127
127
127
127
127
128
128
128
129
129
129
129
129
129
129
129
129
130
131
131
131
131
131
131
132
140
140
141
141
141
141
141
141
142
142
142
142
142
142
142
142
142
142
142
143
144
145
