18
18
18
18
18
18
18
18
18
18
18
20
20
20
20
20
20
20
21
21
21
21
21
21
21
22
22
22
22
22
22
22
23
23
23
23
23
23
23
23
23
25
25
25
25
25
25
25
25
25
25
25
25
25
37
37
37
37
37
37
38
39
39
39
39
39
40
40
40
40
40
41
41
41
41
41
41
41
43
43
44
44
44
44
44
44
44
44
44
45
45
45
45
45
45
45
45
45
46
46
46
46
46
46
46
46
46
46
46
47
58
58
58
58
58
58
59
60
60
60
60
61
63
63
63
63
70
70
70
70
70
70
70
71
72
72
72
72
72
72
72
72
72
72
72
73
85
85
86
86
86
86
86
86
86
87
88
88
88
88
88
88
88
89
89
89
89
89
89
89
90
91
91
91
91
91
91
91
91
91
91
91
91
91
92
108
108
109
109
109
109
109
109
109
110
111
111
111
111
111
112
112
112
112
112
112
112
113
115
115
115
115
115
116
130
130
131
131
131
131
131
131
131
131
131
131
131
131
132
133
133
133
133
133
133
133
133
133
133
133
133
134
151
151
152
152
152
152
152
152
152
152
152
152
152
152
152
152
152
152
152
152
152
153
154
154
154
154
154
155
155
155
155
155
155
155
155
155
155
155
155
156
158
158
158
158
158
158
158
159
159
159
160
162
162
162
163
163
163
163
165
165
165
165
165
165
167
167
167
167
167
167
167
167
167
167
167
167
167
170
170
170
170
170
170
170
170
170
171
171
171
171
171
171
172
175
175
175
175
175
175
175
175
175
175
175
175
175
175
176
176
176
176
176
177
179
179
179
179
181
182
183
183
183
183
183
183
183
183
183
183
183
184
185
185
185
185
185
185
185
185
185
185
185
185
185
185
185
185
185
185
185
185
185
188
188
188
188
188
189
192
192
192
192
192
192
192
193
194
194
194
196
196
196
196
196
196
196
196
198
198
198
198
198
198
199
200
200
200
200
200
200
200
200
201
201
201
201
201
201
201
202
202
202
202
202
202
202
202
203
203
203
203
203
204
205
205
205
206
207
207
207
207
207
208
208
208
208
208
208
208
208
210
210
210
211
213
213
213
214
216
217
