18
18
18
18
18
18
18
18
18
18
18
18
18
20
20
20
20
20
20
20
21
21
21
21
21
21
21
23
23
23
23
23
23
23
23
23
23
23
23
23
24
24
24
24
24
24
24
24
24
24
24
24
24
31
31
31
31
31
31
33
33
33
33
33
33
33
33
34
34
34
34
34
34
34
35
35
35
35
35
35
35
36
36
36
36
36
36
36
37
37
37
37
37
37
37
38
38
38
38
38
38
38
43
43
43
43
43
43
43
56
56
56
56
56
56
56
58
58
59
59
60
60
62
62
63
63
64
64
65
65
66
66
68
68
78
78
78
78
78
78
78
79
79
80
80
81
81
82
82
83
83
84
84
85
85
86
86
97
97
97
97
97
97
97
98
98
99
99
100
100
101
101
102
103
141
141
141
141
141
141
141
142
142
143
143
144
144
145
145
146
147
149
149
149
149
149
149
154
154
154
154
228
228
228
228
228
229
229
229
229
229
230
230
230
230
230
230
230
231
236
236
237
237
237
237
237
237
238
238
238
238
238
238
238
238
238
238
238
238
238
239
257
257
257
257
257
257
257
257
257
258
258
258
258
258
258
258
258
259
259
259
259
259
259
259
259
259
260
260
260
260
260
260
260
261
261
261
261
261
261
261
261
261
262
262
262
262
262
262
262
262
262
263
263
263
263
263
263
263
266
266
266
266
266
266
266
266
266
266
267
267
267
267
267
267
267
267
267
268
268
268
268
268
268
268
268
268
268
268
268
268
268
268
268
268
268
268
270
270
270
270
270
270
270
270
270
271
271
271
272
272
272
273
275
275
275
276
278
278
278
279
289
289
290
290
290
290
290
290
290
290
290
291
291
291
291
291
292
292
292
293
293
293
293
293
293
294
294
294
295
295
295
295
295
295
296
296
296
297
297
297
297
297
297
297
297
298
298
298
299
299
299
299
299
299
300
300
300
301
301
301
301
301
301
302
302
303
303
304
306
306
306
307
329
329
329
329
329
329
329
329
329
330
330
330
330
330
330
330
330
331
331
331
331
331
331
331
331
331
332
332
332
332
332
332
332
332
332
332
332
332
332
333
333
333
333
333
333
333
334
334
334
334
334
334
334
334
334
335
335
335
335
335
335
335
336
336
336
336
336
336
336
336
336
337
337
337
338
339
341
341
341
342
367
367
367
367
367
367
367
367
367
368
368
368
368
368
368
368
368
369
369
369
369
369
369
369
369
369
370
370
370
370
370
370
370
370
370
370
370
370
370
371
371
371
371
371
371
371
372
372
372
372
372
372
372
372
372
373
373
373
373
373
373
373
374
374
374
374
374
374
374
374
374
375
375
375
376
377
379
379
379
380
407
407
407
407
407
407
407
407
407
408
408
408
408
408
408
408
408
408
409
409
409
409
409
409
409
409
410
410
410
410
410
410
410
411
411
411
411
411
411
411
411
411
412
412
412
412
412
412
412
412
412
412
412
412
412
412
412
412
413
413
413
413
413
413
413
414
414
414
414
414
414
414
414
414
415
415
416
416
416
416
416
416
416
416
416
416
416
416
417
417
417
417
417
417
417
417
421
422
422
422
423
429
429
429
429
429
429
429
429
429
429
429
429
429
429
429
429
429
429
430
430
430
430
430
430
430
431
431
431
431
431
431
431
431
431
431
431
431
431
431
432
432
432
432
432
432
432
433
433
433
433
433
433
433
433
433
434
434
434
435
436
436
436
437
445
445
446
446
446
446
446
446
446
446
446
446
446
446
446
446
446
450
450
450
450
450
450
450
450
450
450
450
450
450
450
451
451
451
451
451
451
451
451
451
451
451
452
452
452
452
452
452
452
452
452
452
452
452
452
452
452
452
452
453
453
453
453
453
454
454
454
454
454
454
454
455
455
455
455
455
455
455
455
455
455
455
455
455
455
455
455
455
455
455
456
456
456
456
456
457
457
457
457
457
457
457
458
458
458
458
458
458
458
458
458
458
458
458
458
458
459
459
459
459
459
460
460
460
460
460
460
460
461
461
461
461
461
461
461
461
461
461
461
461
461
461
462
462
462
462
462
463
463
463
463
463
463
463
464
464
464
464
464
464
464
464
464
464
464
464
464
464
464
464
464
464
464
464
464
464
464
465
465
465
465
465
466
466
466
466
466
466
466
467
467
467
468
468
468
468
468
469
471
471
471
471
471
471
471
472
472
472
472
472
472
472
473
474
476
476
476
477
484
484
484
484
484
484
484
484
485
485
485
485
486
488
489
