18
18
18
18
18
18
18
18
18
18
18
20
20
20
20
20
20
20
21
21
21
21
21
21
21
50
50
50
50
50
50
51
56
56
56
56
56
56
56
56
56
56
56
56
56
63
63
63
63
63
63
63
63
63
63
63
64
64
64
64
64
64
64
64
64
64
64
64
64
64
64
64
64
64
64
64
64
64
64
64
64
64
64
64
64
64
64
65
65
65
65
65
65
65
65
65
65
65
65
65
66
66
66
66
66
66
66
66
66
66
66
66
66
66
66
66
66
66
66
66
66
66
66
66
66
66
66
66
67
67
70
70
70
70
70
73
73
73
73
73
87
87
87
87
87
87
87
87
87
87
88
88
88
88
88
88
88
88
88
88
88
88
89
90
90
90
90
90
90
90
90
90
92
92
92
92
92
92
93
93
93
93
93
93
94
107
107
107
107
107
107
107
107
107
107
108
108
109
110
110
110
110
110
110
110
110
110
110
110
110
110
110
110
110
110
112
112
112
112
112
112
112
112
112
112
112
112
114
114
114
114
114
114
114
114
114
114
114
114
115
115
115
115
115
115
115
116
118
118
118
118
118
118
118
118
118
120
120
120
120
120
121
121
121
121
121
121
121
121
121
123
123
123
123
123
123
123
123
123
123
123
123
123
124
125
125
125
125
125
125
125
125
125
125
125
125
125
126
126
126
127
129
129
129
129
129
129
129
129
129
129
131
131
131
131
131
131
131
132
132
132
132
132
132
132
133
135
135
135
135
135
135
135
136
136
136
137
137
137
137
137
137
137
137
137
137
137
137
137
138
139
139
139
139
139
139
139
139
139
139
139
139
139
140
140
140
141
143
143
143
143
143
143
143
143
143
143
143
143
143
143
143
143
143
143
143
143
143
144
144
144
144
144
144
146
146
146
146
146
147
147
147
147
147
147
147
147
147
147
147
147
147
148
149
149
149
149
149
149
149
149
149
149
149
149
150
151
151
151
151
152
152
153
154
156
156
156
156
156
156
158
158
158
158
158
158
159
160
160
160
160
160
160
160
160
160
164
165
173
173
173
173
173
173
174
175
175
175
176
183
183
183
183
183
183
184
185
185
185
186
199
199
200
200
200
200
200
200
201
202
202
202
202
203
203
203
203
204
204
204
204
204
204
206
206
206
206
206
206
206
206
207
207
207
207
207
207
207
207
207
209
209
209
209
209
209
209
209
209
209
209
209
210
210
210
210
210
210
210
211
211
211
211
211
211
211
211
211
211
212
212
212
212
212
212
212
212
212
212
212
212
212
212
212
212
212
212
212
213
213
213
213
213
213
213
213
213
214
214
214
214
214
214
214
214
214
214
214
214
214
214
214
214
214
215
215
215
217
217
217
217
217
217
217
217
217
217
217
217
217
217
217
218
231
231
232
232
232
232
232
232
232
232
232
232
232
232
232
232
233
234
234
234
234
235
235
235
235
237
237
237
237
237
237
237
237
238
238
238
238
238
238
238
238
238
240
240
240
240
240
240
240
241
241
241
241
241
241
241
241
241
241
242
242
242
242
242
242
242
242
242
242
242
242
242
242
242
242
242
242
242
243
243
243
243
243
243
243
243
243
244
244
244
244
244
244
244
244
244
244
244
244
244
244
244
244
244
245
245
245
247
247
247
247
247
247
247
248
248
248
248
248
248
248
249
249
249
249
249
249
249
250
250
250
250
250
250
250
250
250
250
250
252
252
252
253
254
255
