6
6
6
6
6
6
6
6
6
8
8
8
8
8
8
8
8
8
8
8
8
8
8
9
9
9
9
9
9
9
9
9
9
9
9
9
9
10
10
10
10
10
10
10
10
10
10
10
10
10
10
11
11
11
11
11
11
11
11
11
11
11
11
11
11
12
12
12
12
12
12
12
12
12
12
12
12
12
12
13
13
13
13
13
13
13
13
13
13
13
13
13
13
14
14
14
14
14
14
14
14
14
14
14
14
14
14
15
15
15
15
15
15
15
15
15
15
15
15
15
15
16
16
16
16
16
16
16
16
16
16
16
16
16
16
17
17
17
17
17
17
17
17
17
17
17
17
17
17
18
18
18
18
18
18
18
18
18
18
18
18
18
18
19
19
19
19
19
19
19
19
19
19
19
19
19
19
20
20
20
20
20
20
20
20
20
20
20
20
20
20
21
21
21
21
21
21
21
21
21
21
21
21
21
21
22
22
22
22
22
22
22
22
22
22
22
22
22
22
23
23
23
23
23
23
23
23
23
23
23
23
23
23
24
24
24
24
24
24
24
24
24
24
24
24
24
24
25
25
25
25
25
25
25
25
25
25
25
25
25
25
26
26
26
26
26
26
26
26
26
26
26
26
26
26
27
27
27
27
27
27
27
27
27
27
27
27
27
27
28
28
28
28
28
28
28
28
28
28
28
28
28
28
29
29
29
29
29
29
29
29
29
29
29
29
29
29
30
30
30
30
30
30
30
30
30
30
30
30
30
30
31
31
31
31
31
31
31
31
31
31
31
31
31
31
32
32
32
32
32
32
32
32
32
32
32
32
32
32
33
33
33
33
33
33
33
33
33
33
33
33
33
33
34
34
34
34
34
34
34
34
34
34
34
34
34
34
35
35
35
35
35
35
35
35
35
35
35
35
35
35
36
36
36
36
36
36
36
36
36
36
36
36
36
36
37
37
37
37
37
37
37
37
37
37
37
37
37
37
38
38
38
38
38
38
38
38
38
38
38
38
38
38
39
39
39
39
39
39
39
39
39
39
39
39
39
39
40
40
40
40
40
40
40
40
40
40
40
40
40
40
41
41
41
41
41
41
41
41
41
41
41
41
41
41
42
42
42
42
42
42
42
42
42
42
42
42
42
42
43
43
43
43
43
43
43
43
43
43
43
43
43
43
44
44
44
44
44
44
44
44
44
44
44
44
44
44
45
45
45
45
45
45
45
45
45
45
45
45
45
45
46
46
46
46
46
46
46
46
46
46
46
46
46
46
47
47
47
47
47
47
47
47
47
47
47
47
47
47
48
48
48
48
48
48
48
48
48
48
48
48
48
48
49
49
49
49
49
49
49
49
49
49
49
49
49
49
50
50
50
50
50
50
50
50
50
50
50
50
50
50
51
51
51
51
51
51
51
51
51
51
51
51
51
51
52
52
52
52
52
52
52
52
52
52
52
52
52
52
53
53
53
53
53
53
53
53
53
53
53
53
53
53
54
54
54
54
54
54
54
54
54
54
54
54
54
54
55
55
55
55
55
55
55
55
55
55
55
55
55
55
57
57
57
57
57
57
57
58
58
58
58
58
58
58
59
59
59
59
59
59
59
60
60
60
60
60
60
60
61
61
61
61
61
61
61
62
62
62
62
62
62
62
63
63
63
63
63
63
63
63
63
64
64
64
64
64
64
64
64
64
66
66
66
66
66
66
66
66
66
66
66
67
67
67
67
67
67
67
67
67
67
67
68
68
68
68
68
68
68
68
68
68
68
69
69
69
69
69
69
69
69
69
69
69
70
70
70
70
70
70
70
70
70
70
70
71
71
71
71
71
71
71
71
71
71
71
72
72
72
72
72
72
72
72
72
72
72
73
73
73
73
73
73
73
73
73
73
73
74
74
74
74
74
74
74
74
74
74
74
75
75
75
75
75
75
75
75
75
75
75
75
75
76
76
76
76
76
76
76
77
77
77
77
77
77
77
79
79
79
79
80
81
81
81
81
81
81
81
81
81
81
81
81
81
81
81
86
86
86
86
86
86
86
87
87
87
87
87
87
87
89
89
89
89
89
89
89
90
90
90
90
90
90
90
92
92
92
92
92
92
92
93
93
93
93
93
93
93
93
94
94
94
94
94
94
95
95
95
95
97
97
97
97
97
97
97
97
98
98
98
98
98
98
98
98
99
99
99
99
99
99
99
99
100
100
100
100
100
100
100
100
101
101
101
101
101
101
101
101
102
102
102
102
102
102
102
102
103
103
103
103
103
103
103
103
104
104
104
104
104
104
104
104
105
105
105
105
105
105
105
105
107
107
107
107
108
109
111
111
111
111
111
111
111
111
112
113
113
113
113
113
113
113
113
113
114
115
115
115
115
115
115
115
115
115
115
115
115
115
116
118
118
118
118
118
118
118
118
118
118
119
121
121
121
121
121
121
121
121
122
123
123
123
123
123
125
125
125
125
125
125
126
127
127
127
127
127
127
127
127
129
129
129
129
129
129
129
129
129
129
129
130
131
132
133
133
133
133
133
133
133
134
134
134
134
134
134
135
137
137
137
138
140
140
140
140
140
140
140
140
141
142
142
142
142
142
142
142
142
142
142
142
142
142
142
144
144
144
144
144
146
146
146
146
146
146
147
148
148
148
148
148
148
148
149
150
151
152
152
152
152
152
152
152
152
152
152
152
152
152
152
152
152
153
155
155
155
156
158
158
158
158
158
158
158
158
158
158
158
159
160
160
160
160
160
160
160
160
160
160
160
160
160
160
162
162
162
162
162
164
164
164
164
164
164
165
166
166
166
166
166
166
166
166
166
167
168
169
170
170
170
170
170
170
170
170
170
170
170
170
170
170
170
170
171
173
173
173
174
176
176
176
176
176
176
176
176
176
176
176
176
176
177
178
178
178
178
178
180
180
180
180
180
180
180
180
180
181
182
182
182
182
182
182
182
182
182
182
182
182
183
184
184
184
184
184
184
184
184
184
184
185
186
186
186
186
186
186
186
186
186
186
186
186
187
189
189
189
190
192
192
192
192
192
192
192
192
193
194
194
194
194
194
194
194
194
194
194
194
194
194
194
196
196
196
196
196
198
199
200
200
200
200
200
200
200
200
200
200
200
200
200
200
200
200
200
201
202
202
202
202
202
203
204
204
204
204
204
204
204
204
204
204
204
205
207
207
207
208
210
210
210
210
210
210
210
210
210
210
210
211
212
212
212
212
213
214
214
214
215
215
215
215
215
216
216
216
217
217
217
217
217
218
218
218
219
219
219
219
219
220
220
220
221
221
221
221
221
222
222
222
223
223
223
223
223
224
224
224
225
225
225
225
225
226
226
226
227
227
227
227
227
228
228
228
229
229
229
229
229
230
230
230
231
231
231
231
231
232
234
234
234
234
234
234
234
234
234
235
237
237
237
237
237
237
237
237
238
239
239
239
239
239
241
241
241
241
241
241
241
241
241
241
241
241
241
241
241
241
241
241
242
243
243
243
243
243
243
243
243
243
243
245
245
245
245
245
245
246
247
247
247
248
249
250
251
251
252
253
255
255
255
256
262
262
262
262
262
262
262
262
263
264
264
264
264
264
264
264
264
266
266
266
266
266
266
266
266
268
268
268
268
268
268
268
268
268
268
268
270
270
270
270
270
272
272
272
272
272
272
273
274
274
274
274
274
274
274
274
274
274
276
276
276
276
277
278
278
278
279
279
279
279
279
279
279
280
280
281
281
281
282
282
282
282
282
282
282
283
283
284
284
284
285
285
285
285
285
285
285
286
286
287
287
287
288
288
288
288
288
288
288
289
289
290
290
290
291
291
291
291
291
291
291
292
292
293
293
293
294
294
294
294
294
294
294
295
295
296
296
296
297
297
297
297
297
297
297
298
298
299
299
299
300
300
300
300
300
300
300
301
301
302
303
304
304
304
304
304
304
304
304
304
304
304
304
304
304
304
304
304
304
304
305
306
306
306
306
306
306
306
306
306
306
306
306
306
306
306
306
306
306
306
306
306
306
307
308
309
310
310
310
310
310
310
310
310
310
310
310
310
311
313
313
313
313
313
313
313
313
313
313
313
313
313
313
314
315
315
315
315
315
315
315
316
318
318
318
318
318
318
318
319
321
321
321
321
321
321
321
321
321
321
321
321
321
322
323
323
323
323
323
325
325
325
325
325
325
325
325
325
327
327
327
327
327
327
327
327
327
327
329
329
329
329
329
329
329
329
330
331
331
331
331
331
331
331
331
331
331
332
332
332
332
332
332
332
332
332
332
333
333
333
333
333
333
333
333
333
333
333
333
333
333
333
333
333
333
333
333
333
333
333
333
334
334
334
334
334
334
334
334
334
334
336
336
336
336
336
336
336
336
336
336
336
336
336
336
336
337
339
339
339
339
339
339
339
339
339
339
339
341
341
341
341
341
341
341
341
341
341
341
342
344
344
344
344
344
344
344
344
344
344
344
344
344
345
346
346
346
346
346
348
348
348
348
348
348
349
350
350
350
350
350
350
350
350
350
350
352
352
352
352
352
352
352
352
352
354
354
354
354
354
354
355
356
356
356
356
356
356
356
356
356
357
358
360
360
360
361
363
363
363
363
363
363
363
363
363
363
363
363
363
363
363
364
365
365
365
365
365
365
365
365
365
365
365
367
368
369
369
369
369
369
369
369
370
371
371
371
371
371
372
373
373
373
373
373
373
373
373
373
373
373
374
376
376
376
376
376
376
376
376
376
376
376
376
376
376
376
376
376
376
376
377
379
379
379
379
379
379
379
379
379
379
379
379
379
380
381
381
381
381
381
381
381
381
383
383
383
383
383
383
383
384
385
385
385
385
385
385
386
387
388
389
389
389
389
389
389
389
389
391
391
391
391
391
391
391
391
391
392
393
393
393
393
393
393
393
394
396
396
396
396
396
396
397
398
398
398
398
398
398
398
398
398
399
400
400
400
400
400
400
400
400
400
400
400
400
400
400
400
400
400
400
400
400
400
400
402
402
402
402
402
402
402
403
404
404
404
404
404
404
404
404
404
404
404
404
404
404
404
405
406
407
408
408
408
408
408
408
408
408
408
408
408
408
409
409
409
409
409
409
409
410
411
412
413
414
414
414
414
414
414
414
415
416
417
418
419
419
419
419
419
419
419
421
421
421
421
421
421
421
421
421
421
421
421
421
421
421
421
421
421
423
423
423
423
423
423
423
423
423
423
423
423
423
423
423
423
424
425
425
425
425
425
425
425
426
428
428
428
428
428
428
428
429
430
430
430
430
430
430
430
432
432
432
432
432
432
432
432
432
432
433
434
435
436
436
436
436
436
436
436
438
438
438
438
438
438
438
440
440
440
440
440
440
440
440
440
440
440
440
440
440
440
440
440
440
440
442
442
442
442
442
442
442
443
444
446
446
446
446
446
446
446
446
446
446
446
446
447
448
450
450
450
450
450
450
450
450
451
452
452
452
452
452
454
454
454
454
454
454
455
456
456
456
456
456
456
456
456
456
456
457
457
457
457
457
457
457
457
457
457
459
459
459
459
459
459
459
459
459
459
459
459
459
459
459
459
460
461
461
461
461
461
461
461
461
461
461
461
461
461
461
461
461
461
461
461
461
462
463
465
465
465
466
468
468
468
468
468
468
468
468
468
468
468
468
468
468
468
468
468
469
469
469
469
469
469
469
469
469
469
469
469
470
471
471
471
471
471
473
473
473
473
473
473
473
473
473
473
474
474
474
474
474
474
474
474
474
474
476
476
476
476
477
478
479
479
479
479
479
479
479
479
479
480
480
480
481
483
483
483
483
483
483
483
483
483
483
484
485
485
485
485
486
487
487
487
487
487
487
487
488
490
490
490
490
491
492
492
492
492
492
492
492
493
494
494
494
494
495
496
496
496
496
496
496
496
497
499
499
499
499
500
501
501
501
501
501
501
501
501
501
501
502
503
503
503
503
504
505
505
505
505
505
505
505
506
508
508
508
508
509
510
511
514
514
514
514
514
516
516
516
516
516
516
516
516
516
516
516
516
516
516
517
518
518
518
518
518
518
518
518
518
518
518
518
518
520
520
520
520
520
520
520
520
520
520
520
520
520
522
522
522
522
523
524
524
524
524
524
524
524
524
524
524
524
524
524
524
524
525
527
527
527
527
527
529
529
529
529
530
531
531
531
531
531
531
531
531
531
532
533
534
535
535
535
535
535
535
535
535
535
536
538
538
538
538
539
540
540
540
540
541
542
542
542
542
542
542
542
542
542
542
542
543
544
545
546
548
548
548
548
548
550
550
550
550
550
550
550
550
550
550
550
552
552
552
552
552
552
553
554
554
554
554
555
557
557
557
557
558
560
560
560
560
560
560
560
560
560
560
560
560
562
562
562
562
562
562
562
562
562
562
562
562
562
563
564
564
564
564
565
566
566
566
566
566
566
566
566
566
566
566
567
568
569
570
571
571
571
571
572
572
573
574
575
576
577
577
577
577
578
578
579
581
583
583
583
585
585
585
585
585
585
586
587
587
587
587
587
587
588
590
591
593
593
593
594
596
596
596
596
596
596
596
596
597
598
598
598
598
598
598
598
598
598
598
598
598
599
601
601
601
601
601
601
601
601
602
603
603
603
603
604
605
605
605
606
606
606
607
607
607
608
608
608
609
609
609
610
610
610
611
611
611
612
612
612
613
613
613
614
614
614
615
615
615
616
616
616
617
617
617
618
618
618
619
619
619
620
620
620
621
621
621
622
622
622
623
625
625
625
625
625
625
625
625
625
626
628
628
628
628
628
628
628
628
629
630
630
630
630
630
632
632
632
632
632
632
633
634
634
634
634
635
636
636
636
637
637
637
638
638
638
639
639
639
640
640
640
641
641
641
642
642
642
643
643
643
644
644
644
645
645
645
645
646
647
649
649
649
650
652
652
652
652
652
652
652
652
652
652
652
653
654
654
654
654
654
654
655
656
656
656
656
657
658
658
658
659
659
659
659
659
660
660
660
661
661
661
661
661
662
662
662
663
663
663
663
663
664
664
664
665
665
665
665
665
666
666
666
667
667
667
667
667
668
668
668
669
669
669
669
669
670
670
670
671
671
671
671
671
672
672
672
673
673
673
673
673
674
674
674
675
675
675
675
675
676
677
679
679
679
679
679
679
679
679
679
680
682
682
682
682
682
682
682
682
683
684
684
684
684
684
686
686
686
686
686
686
687
688
688
688
688
688
688
688
688
688
688
688
688
690
690
690
690
690
690
690
691
692
692
692
694
694
694
694
694
694
694
694
694
694
694
694
694
695
696
698
698
698
699
701
701
701
701
701
701
701
701
701
701
701
701
702
703
703
703
703
703
703
703
703
703
703
703
703
703
705
705
705
705
705
705
705
705
705
705
705
705
707
707
707
707
707
709
709
709
709
709
709
709
709
711
711
711
711
711
711
711
711
711
711
713
713
713
713
713
713
714
715
715
715
715
715
715
715
715
715
715
717
717
717
717
718
719
719
719
725
725
725
725
725
725
725
725
725
725
725
725
725
726
726
726
726
726
726
726
727
727
727
728
728
728
728
728
728
728
728
728
730
730
730
730
730
730
731
732
732
732
732
732
732
732
733
733
733
734
734
734
734
734
734
734
734
734
735
737
737
737
737
737
737
738
740
740
740
740
740
740
741
742
742
742
742
742
742
742
742
742
742
743
743
743
743
743
743
743
745
745
745
745
745
745
746
747
747
748
749
750
751
752
754
754
754
754
754
754
754
755
755
755
756
758
758
758
758
758
758
758
758
758
758
758
759
759
759
759
759
759
759
759
759
759
759
759
759
760
760
761
761
761
763
763
763
763
763
763
763
763
764
765
765
765
766
766
766
766
766
766
766
766
766
768
768
768
768
768
768
769
770
770
770
771
771
772
774
774
774
774
774
774
774
775
776
776
776
776
776
776
776
776
776
776
776
777
777
777
777
777
777
777
777
777
777
777
777
777
778
778
779
779
781
781
781
781
781
781
781
781
781
781
781
781
782
782
782
784
786
788
788
788
789
791
791
791
791
791
791
791
791
792
793
793
793
793
793
793
793
793
793
793
793
793
794
799
799
799
799
799
799
799
799
799
799
799
799
799
799
799
799
799
800
801
801
801
801
801
801
801
801
801
801
801
801
801
801
801
801
803
803
803
803
803
803
803
803
803
803
803
805
805
805
805
805
805
805
806
807
807
807
807
807
807
807
807
809
809
809
809
809
809
809
809
809
809
810
811
811
811
811
811
811
811
811
811
811
811
811
812
813
814
815
815
815
815
815
815
815
816
817
817
817
817
817
817
817
817
817
818
818
819
821
821
821
821
821
821
821
821
821
822
824
824
824
824
824
824
824
825
827
827
827
828
830
830
830
830
830
830
830
830
830
830
830
830
830
830
831
832
832
832
832
832
834
834
834
834
834
834
835
836
836
836
836
836
836
836
836
836
836
838
838
838
838
838
838
838
838
838
838
838
838
838
838
839
840
840
840
840
840
840
840
840
840
841
842
844
844
844
845
847
847
847
847
847
847
847
847
847
847
847
847
847
847
848
849
849
849
849
849
851
851
851
851
851
851
852
853
853
853
853
853
853
853
853
853
854
854
854
854
854
854
854
854
854
855
855
855
855
855
855
855
855
855
856
856
856
856
856
856
856
856
856
856
856
858
858
858
858
858
860
860
860
860
860
860
860
860
860
860
860
860
860
860
860
860
860
860
861
862
862
862
862
862
862
862
862
862
862
864
864
864
864
864
866
866
866
866
866
866
866
866
866
867
868
868
868
868
869
870
870
870
870
870
870
870
870
870
870
870
871
873
873
873
873
874
874
874
875
875
875
875
875
875
875
875
875
875
875
875
875
877
877
877
877
877
877
877
877
877
877
877
877
877
877
878
879
879
880
883
883
883
883
883
883
883
883
883
883
884
885
885
886
888
888
888
888
888
888
888
888
888
888
888
888
890
890
890
890
890
890
890
890
890
890
890
890
891
892
892
893
895
895
895
895
895
897
897
897
897
897
897
897
898
899
899
899
899
899
899
899
899
899
899
899
899
899
899
899
901
901
901
901
901
901
901
901
901
901
901
901
901
901
901
902
903
903
903
904
905
908
908
908
908
908
908
908
908
908
908
908
908
908
908
908
908
908
908
908
909
910
910
910
911
913
913
913
913
913
913
914
915
915
915
915
916
916
916
916
917
918
919
920
922
922
922
923
925
925
925
925
925
925
925
925
925
925
925
925
925
925
925
925
925
925
925
926
927
927
927
927
927
929
929
929
929
929
929
929
929
929
929
929
929
929
930
931
931
931
932
933
933
933
933
933
933
933
934
941
941
941
941
941
941
941
941
943
943
943
943
943
943
943
943
943
943
945
945
945
945
945
945
946
947
947
947
947
947
947
947
947
947
947
947
949
949
949
949
949
949
949
949
949
949
949
949
949
950
951
951
951
952
953
954
956
956
956
957
959
959
959
959
959
959
959
959
960
961
961
961
961
961
961
961
961
961
961
963
963
963
963
963
963
963
964
965
965
965
965
965
965
965
965
965
965
966
967
968
969
969
969
970
971
973
973
973
973
973
973
973
973
973
973
973
974
975
975
975
975
975
975
975
975
975
975
975
975
975
975
977
977
977
977
977
977
977
977
977
977
979
979
979
980
982
982
982
982
982
982
982
982
982
982
982
982
982
982
983
984
984
984
984
984
984
984
984
984
984
984
984
984
986
986
986
986
986
986
986
986
986
986
986
986
986
986
988
988
988
988
988
988
989
990
990
990
990
990
990
990
990
990
990
990
990
992
992
992
992
992
992
992
993
994
994
994
994
994
994
994
994
994
994
996
996
996
996
996
996
996
996
996
997
998
998
998
998
998
998
998
998
998
999
999
1000
1001
1001
1001
1001
1001
1001
1001
1002
1003
1005
1005
1005
1006
1008
1008
1008
1008
1008
1008
1008
1008
1008
1008
1008
1009
1010
1010
1010
1010
1010
1012
1012
1012
1012
1012
1012
1012
1012
1012
1012
1014
1014
1014
1014
1014
1014
1015
1016
1016
1016
1016
1016
1016
1016
1016
1016
1016
1016
1016
1016
1016
1018
1018
1018
1018
1018
1018
1018
1018
1018
1019
1021
1021
1021
1022
1024
1024
1024
1024
1024
1024
1024
1024
1024
1024
1024
1025
1026
1026
1026
1026
1026
1028
1028
1028
1028
1028
1028
1028
1028
1028
1028
1030
1030
1030
1030
1030
1030
1031
1032
1032
1032
1032
1032
1032
1032
1032
1032
1032
1032
1032
1032
1032
1034
1034
1034
1034
1034
1034
1034
1034
1034
1034
1036
1036
1036
1036
1036
1036
1036
1036
1036
1036
1038
1038
1038
1038
1038
1038
1038
1038
1038
1038
1038
1038
1038
1038
1038
1038
1038
1038
1038
1038
1039
1041
1041
1041
1042
1044
1044
1044
1044
1044
1044
1044
1044
1044
1044
1044
1045
1046
1046
1046
1046
1046
1048
1048
1048
1048
1048
1048
1048
1048
1048
1048
1050
1050
1050
1050
1050
1050
1051
1052
1052
1052
1052
1052
1052
1052
1052
1052
1052
1052
1052
1052
1052
1054
1054
1054
1054
1054
1054
1054
1054
1054
1056
1056
1056
1056
1056
1056
1056
1056
1056
1057
1059
1059
1059
1060
1062
1062
1062
1062
1062
1062
1062
1062
1062
1062
1062
1062
1062
1062
1063
1064
1064
1064
1064
1064
1066
1066
1066
1066
1066
1066
1066
1066
1066
1066
1068
1068
1068
1068
1068
1068
1069
1070
1070
1070
1070
1070
1070
1070
1070
1070
1070
1072
1072
1072
1072
1072
1072
1072
1072
1072
1074
1074
1074
1074
1074
1074
1074
1074
1074
1074
1076
1076
1076
1076
1076
1076
1077
1078
1078
1078
1078
1078
1078
1078
1078
1078
1079
1081
1081
1081
1081
1081
1081
1082
1083
1083
1083
1083
1083
1083
1083
1083
1083
1083
1085
1085
1085
1085
1085
1085
1085
1085
1085
1085
1087
1087
1087
1087
1087
1087
1087
1087
1087
1087
1087
1087
1087
1089
1089
1089
1089
1090
1090
1090
1090
1090
1090
1090
1090
1090
1090
1090
1091
1091
1091
1091
1091
1093
1093
1093
1093
1093
1093
1093
1093
1093
1094
1095
1095
1095
1095
1095
1095
1095
1095
1095
1096
1097
1097
1097
1097
1097
1097
1097
1097
1097
1098
1099
1101
1101
1101
1102
1104
1104
1104
1104
1104
1104
1104
1104
1104
1104
1104
1105
1106
1106
1106
1106
1107
1108
1108
1108
1108
1108
1108
1108
1108
1108
1109
1111
1111
1111
1111
1111
1113
1114
1115
1115
1115
1115
1115
1115
1115
1115
1115
1115
1115
1115
1115
1117
1117
1117
1117
1117
1117
1118
1119
1119
1119
1119
1119
1119
1119
1119
1119
1120
1121
1122
1122
1122
1122
1122
1123
1124
1124
1124
1124
1124
1124
1124
1124
1125
1126
1126
1126
1126
1126
1126
1126
1126
1126
1126
1126
1127
1128
1129
1129
1129
1129
1129
1130
1131
1131
1131
1131
1131
1131
1131
1131
1131
1131
1131
1131
1131
1131
1131
1131
1131
1131
1131
1132
1133
1133
1133
1133
1133
1134
1135
1135
1135
1135
1135
1135
1135
1135
1136
1137
1137
1137
1137
1137
1137
1137
1137
1137
1137
1137
1137
1137
1137
1137
1137
1137
1137
1137
1138
1139
1141
1141
1141
1142
1144
1144
1144
1144
1144
1144
1144
1144
1145
1146
1146
1146
1146
1146
1146
1146
1146
1146
1147
1148
1148
1148
1149
1150
1151
1152
1152
1152
1152
1152
1152
1152
1152
1152
1152
1152
1153
1154
1154
1154
1154
1154
1154
1154
1154
1154
1155
1156
1156
1156
1157
1158
1160
1160
1160
1161
1162
1164
1164
1164
1164
1164
1164
1164
1164
1165
1166
1166
1166
1166
1166
1166
1166
1166
1167
1169
1169
1169
1169
1169
1169
1169
1169
1169
1169
1169
1170
1171
1171
1171
1171
1171
1173
1173
1173
1173
1173
1175
1175
1175
1175
1175
1175
1176
1177
1177
1177
1177
1177
1177
1177
1177
1177
1177
1179
1179
1179
1179
1179
1179
1180
1181
1181
1181
1181
1181
1181
1181
1181
1181
1182
1182
1182
1182
1183
1185
1185
1185
1185
1185
1185
1186
1187
1187
1187
1187
1187
1187
1187
1187
1187
1187
1187
1187
1187
1187
1189
1189
1189
1189
1189
1189
1190
1191
1191
1191
1191
1191
1191
1191
1191
1191
1191
1191
1193
1193
1193
1193
1193
1193
1193
1193
1193
1193
1193
1194
1195
1195
1195
1195
1195
1195
1195
1196
1197
1198
1199
1199
1199
1199
1200
1201
1202
1203
1205
1205
1205
1206
1208
1208
1208
1208
1208
1208
1208
1208
1209
1210
1210
1210
1210
1210
1212
1212
1212
1212
1212
1212
1213
1214
1214
1214
1214
1214
1214
1214
1214
1214
1214
1214
1216
1216
1216
1216
1216
1216
1216
1217
1219
1219
1219
1220
1222
1222
1222
1222
1222
1222
1222
1222
1223
1224
1224
1224
1224
1224
1226
1226
1226
1226
1226
1226
1226
1226
1226
1226
1226
1226
1228
1228
1228
1228
1228
1228
1228
1229
1230
1230
1230
1230
1230
1230
1230
1230
1232
1232
1232
1232
1232
1232
1232
1232
1232
1232
1232
1232
1232
1232
1232
1232
1233
1234
1234
1234
1234
1234
1234
1234
1234
1234
1234
1234
1234
1234
1234
1234
1234
1234
1234
1234
1234
1234
1234
1234
1234
1234
1235
1236
1238
1238
1238
1238
1238
1238
1239
1240
1240
1240
1240
1241
1243
1243
1243
1244
1246
1246
1246
1246
1246
1246
1246
1246
1247
1248
1248
1248
1248
1248
1250
1250
1250
1250
1250
1250
1250
1250
1250
1250
1250
1250
1252
1252
1252
1252
1252
1252
1252
1252
1252
1254
1254
1254
1254
1254
1254
1254
1255
1256
1256
1256
1256
1256
1256
1256
1256
1258
1258
1258
1258
1258
1258
1258
1258
1258
1258
1260
1260
1260
1260
1260
1260
1260
1261
1262
1262
1262
1262
1262
1262
1262
1262
1262
1262
1262
1262
1262
1262
1262
1263
1264
1266
1266
1266
1266
1266
1266
1267
1268
1268
1268
1268
1269
1271
1271
1271
1272
1274
1274
1274
1274
1274
1274
1274
1274
1274
1274
1274
1275
1276
1276
1276
1276
1276
1276
1276
1276
1278
1278
1278
1278
1278
1278
1278
1279
1280
1280
1280
1280
1280
1280
1280
1280
1280
1280
1280
1280
1280
1280
1280
1281
1283
1283
1283
1283
1283
1283
1283
1283
1285
1286
1287
1287
1287
1287
1287
1287
1287
1287
1287
1287
1287
1287
1289
1289
1289
1289
1289
1289
1289
1289
1290
1290
1290
1290
1290
1290
1290
1290
1291
1291
1291
1291
1291
1291
1291
1291
1293
1293
1293
1293
1293
1293
1293
1293
1293
1293
1293
1293
1294
1294
1294
1294
1294
1294
1294
1294
1294
1294
1294
1294
1296
1296
1296
1296
1296
1296
1296
1296
1296
1296
1296
1298
1298
1298
1298
1298
1298
1298
1298
1298
1298
1299
1300
1300
1300
1300
1300
1300
1300
1301
1303
1303
1303
1303
1303
1303
1303
1303
1303
1303
1305
1305
1305
1305
1305
1305
1305
1306
1308
1308
1308
1308
1308
1308
1308
1308
1308
1308
1308
1308
1308
1309
1311
1311
1311
1311
1311
1311
1311
1312
1313
1313
1313
1313
1313
1314
1315
1315
1315
1315
1315
1315
1316
1318
1318
1318
1318
1318
1318
1318
1319
1321
1321
1321
1321
1321
1321
1321
1321
1322
1323
1323
1323
1323
1323
1323
1323
1323
1323
1323
1323
1323
1323
1324
1326
1326
1326
1326
1326
1326
1326
1326
1326
1326
1326
1327
1328
1328
1328
1328
1328
1328
1328
1328
1328
1328
1328
1328
1328
1330
1330
1330
1330
1330
1330
1330
1330
1330
1330
1330
1332
1332
1332
1332
1332
1332
1332
1333
1335
1335
1335
1335
1335
1335
1335
1335
1336
1337
1337
1338
1338
1338
1338
1338
1338
1338
1339
1339
1339
1339
1339
1339
1339
1340
1340
1340
1340
1340
1340
1340
1341
1341
1341
1341
1341
1341
1341
1341
1342
1344
1344
1344
1344
1344
1344
1344
1344
1344
1344
1344
1345
1345
1345
1345
1345
1346
1347
1347
1347
1347
1347
1349
1349
1349
1349
1350
1351
1351
1351
1351
1351
1351
1351
1351
1351
1351
1351
1352
1354
1354
1354
1354
1354
1354
1355
1356
1356
1356
1356
1356
1356
1356
1356
1356
1358
1358
1358
1358
1358
1358
1359
1360
1360
1360
1360
1360
1360
1360
1360
1360
1360
1360
1361
1362
1362
1362
1362
1362
1362
1362
1362
1362
1363
1365
1365
1365
1365
1365
1365
1365
1365
1365
1365
1367
1367
1367
1367
1367
1367
1367
1367
1367
1368
1369
1371
1371
1371
1372
1373
1374
