6
6
6
6
6
6
6
6
6
6
6
8
8
8
8
8
8
8
8
8
8
8
8
8
8
9
9
9
9
9
9
9
9
9
9
9
9
9
9
10
10
10
10
10
10
10
10
10
10
10
10
10
10
11
11
11
11
11
11
11
11
11
11
11
11
11
11
12
12
12
12
12
12
12
12
12
12
12
12
12
12
13
13
13
13
13
13
13
13
13
13
13
13
13
13
14
14
14
14
14
14
14
14
14
14
14
14
14
14
15
15
15
15
15
15
15
15
15
15
15
15
15
15
16
16
16
16
16
16
16
16
16
16
16
16
16
16
17
17
17
17
17
17
17
17
17
17
17
17
17
17
18
18
18
18
18
18
18
18
18
18
18
18
18
18
19
19
19
19
19
19
19
19
19
19
19
19
19
19
20
20
20
20
20
20
20
20
20
20
20
20
20
20
21
21
21
21
21
21
21
21
21
21
21
21
21
21
22
22
22
22
22
22
22
22
22
22
22
22
22
22
23
23
23
23
23
23
23
23
23
23
23
23
23
23
24
24
24
24
24
24
24
24
24
24
24
24
24
24
25
25
25
25
25
25
25
25
25
25
25
25
25
25
26
26
26
26
26
26
26
26
26
26
26
26
26
26
27
27
27
27
27
27
27
27
27
27
27
27
27
27
28
28
28
28
28
28
28
28
28
28
28
28
28
28
29
29
29
29
29
29
29
29
29
29
29
29
29
29
30
30
30
30
30
30
30
30
30
30
30
30
30
30
31
31
31
31
31
31
31
31
31
31
31
31
31
31
32
32
32
32
32
32
32
32
32
32
32
32
32
32
33
33
33
33
33
33
33
33
33
33
33
33
33
33
34
34
34
34
34
34
34
34
34
34
34
34
34
34
35
35
35
35
35
35
35
35
35
35
35
35
35
35
36
36
36
36
36
36
36
36
36
36
36
36
36
36
37
37
37
37
37
37
37
37
37
37
37
37
37
37
38
38
38
38
38
38
38
38
38
38
38
38
38
38
39
39
39
39
39
39
39
39
39
39
39
39
39
39
40
40
40
40
40
40
40
40
40
40
40
40
40
40
41
41
41
41
41
41
41
41
41
41
41
41
41
41
42
42
42
42
42
42
42
42
42
42
42
42
42
42
43
43
43
43
43
43
43
43
43
43
43
43
43
43
44
44
44
44
44
44
44
44
44
44
44
44
44
44
45
45
45
45
45
45
45
45
45
45
45
45
45
45
46
46
46
46
46
46
46
46
46
46
46
46
46
46
47
47
47
47
47
47
47
47
47
47
47
47
47
47
49
49
49
49
49
49
49
50
50
50
50
50
50
50
51
51
51
51
51
51
51
53
53
53
53
53
53
53
53
53
53
53
54
54
54
54
54
54
54
54
54
54
54
55
55
55
55
55
55
55
55
55
55
55
56
56
56
56
56
56
56
56
56
56
56
57
57
57
57
57
57
57
57
57
57
57
58
58
58
58
58
58
58
58
58
58
58
59
59
59
59
59
59
59
59
59
59
59
60
60
60
60
60
60
60
60
60
60
60
61
61
61
61
61
61
61
61
61
61
61
62
62
62
62
62
62
62
62
62
62
62
63
63
63
63
63
63
63
63
63
63
63
64
64
64
64
64
64
64
64
64
64
64
65
65
65
65
65
65
65
65
65
65
65
66
66
66
66
66
66
66
67
67
67
67
67
67
67
69
69
69
69
69
70
71
71
71
71
72
72
72
72
74
74
74
74
74
74
74
74
74
74
74
74
74
74
74
74
74
74
75
75
75
75
75
75
75
75
75
75
75
75
75
75
75
75
75
75
80
80
80
80
80
80
80
80
81
81
81
81
81
81
81
81
82
82
82
82
82
82
82
82
83
83
83
83
83
83
83
83
84
84
84
84
84
84
84
84
85
85
85
85
85
85
85
85
86
86
86
86
86
86
86
86
87
87
87
87
87
87
87
87
88
88
88
88
88
88
88
88
90
90
90
90
90
90
90
90
92
92
92
92
92
92
92
92
93
93
93
93
93
93
93
93
94
94
94
94
94
94
94
94
95
95
95
95
95
95
95
95
97
97
97
97
97
97
97
97
98
98
98
98
98
98
98
98
99
99
99
99
99
99
99
99
100
100
100
100
100
100
100
100
101
101
101
101
101
101
101
101
103
103
103
103
103
103
103
103
104
104
104
104
104
104
104
104
105
105
105
105
105
105
105
105
110
110
110
110
110
110
110
110
112
112
112
112
112
112
112
112
113
113
113
113
113
113
113
113
115
116
117
117
117
117
117
117
117
117
117
119
119
119
119
119
119
119
119
119
121
121
121
121
121
121
121
121
121
123
123
123
123
123
123
123
123
123
124
124
124
124
124
124
124
124
124
125
125
125
125
125
125
125
125
125
127
127
127
127
127
127
127
127
127
129
129
129
129
129
129
129
129
129
130
130
130
130
130
130
130
130
130
131
131
131
131
131
131
131
131
131
132
132
132
132
132
132
132
132
132
133
133
133
133
133
133
133
133
133
134
134
134
134
134
134
134
134
134
136
136
136
136
136
136
136
136
136
138
138
138
138
138
138
138
138
138
140
140
140
140
140
140
140
140
140
142
142
142
142
142
142
142
142
142
143
143
143
143
143
143
143
143
143
144
144
144
144
144
144
144
144
144
146
146
146
146
146
146
146
146
146
147
147
147
147
147
147
147
147
147
149
149
149
149
149
149
149
149
149
150
150
150
150
150
150
150
150
150
151
151
151
151
151
151
151
151
151
152
152
152
152
152
152
152
152
152
154
154
154
154
154
154
154
154
154
156
156
156
156
156
156
157
157
157
158
158
158
158
158
158
158
158
158
159
159
159
159
159
159
160
160
160
161
161
161
161
161
161
162
162
162
163
163
163
163
163
163
163
163
163
165
165
165
165
165
165
166
166
166
168
168
168
168
168
168
168
168
168
170
170
170
170
170
170
170
170
170
172
172
172
172
172
172
173
173
173
175
175
175
175
175
175
177
177
177
177
177
177
177
177
177
178
178
178
178
178
178
178
178
178
179
179
179
179
179
179
179
179
179
181
181
181
181
181
181
181
181
181
182
182
182
182
182
182
182
182
182
183
183
183
183
183
183
183
183
183
185
187
187
187
187
187
187
187
187
188
188
188
188
188
188
188
188
189
189
189
189
189
189
189
189
189
189
189
189
189
189
189
191
191
191
191
191
191
192
193
193
193
193
193
195
195
195
195
195
195
195
196
196
196
196
196
196
196
197
197
197
197
197
197
197
198
198
198
198
198
198
198
199
199
199
199
199
199
199
200
200
200
200
200
200
200
201
201
201
201
201
201
201
202
202
202
202
202
202
202
203
203
203
203
203
203
203
204
204
204
204
204
204
204
205
205
205
205
205
205
205
206
206
206
206
206
206
206
207
207
207
207
207
207
207
208
208
208
208
208
208
208
209
211
211
212
212
212
212
212
213
214
214
214
214
215
217
217
217
217
217
218
219
219
219
219
219
219
219
219
219
219
219
219
221
221
221
221
221
221
221
222
223
223
223
223
223
223
223
223
224
225
225
225
226
226
226
226
226
227
227
228
228
229
229
230
231
232
234
234
235
235
235
235
235
235
235
236
237
237
237
237
237
237
237
237
237
237
237
237
238
239
239
239
239
239
239
241
242
243
243
243
243
243
243
243
243
243
243
243
244
245
245
245
245
245
245
245
245
245
245
246
246
246
246
246
246
246
246
246
247
248
249
249
249
249
249
250
251
251
251
251
251
251
251
251
251
252
253
254
256
256
256
256
256
256
256
256
256
256
256
256
256
257
258
258
258
258
258
260
260
260
260
260
260
262
262
262
262
262
262
262
262
262
262
262
263
264
264
264
264
264
264
264
264
264
265
265
265
265
265
265
265
265
265
265
265
265
265
265
267
267
267
267
268
269
269
269
270
271
271
271
271
271
271
271
271
271
272
272
273
275
275
275
276
277
277
277
277
277
277
277
277
277
277
278
278
278
278
278
278
278
278
278
279
279
280
282
282
282
283
284
284
284
284
284
284
284
284
284
285
285
286
288
288
288
289
290
290
290
290
290
290
290
290
290
291
291
292
294
294
294
295
296
296
296
296
296
296
296
296
296
296
296
296
296
297
297
298
300
300
300
301
302
302
302
302
302
302
302
302
302
302
304
304
304
304
304
304
304
304
304
304
304
304
304
304
306
306
306
306
306
306
307
308
308
308
308
308
308
308
308
308
309
310
310
311
313
313
313
314
315
315
315
315
315
315
315
315
315
315
317
317
317
317
317
317
317
317
317
318
319
319
319
319
319
319
319
319
319
320
321
322
323
323
323
323
323
323
323
323
323
324
325
325
326
328
328
328
329
330
330
330
330
330
330
330
330
330
330
332
332
332
332
332
332
332
332
332
332
333
334
334
334
334
334
334
334
334
334
335
336
336
337
339
339
340
340
340
340
340
341
341
342
343
344
346
346
346
346
346
346
346
346
346
346
346
346
346
346
346
346
346
346
346
346
346
347
347
347
348
349
349
349
349
349
349
349
349
349
349
349
349
349
349
351
351
351
351
351
351
352
353
353
353
353
353
353
353
353
353
353
355
355
355
355
355
355
355
355
355
355
355
355
355
355
357
357
357
357
357
357
357
357
357
357
358
358
358
358
358
358
358
358
358
358
360
360
360
360
360
360
361
362
362
362
362
362
362
362
362
362
362
364
364
364
364
364
364
365
366
366
366
366
366
366
366
366
366
366
367
367
367
367
367
367
367
367
367
369
369
369
369
369
371
371
371
371
371
371
371
371
371
372
373
373
373
373
373
373
373
373
373
374
375
376
377
377
377
377
377
377
377
377
377
378
380
380
380
380
380
380
380
380
382
382
382
382
382
382
382
382
382
382
382
382
382
382
382
382
382
383
383
383
383
383
383
383
383
383
383
383
383
383
383
383
383
383
383
383
383
383
383
383
383
383
384
384
384
384
384
384
384
384
384
384
384
384
384
384
384
384
384
384
384
384
384
384
384
384
385
385
385
385
385
385
385
385
385
385
385
385
385
385
385
385
385
387
387
387
387
387
387
387
387
387
388
389
389
389
389
389
389
389
389
389
389
389
389
389
389
389
389
389
390
392
392
392
392
392
392
392
392
392
392
392
392
392
392
392
392
392
393
393
393
393
393
393
393
393
393
393
393
393
395
395
395
395
397
397
397
397
397
397
398
399
399
399
399
399
399
399
399
399
399
399
399
399
399
399
399
399
399
400
400
400
400
400
400
400
400
400
400
400
400
400
400
400
402
402
402
402
402
402
402
402
402
402
403
404
404
404
404
404
404
404
405
406
407
408
409
409
409
409
409
409
409
409
409
409
409
409
409
409
409
410
411
412
413
414
414
414
414
414
414
414
414
414
415
415
415
415
415
415
415
415
415
416
417
418
420
420
420
420
420
420
420
421
422
422
422
422
422
424
424
424
424
424
426
426
426
426
426
426
426
426
426
427
428
428
428
428
428
428
428
428
428
429
430
431
432
432
432
432
432
432
432
432
432
433
435
435
435
435
435
435
435
435
436
436
436
436
436
436
436
436
436
436
436
436
437
437
437
437
437
437
437
437
437
437
437
437
437
437
437
437
437
437
437
437
437
437
437
437
437
437
437
437
438
438
438
438
439
439
440
440
440
440
440
440
441
441
441
441
441
441
441
443
443
443
443
443
443
443
443
443
443
443
443
443
443
443
443
443
443
443
443
443
443
443
443
443
443
443
443
443
443
443
443
443
443
443
445
445
445
445
445
445
445
445
445
445
446
447
447
447
447
447
447
447
448
449
451
451
451
451
451
451
451
451
451
451
451
451
451
451
451
451
451
451
452
453
453
453
453
453
453
453
453
453
453
455
455
455
455
455
455
456
457
457
457
457
457
457
457
457
459
459
459
459
459
459
459
460
460
460
460
460
460
460
461
461
461
461
461
461
461
463
463
463
463
463
463
463
463
463
463
463
463
463
463
463
463
463
463
464
464
464
464
464
464
464
464
464
464
464
464
464
464
464
466
466
466
466
466
466
466
466
466
466
467
468
468
468
468
468
468
468
469
470
471
473
473
473
473
473
473
473
473
473
473
473
473
473
473
473
473
473
473
474
475
475
475
475
475
475
475
475
475
475
476
476
476
476
476
476
476
476
476
476
478
478
478
478
478
479
479
479
479
479
481
481
481
481
481
481
482
483
484
485
485
485
485
485
485
485
485
485
485
485
485
486
487
487
487
487
487
488
489
489
489
489
489
489
489
489
489
489
489
490
491
493
493
493
493
493
493
494
495
495
495
495
495
495
495
495
495
495
495
495
495
495
495
495
496
497
497
497
497
498
499
499
499
499
499
499
499
499
499
499
499
499
499
499
499
499
499
500
501
501
501
501
502
503
504
505
506
507
507
507
507
507
507
507
507
507
508
509
509
509
509
509
510
511
511
511
511
511
511
511
511
511
511
511
512
513
514
516
516
516
516
516
518
518
518
518
518
518
518
518
518
518
518
518
518
518
519
520
520
520
520
520
520
520
520
520
522
522
522
522
523
525
525
525
525
525
525
526
527
527
527
527
527
527
527
527
529
529
529
529
529
529
529
530
530
530
530
530
530
530
531
531
531
531
531
531
531
532
532
532
532
532
532
532
533
533
533
533
533
533
533
534
534
534
534
534
534
534
535
535
535
535
536
536
536
538
538
538
538
538
538
538
538
538
538
538
538
538
538
538
538
538
538
538
538
538
538
539
539
539
539
539
539
539
539
539
539
539
541
541
541
541
541
541
541
541
541
541
542
543
543
543
543
543
543
543
544
545
546
548
548
549
549
549
549
549
549
549
549
549
549
549
549
550
551
551
551
551
551
551
551
551
551
552
553
554
