18
18
18
18
18
18
18
18
18
18
18
20
20
20
20
20
20
20
22
22
22
22
22
22
22
22
22
22
22
22
22
40
40
40
40
40
41
42
42
42
42
42
47
47
47
47
48
49
49
49
49
49
49
49
50
58
58
58
58
58
58
58
58
59
60
60
60
60
60
60
60
61
73
73
74
74
74
74
74
74
74
74
75
76
76
76
76
76
76
76
76
77
78
78
78
78
78
78
78
78
78
78
78
78
79
80
97
97
98
98
98
98
98
98
98
98
99
99
99
99
99
99
99
99
100
101
101
101
101
101
101
101
101
102
103
103
103
103
103
103
103
103
103
104
104
104
104
104
104
104
105
106
113
113
113
113
113
113
113
113
114
115
115
115
115
115
115
115
116
117
118
