18
18
18
18
18
18
18
18
18
18
18
20
20
20
20
20
20
20
21
21
21
21
21
21
21
22
22
22
22
22
22
22
23
23
23
23
23
23
23
23
23
25
25
25
25
25
25
25
26
26
26
26
26
26
26
26
26
28
28
28
28
28
28
28
28
28
28
28
28
28
37
37
37
37
37
38
42
42
42
43
45
45
45
45
45
48
48
48
48
48
50
50
50
50
50
52
52
52
52
52
52
52
53
53
53
53
53
53
54
59
59
59
59
59
59
60
61
61
61
61
61
62
63
70
70
70
70
70
70
71
72
91
91
91
91
91
91
91
91
92
92
92
92
92
92
92
92
93
93
93
93
93
94
94
94
95
96
96
96
96
96
96
96
96
96
96
96
96
96
96
97
97
97
97
97
97
98
98
98
99
101
101
101
101
101
102
102
102
104
104
104
105
105
105
106
106
106
106
106
106
106
106
106
106
106
106
106
106
106
106
106
106
106
106
106
106
107
107
107
107
108
108
108
108
108
108
109
109
109
111
111
111
111
111
111
111
111
111
111
111
111
111
111
111
111
111
111
111
111
111
111
111
111
113
113
113
113
113
113
113
113
113
113
113
114
114
114
114
114
114
114
114
114
114
114
114
114
114
114
114
114
114
114
114
116
116
116
116
116
116
116
116
116
116
116
116
116
116
116
116
116
116
116
116
116
116
116
118
118
118
118
118
118
118
118
118
118
118
118
118
118
118
119
119
119
119
119
119
119
119
119
119
119
119
119
119
119
119
119
119
119
119
120
120
120
120
120
120
120
120
120
120
120
120
120
120
120
120
120
121
121
121
121
121
121
121
121
121
122
122
122
122
122
122
122
122
122
122
122
122
122
122
122
122
122
122
122
122
122
124
124
124
124
124
124
124
124
124
124
124
124
124
124
124
125
125
126
126
126
127
128
137
137
137
137
137
137
137
137
137
137
138
139
139
139
139
139
139
139
139
139
139
139
139
139
139
140
140
140
140
140
140
140
140
141
142
142
142
142
142
142
142
142
142
142
142
143
143
143
143
143
143
143
144
145
145
145
145
145
145
145
145
145
145
145
145
145
145
146
147
147
147
147
147
147
147
148
149
150
