18
18
18
18
18
18
18
18
18
18
18
18
18
20
20
20
20
20
20
20
21
21
21
21
21
21
21
23
23
23
23
23
23
23
23
23
23
23
23
23
24
24
24
24
24
24
24
24
24
24
24
24
24
36
36
36
36
37
39
39
39
39
39
39
39
39
39
39
39
40
41
41
41
41
41
41
41
41
41
44
44
44
44
44
44
44
45
45
45
45
45
45
45
46
46
46
46
46
46
46
46
46
46
46
46
46
46
46
46
46
47
47
47
47
47
47
48
50
50
50
50
50
50
50
50
50
50
50
51
52
52
52
52
52
52
52
52
52
55
55
55
55
55
55
55
56
56
56
56
56
56
57
57
57
57
57
57
57
57
57
57
58
58
58
58
58
58
58
58
58
58
58
58
58
59
59
59
59
59
59
60
63
63
63
63
63
63
63
63
63
63
63
64
66
66
66
66
66
66
66
66
67
68
69
70
70
70
70
70
70
70
70
71
72
72
72
72
72
72
73
74
74
74
74
74
74
75
75
75
75
75
75
75
76
77
78
78
78
78
78
78
78
78
78
78
78
78
78
78
78
78
78
78
78
79
80
81
82
82
82
82
82
82
82
82
83
84
84
84
84
84
84
85
86
86
86
86
86
86
87
87
87
87
87
87
87
88
89
90
91
92
92
92
92
92
92
92
92
92
93
93
93
93
93
93
93
94
96
98
100
