18
18
18
18
18
18
18
18
18
18
18
20
20
20
20
20
20
20
21
21
21
21
21
21
21
44
44
44
44
44
44
45
47
47
47
47
47
47
47
47
50
50
50
50
50
50
50
50
53
53
53
53
53
53
53
53
56
56
56
56
56
56
56
56
61
61
61
61
61
61
61
61
64
64
64
64
64
64
64
64
67
67
67
67
67
67
67
67
70
70
70
70
70
70
70
70
73
73
73
73
73
76
76
76
76
76
87
87
87
87
87
87
87
87
88
89
89
89
89
89
89
89
89
89
89
89
89
89
89
89
89
89
89
89
90
90
90
91
91
91
91
92
92
92
92
92
92
93
93
93
93
95
95
95
95
95
95
95
95
96
96
96
96
96
96
96
96
98
98
98
98
98
98
98
98
98
98
98
98
99
99
99
99
99
99
99
100
102
102
102
102
102
102
102
102
102
102
102
102
102
102
102
102
102
102
102
102
102
104
104
104
104
104
104
104
105
105
105
105
105
105
105
106
108
108
108
108
109
109
109
109
109
109
109
111
111
111
111
111
111
111
111
111
111
111
111
111
112
113
113
113
113
113
113
113
113
113
113
113
113
113
114
114
114
115
117
117
117
117
117
117
117
117
118
129
129
129
129
129
129
129
129
129
129
129
130
130
130
130
130
130
130
130
131
132
132
132
132
132
132
132
132
132
132
132
134
134
134
134
134
134
135
135
135
135
135
135
136
143
143
143
143
143
144
145
145
145
146
154
154
154
154
154
155
156
156
156
157
172
172
173
173
173
173
173
174
175
175
175
175
175
175
176
176
176
176
178
178
178
178
178
178
178
178
180
180
180
180
180
180
180
180
180
180
181
181
181
181
181
181
181
182
182
182
182
182
182
182
182
182
182
183
183
183
183
183
183
183
183
183
183
183
183
183
183
183
183
183
183
183
184
184
184
184
184
184
184
184
184
184
184
184
184
184
186
186
186
186
186
186
186
186
186
186
186
186
186
186
186
186
186
186
186
188
188
188
188
188
188
188
188
188
190
190
190
190
190
190
190
190
190
190
190
190
190
190
190
191
205
205
206
206
206
206
206
206
206
206
206
206
206
206
206
207
208
208
208
208
210
210
210
210
210
210
210
210
212
212
212
212
212
212
212
213
213
213
213
213
213
213
213
213
213
214
214
214
214
214
214
214
214
214
214
214
214
214
214
214
214
214
214
214
215
215
215
215
215
215
215
215
215
215
215
215
215
215
217
217
217
217
217
217
217
217
217
217
217
217
217
217
217
217
217
217
217
219
219
219
219
219
219
219
219
219
221
221
221
221
221
221
221
222
222
222
222
222
222
222
223
223
223
223
223
223
223
224
224
224
224
224
224
224
224
224
226
226
226
227
233
233
234
234
234
234
234
234
235
235
235
235
235
235
235
235
235
235
235
235
235
235
235
236
237
238
