6
6
6
6
6
6
6
6
6
6
6
8
8
8
8
8
8
8
9
9
9
9
9
9
9
10
10
10
10
10
10
10
11
11
11
11
11
11
11
13
13
13
13
13
13
13
13
13
13
13
15
15
15
16
17
17
17
17
17
17
17
19
19
19
19
21
21
21
21
23
23
23
23
24
25
25
25
25
25
25
25
25
25
26
28
28
28
28
28
29
30
30
30
30
30
30
31
31
31
31
32
32
32
32
33
35
35
35
35
35
35
35
36
37
37
37
37
37
37
37
37
37
38
38
38
38
38
38
38
38
38
38
38
40
40
40
40
40
40
40
40
41
42
42
42
42
43
43
43
43
44
45
46
47
47
47
47
47
47
47
47
47
47
47
48
48
48
48
48
48
48
48
48
48
48
49
51
51
51
51
51
51
51
52
54
54
54
54
54
54
54
54
55
56
56
56
56
56
56
56
56
56
56
56
56
56
57
58
58
59
59
59
59
59
59
59
59
59
59
60
61
61
61
61
61
61
61
61
61
61
61
61
61
61
61
61
61
61
62
63
63
63
65
65
65
66
68
68
68
68
68
69
70
70
70
71
73
73
73
73
73
74
75
75
75
76
78
78
79
79
79
79
79
80
81
81
81
81
81
81
81
81
81
81
81
81
82
82
82
83
84
85
