6
6
6
6
6
6
6
6
6
6
6
8
8
8
8
8
8
8
9
9
9
9
9
9
9
10
10
10
10
10
10
10
11
11
11
11
11
11
11
11
11
12
12
12
12
12
12
12
12
12
13
13
13
13
13
13
13
14
14
14
14
14
14
14
15
15
15
15
15
15
15
17
17
17
17
17
17
17
17
17
17
17
18
18
18
18
18
18
18
18
18
18
18
20
20
20
20
20
20
20
21
22
22
22
22
24
24
24
24
24
24
24
25
25
25
25
25
25
25
25
27
27
27
27
27
27
27
27
28
29
29
29
29
31
31
31
31
31
31
31
31
31
31
31
31
31
33
33
33
33
33
33
33
33
33
33
33
33
33
34
35
35
35
35
35
35
35
35
35
36
38
38
38
38
38
38
38
38
39
41
41
42
42
42
42
42
42
42
42
42
42
42
42
42
42
42
42
42
42
42
42
42
42
43
43
44
45
45
45
45
45
45
45
45
45
45
45
45
45
47
47
47
47
47
47
47
47
47
47
47
49
49
49
49
49
49
49
49
49
49
49
49
49
51
51
51
51
51
51
51
51
51
51
51
51
51
51
51
52
52
53
53
54
54
54
54
54
54
54
54
54
54
56
56
56
56
56
56
56
58
58
58
58
58
58
58
58
58
58
59
60
60
60
60
60
60
60
61
61
61
61
61
61
61
61
61
61
62
64
64
64
64
64
64
64
65
66
66
66
66
66
66
66
66
66
66
66
67
69
69
69
69
69
69
69
69
70
71
71
