2
2
2
3
4
4
4
4
4
4
4
4
6
6
6
6
6
6
6
6
6
6
6
6
8
8
8
8
9
10
10
10
10
12
12
12
12
12
14
14
14
14
14
14
15
15
15
15
15
15
16
16
16
16
16
16
17
17
17
17
17
17
18
18
18
18
18
18
19
19
19
19
19
19
19
20
20
20
20
20
20
21
21
21
21
21
21
22
22
22
22
22
22
23
23
23
23
23
23
25
25
25
25
25
25
25
25
25
25
25
26
28
28
28
28
28
29
30
30
30
30
30
30
30
30
30
30
30
30
30
30
30
30
32
32
32
32
32
32
32
32
32
32
32
32
32
32
33
34
34
34
34
34
34
34
34
34
34
34
35
36
38
38
38
38
38
39
40
40
40
40
40
41
41
41
41
41
41
41
41
41
41
41
41
41
41
41
42
43
43
43
43
43
43
43
44
45
45
45
46
48
48
48
48
48
49
50
50
50
50
50
51
51
51
51
51
51
51
51
51
51
51
51
51
51
51
52
53
53
53
53
53
53
53
54
55
55
55
56
58
58
58
58
58
59
60
60
60
60
60
61
61
61
61
61
61
61
61
61
61
61
61
61
61
61
62
63
63
63
63
63
63
63
64
65
65
65
66
68
68
68
68
68
69
70
70
70
70
70
71
71
71
71
71
71
71
71
71
71
71
71
71
71
71
72
73
73
73
73
73
73
73
74
75
75
75
76
78
78
78
78
78
79
80
80
80
80
80
81
81
81
81
81
81
81
81
81
81
81
81
81
81
81
82
83
83
83
83
83
83
83
84
85
85
85
86
88
88
88
88
88
88
88
89
90
90
90
90
90
91
91
91
91
91
91
91
91
91
91
91
91
91
91
91
92
93
93
93
93
93
93
93
94
95
95
95
96
98
98
98
98
98
99
100
100
100
100
100
101
101
101
101
101
101
101
101
101
101
101
101
101
101
102
104
104
104
104
104
104
104
104
104
104
105
106
106
106
107
110
110
110
110
110
111
112
112
112
112
112
114
114
114
114
114
114
114
114
114
114
114
114
114
114
114
115
116
116
116
116
116
116
116
116
116
117
118
118
119
120
121
122
122
122
122
122
122
122
123
124
126
126
126
127
130
130
130
130
130
131
132
132
132
132
132
134
134
134
134
134
134
134
134
134
134
134
134
134
134
134
135
136
136
136
136
136
136
136
136
136
137
138
138
139
140
140
140
140
140
140
140
140
140
140
141
142
142
143
144
145
146
146
146
146
146
146
146
147
148
150
150
150
151
154
154
154
154
154
155
156
156
156
156
156
158
158
158
158
158
158
158
158
158
158
158
158
158
158
158
159
160
160
160
160
160
160
160
160
160
161
162
162
163
164
164
164
164
164
164
164
164
164
164
165
166
166
167
168
168
168
168
168
168
168
168
168
168
169
170
170
171
172
172
172
172
172
172
172
172
172
172
173
174
174
175
176
177
178
178
178
178
178
178
178
179
180
182
182
182
183
185
185
185
185
185
185
185
185
185
185
186
187
187
187
187
187
188
189
190
