18
18
18
18
18
18
18
18
18
18
18
20
20
20
20
20
20
20
21
21
21
21
21
21
21
22
22
22
22
22
22
22
23
23
23
23
23
23
23
24
24
24
24
24
24
24
25
25
25
25
25
25
25
125
125
125
125
130
130
130
130
130
130
130
130
138
138
138
138
138
138
138
138
143
143
143
143
143
143
143
143
148
148
148
148
148
148
148
148
153
153
153
153
153
153
153
153
158
158
158
158
158
158
158
158
163
163
163
163
163
163
163
163
168
168
168
168
168
168
168
168
178
178
178
178
178
178
178
178
185
185
185
185
185
185
185
185
193
193
193
193
193
193
193
193
195
195
195
195
195
195
195
195
195
195
195
195
195
195
195
195
195
195
196
196
203
203
203
203
203
203
203
203
203
203
203
204
204
204
204
204
204
204
204
204
204
204
205
205
205
205
205
205
205
205
205
205
205
206
206
206
206
206
206
206
206
206
206
206
206
206
206
206
206
206
207
207
207
207
207
207
207
207
207
207
207
207
207
207
207
207
207
208
208
208
208
208
208
208
208
208
208
208
208
208
208
208
208
208
209
209
209
209
209
209
209
209
209
209
209
209
209
209
209
209
209
210
210
210
210
210
210
210
210
210
210
210
210
210
210
210
210
210
211
211
211
211
211
211
211
211
211
211
211
211
211
211
211
211
211
212
212
212
212
212
212
212
212
212
212
212
212
212
212
212
212
212
213
213
213
213
213
213
213
213
213
213
213
213
213
213
213
213
213
214
214
214
214
214
214
214
214
214
214
214
214
214
214
214
214
214
215
215
215
215
215
215
215
215
215
215
215
215
215
215
215
215
215
216
216
216
216
216
216
216
216
216
216
216
216
216
216
216
216
216
219
219
219
219
219
219
219
219
219
221
229
229
229
229
229
229
229
229
229
229
230
230
230
230
230
230
230
230
230
230
230
231
231
231
231
231
231
231
231
231
231
231
231
232
232
232
232
232
232
232
233
233
233
234
242
242
242
242
242
242
242
242
242
242
243
243
243
243
243
243
243
244
254
254
254
254
254
254
254
254
254
254
255
255
255
255
255
255
255
255
255
255
255
256
256
256
256
256
256
256
257
257
257
257
257
257
257
258
258
258
258
258
258
258
258
258
258
259
260
260
260
260
260
260
260
261
261
261
261
261
261
261
261
261
262
263
264
264
264
264
264
264
264
264
264
265
267
267
267
267
267
267
267
267
267
267
267
267
268
268
268
268
268
268
268
268
268
268
268
268
269
269
269
269
269
269
269
269
269
269
270
270
270
270
270
270
270
271
271
271
271
271
271
271
272
273
273
273
273
273
273
273
273
273
273
273
273
274
274
274
274
274
275
275
275
275
275
275
275
275
275
276
276
276
276
276
276
276
276
276
276
276
276
277
278
278
278
278
278
278
278
279
279
279
280
282
282
282
282
282
283
283
283
283
285
285
285
285
287
287
287
287
287
287
289
289
289
289
291
291
291
291
293
293
293
293
295
295
295
295
300
300
300
300
300
301
301
301
301
301
302
310
310
310
310
310
310
310
310
311
311
311
311
311
311
311
311
312
312
312
312
312
312
312
312
313
313
313
313
313
313
313
313
314
314
314
314
314
314
314
314
315
315
315
315
315
315
315
315
316
316
316
316
316
316
316
316
317
317
317
317
317
317
317
317
318
318
318
318
318
318
318
318
319
328
328
328
328
328
328
328
328
329
329
329
329
329
329
330
333
333
333
333
333
333
333
333
333
333
333
334
334
334
334
334
334
335
335
335
335
335
335
335
335
336
336
336
336
336
336
336
336
337
337
337
337
337
337
337
337
338
338
338
338
338
338
338
338
339
339
339
339
339
339
339
339
340
340
340
340
340
340
340
340
341
341
341
341
341
341
341
341
342
352
352
352
352
352
352
352
352
352
352
352
352
352
352
352
352
353
353
353
353
353
354
354
354
354
354
354
355
355
355
355
355
355
356
368
368
368
368
368
368
368
368
368
368
368
368
368
368
368
368
368
368
368
369
369
369
369
369
369
369
369
369
370
370
370
370
370
371
371
371
371
371
371
372
372
372
372
372
372
373
373
373
373
373
373
374
374
374
374
374
374
375
375
375
375
375
375
376
390
390
390
390
390
390
390
390
390
390
390
390
390
390
390
390
390
390
390
391
391
391
391
391
391
391
391
391
391
391
391
391
391
391
391
391
392
392
392
392
392
393
393
393
393
393
393
394
394
394
394
394
394
395
395
395
395
395
395
396
396
396
396
396
396
397
397
397
397
397
397
398
398
398
398
398
398
399
399
399
399
399
399
400
407
407
407
407
407
407
408
408
408
409
417
417
417
417
417
417
418
418
418
419
428
428
428
428
428
428
429
429
429
430
439
439
439
439
439
439
440
440
440
441
448
448
448
448
448
448
449
449
449
450
459
459
459
459
459
459
460
460
460
461
470
470
470
470
470
470
471
471
471
471
471
472
482
482
482
482
482
482
483
483
483
484
498
498
498
498
498
498
498
498
498
499
499
499
499
499
499
500
516
516
516
516
516
516
516
516
516
517
517
517
517
517
517
518
535
535
535
535
535
535
535
535
535
536
536
536
536
536
536
537
563
563
563
563
563
563
563
563
563
564
564
564
564
564
564
565
579
579
579
579
579
579
579
579
579
580
580
580
580
580
580
581
596
596
596
596
596
596
596
596
596
597
597
597
597
597
597
598
608
608
608
608
608
608
608
608
608
609
609
609
609
609
609
610
612
613
