18
18
18
18
18
18
18
18
18
18
18
20
20
20
20
20
20
20
21
21
21
21
21
21
21
30
30
30
30
30
31
31
31
31
31
31
31
31
32
32
32
32
32
40
40
40
40
40
40
40
40
41
41
41
41
41
41
41
41
41
41
41
42
42
42
42
42
42
43
58
58
58
58
58
58
58
58
58
59
59
59
59
59
59
59
60
68
68
69
69
69
69
69
69
70
70
70
70
70
70
70
70
70
71
71
71
71
71
71
71
73
73
73
73
73
73
73
75
75
75
75
75
75
75
75
77
77
77
77
77
77
77
77
77
78
78
78
78
78
78
78
79
79
79
79
79
79
79
79
79
79
79
81
81
81
81
81
81
81
81
81
82
82
82
82
82
82
82
83
83
83
83
83
83
83
83
83
83
83
84
85
85
85
85
85
85
85
86
88
88
88
88
88
88
88
89
89
89
89
89
89
89
91
91
91
91
91
91
91
92
94
95
