18
18
18
18
18
18
18
18
18
18
18
20
20
20
20
20
20
20
21
21
21
21
21
21
21
22
22
22
22
22
22
22
24
24
24
24
24
24
24
24
24
24
24
24
24
34
34
34
34
34
34
34
35
35
35
35
35
35
35
35
36
36
36
36
36
36
36
36
37
37
37
37
37
37
37
37
38
38
38
38
45
45
45
45
45
45
45
45
46
46
46
46
46
47
47
47
47
48
50
50
51
51
51
51
51
51
51
51
52
52
52
52
54
54
54
54
54
54
54
54
56
56
56
56
56
56
56
57
57
57
57
57
58
60
60
60
61
64
64
65
65
65
65
65
65
66
66
66
67
75
75
76
76
76
76
76
76
76
76
77
77
77
77
79
79
79
79
79
79
79
80
80
80
80
81
81
81
82
84
84
84
84
84
84
84
84
86
86
86
86
86
87
87
87
88
88
88
88
89
89
89
90
90
90
91
91
91
91
91
91
91
92
92
92
92
93
93
93
94
96
96
97
97
97
97
98
98
98
99
102
111
111
112
112
112
112
112
112
112
112
112
112
112
112
112
113
113
113
113
113
113
113
113
113
113
113
113
114
126
126
127
127
127
127
127
127
127
127
127
127
127
127
127
127
127
127
127
127
127
128
128
128
129
129
129
129
131
131
131
131
131
131
131
132
132
132
133
135
135
135
135
135
135
137
137
137
137
137
137
137
138
138
138
138
139
142
142
142
142
142
142
142
143
143
143
143
144
146
146
146
146
146
146
146
146
146
146
146
146
146
146
146
147
147
147
147
147
148
150
150
150
150
152
152
153
153
153
153
153
153
153
153
153
153
153
154
154
154
154
154
154
154
154
154
154
154
154
154
154
154
154
154
154
154
154
154
156
156
156
156
156
157
158
159
