18
18
18
18
18
18
18
18
18
18
18
20
20
20
20
20
20
20
21
21
21
21
21
21
21
39
39
39
39
39
39
40
41
41
41
41
41
41
41
41
42
42
42
42
42
42
42
42
43
43
43
43
43
43
43
43
45
45
45
45
46
46
46
46
55
55
55
55
55
55
55
56
57
57
57
57
57
58
58
58
58
58
58
59
59
59
59
59
59
60
71
71
72
72
72
72
72
72
72
73
74
74
74
74
75
76
76
76
76
76
76
76
77
77
78
80
80
80
80
80
80
80
81
81
81
81
81
81
81
82
82
82
82
82
82
82
82
82
83
83
83
83
83
83
83
84
86
86
86
86
86
86
86
88
88
88
88
88
88
89
89
89
89
90
91
100
100
101
101
101
101
101
101
101
102
103
103
103
103
104
105
105
105
105
105
105
106
107
117
117
118
118
118
118
118
118
118
118
118
118
118
118
119
120
120
120
120
120
120
120
120
120
120
120
121
134
134
135
135
135
135
135
135
135
135
135
135
135
135
135
135
135
135
135
135
136
137
137
137
137
138
139
139
139
139
139
139
139
139
140
140
140
140
140
140
140
140
140
141
142
143
157
157
158
158
158
158
158
158
158
158
158
158
159
160
160
160
160
161
162
162
162
162
163
164
164
164
165
165
165
165
166
166
166
166
166
166
166
167
167
168
168
168
169
169
169
169
169
169
169
170
170
170
170
170
170
170
171
172
172
172
172
172
172
172
173
173
173
173
174
174
175
175
175
177
177
177
177
177
177
177
178
178
178
178
178
178
178
179
181
181
182
182
182
182
183
183
183
183
183
183
183
184
185
186
196
196
197
197
197
197
197
197
197
197
197
197
198
199
199
199
199
199
199
199
199
199
200
212
212
213
213
213
213
213
213
213
213
213
213
213
213
213
213
213
213
213
213
214
215
215
215
215
215
215
215
215
215
215
215
215
215
216
218
219
