18
18
18
18
18
18
18
18
18
18
18
20
20
20
20
20
20
20
21
21
21
21
21
21
21
22
22
22
22
22
22
22
23
23
23
23
23
23
23
24
24
24
24
24
24
24
25
25
25
25
25
25
25
26
26
26
26
26
26
26
27
27
27
27
27
27
27
28
28
28
28
28
28
28
28
28
30
30
30
30
30
30
30
30
30
30
30
30
30
77
77
77
77
81
81
81
81
81
81
81
81
81
81
81
81
81
81
82
82
82
82
82
82
82
82
82
82
82
82
82
82
84
84
84
84
84
84
84
84
84
84
84
84
84
85
85
85
85
85
88
88
88
88
88
90
90
90
90
90
90
90
90
91
91
91
91
91
91
91
92
98
98
98
98
98
98
98
98
98
98
98
99
99
99
99
99
99
100
100
100
100
100
100
100
101
101
101
101
101
101
101
101
101
101
102
102
102
103
103
103
103
103
103
104
105
116
116
116
116
116
116
116
117
117
118
119
119
119
119
119
119
119
119
120
140
140
140
140
140
140
140
140
140
140
141
141
142
143
143
143
143
143
143
143
143
143
143
143
144
163
163
163
163
163
163
163
163
163
163
163
164
165
165
165
165
165
165
165
165
165
165
165
165
166
166
166
166
166
166
166
166
166
166
166
167
167
167
167
167
167
167
167
167
167
167
167
167
167
167
168
168
168
168
168
168
168
168
168
168
168
168
168
168
168
168
168
168
168
168
168
168
168
168
169
194
194
194
194
194
194
194
194
194
194
194
195
195
195
195
195
195
195
195
195
195
195
195
195
195
196
196
196
196
196
197
197
197
197
197
197
197
197
197
197
197
197
197
197
197
198
198
198
198
198
198
198
198
198
198
198
198
199
199
199
199
199
199
199
199
199
199
199
199
200
200
200
200
200
200
200
200
200
201
201
201
201
201
201
201
201
202
203
203
203
203
203
203
203
204
204
204
205
206
206
206
206
206
206
206
206
208
236
236
236
236
236
236
236
236
236
236
236
237
237
237
237
237
237
237
237
237
237
237
237
237
237
238
238
238
238
238
239
239
239
239
239
239
239
239
239
239
239
239
239
239
239
240
240
240
240
240
240
240
240
240
240
240
240
241
241
241
241
241
241
241
241
241
241
241
241
242
242
242
242
242
242
242
242
242
243
243
243
243
243
243
243
243
244
245
245
245
245
245
245
245
245
245
246
246
246
247
248
248
248
248
248
248
248
248
249
258
258
258
258
258
258
259
259
259
259
259
259
259
260
269
269
269
269
269
269
270
270
270
270
270
270
270
271
284
284
284
284
284
284
284
284
284
284
284
284
284
284
284
285
285
285
285
285
285
285
285
285
286
286
286
286
286
286
286
286
286
286
286
286
286
286
286
288
288
288
288
288
288
288
288
288
288
288
288
290
290
290
290
290
290
290
291
291
291
291
291
291
291
291
291
292
292
292
292
292
292
292
292
292
292
292
293
294
295
303
303
304
304
304
304
304
304
304
304
304
304
304
305
305
305
305
305
305
305
306
318
318
318
318
318
318
318
318
318
318
318
318
318
318
318
319
319
319
319
319
319
319
319
319
319
319
320
320
320
320
320
320
320
321
321
321
321
321
321
321
321
321
321
321
322
322
322
322
323
330
330
330
330
330
330
331
331
331
331
331
331
331
331
331
331
331
331
332
334
335
