6
6
6
6
6
6
6
6
6
8
8
8
8
8
8
8
9
9
9
9
9
9
9
10
10
10
10
10
10
10
11
11
11
11
11
11
11
13
13
13
13
13
13
13
13
13
13
13
14
14
14
14
14
14
14
14
14
14
14
15
15
15
15
15
15
15
15
15
15
15
16
16
16
16
16
16
16
16
16
16
16
18
18
18
19
20
20
20
20
20
20
20
22
22
22
22
22
22
22
22
22
22
22
22
22
23
23
23
23
23
23
23
23
23
23
23
24
26
26
26
26
26
26
26
26
26
26
26
26
28
28
28
28
28
30
30
30
30
30
32
32
32
32
32
34
34
34
34
34
36
36
36
36
36
38
38
38
38
38
40
40
40
40
40
42
42
42
42
42
44
44
44
44
44
45
45
