6
6
6
6
6
6
6
6
6
8
8
8
8
8
8
8
9
9
9
9
9
9
9
11
11
11
11
11
11
11
11
11
11
11
11
11
12
12
12
12
12
12
12
12
12
12
12
12
12
13
13
13
13
13
13
13
13
13
13
13
13
13
15
15
15
16
17
17
17
17
17
19
19
19
19
19
21
21
21
21
21
21
21
21
23
23
23
23
23
23
23
23
23
23
25
25
25
25
25
26
26
26
26
26
27
27
27
27
27
29
29
29
29
29
30
30
30
30
30
31
31
31
31
31
32
32
32
32
32
32
32
34
34
34
34
34
34
34
34
34
34
36
36
36
36
36
38
38
38
38
38
38
38
39
39
39
39
39
39
39
39
39
39
41
41
41
41
41
41
41
43
43
43
43
43
43
43
44
44
44
44
44
44
44
44
44
44
46
46
46
46
46
46
46
47
47
47
47
47
47
47
49
49
49
49
49
49
49
50
50
50
50
50
52
52
52
52
52
52
52
54
54
54
54
54
54
54
55
55
55
55
55
56
56
56
56
56
56
56
56
57
57
57
57
57
57
57
58
58
58
58
58
60
60
60
60
60
61
61
