6
6
6
6
6
6
6
6
6
6
6
8
8
8
8
8
8
8
8
8
8
8
8
8
8
10
10
10
11
12
12
12
12
13
13
13
13
14
14
14
14
16
16
16
16
16
16
16
16
16
17
18
18
18
18
18
18
18
18
18
19
21
21
21
21
21
21
21
21
21
21
21
21
22
23
23
23
23
23
23
24
24
24
24
24
24
25
25
25
25
25
25
26
28
28
28
28
28
29
30
30
30
31
33
33
33
33
33
34
35
35
35
36
38
38
38
38
38
39
40
40
40
41
43
43
44
44
44
44
44
45
46
46
46
46
46
46
47
47
47
47
47
48
48
48
48
48
48
48
48
48
48
48
48
48
48
48
48
48
48
48
48
48
48
49
49
49
49
49
49
49
49
49
49
49
49
49
49
49
49
49
49
49
49
49
49
50
50
50
50
50
50
50
50
50
50
50
50
50
50
50
50
50
50
50
50
50
50
51
51
51
52
54
54
55
55
55
55
55
55
55
56
57
57
57
57
57
57
58
58
58
59
59
59
59
59
59
60
60
60
61
61
61
61
61
61
61
61
61
61
61
61
62
62
62
63
63
63
63
63
63
63
63
64
64
64
64
64
64
65
66
66
66
66
66
66
66
66
67
67
67
68
69
69
69
69
69
69
69
69
69
69
69
69
69
70
70
70
72
72
72
72
72
72
73
74
74
74
74
74
74
74
74
75
75
75
76
77
77
77
77
77
77
77
77
77
77
77
77
77
78
78
78
79
79
79
79
79
79
79
79
80
80
80
81
81
81
82
84
84
85
85
85
85
85
86
87
87
87
87
87
87
87
87
89
89
89
89
89
89
89
89
89
89
89
89
89
89
89
89
89
91
91
91
91
91
91
91
92
93
93
