18
18
18
18
18
18
18
18
18
18
18
20
20
20
20
20
20
20
21
21
21
21
21
21
21
22
22
22
22
22
22
22
24
24
24
24
24
24
24
24
24
24
24
24
24
25
25
25
25
25
25
25
25
25
25
25
25
25
42
42
42
42
42
42
43
45
45
45
45
45
45
45
45
47
47
47
47
47
47
47
47
47
47
47
47
47
47
47
54
54
54
54
54
54
54
54
54
54
54
54
55
56
56
56
56
56
56
56
56
56
56
57
71
71
71
71
71
71
71
71
71
71
71
71
71
71
71
71
72
73
73
73
73
73
73
73
74
74
74
74
74
74
74
75
75
75
75
75
75
75
76
76
76
76
76
76
76
77
81
81
82
82
82
82
82
82
82
82
82
82
82
82
82
82
82
82
83
84
84
84
84
84
84
84
84
84
84
84
84
84
85
98
98
99
99
99
99
99
99
99
99
99
99
99
99
99
99
99
99
99
99
100
100
101
102
102
102
102
102
102
102
102
102
102
102
103
105
107
