17
17
17
17
17
17
17
17
17
17
17
17
17
19
19
19
19
19
19
19
20
20
20
20
20
20
20
21
21
21
21
21
21
21
23
23
23
23
23
23
23
23
23
23
23
23
23
24
24
24
24
24
24
24
24
24
24
24
24
24
25
25
25
25
25
25
25
25
25
25
25
25
25
25
25
26
26
26
26
26
26
26
26
26
26
26
26
26
26
26
32
32
32
32
32
32
32
38
38
38
38
38
38
38
38
38
39
39
39
39
39
40
42
42
42
42
42
42
42
42
42
43
43
43
43
43
43
43
43
43
43
43
43
43
43
43
43
43
43
43
43
43
43
43
44
44
44
44
44
44
44
44
44
45
47
47
47
47
47
47
47
48
48
48
49
51
51
51
51
51
51
51
52
52
52
53
60
60
60
60
60
60
60
60
60
68
68
68
68
68
68
68
68
68
68
68
69
69
69
69
69
69
69
70
70
70
70
70
70
70
72
72
72
72
72
72
72
73
73
73
73
73
73
73
73
73
73
73
74
75
75
75
75
75
75
75
76
76
76
76
76
76
76
76
76
76
76
77
78
78
78
78
78
78
78
78
78
78
78
79
79
79
79
79
79
79
79
79
79
79
79
79
79
80
81
81
81
81
81
81
81
82
82
82
82
82
82
82
82
82
82
82
83
84
84
84
84
84
84
84
85
85
85
85
85
85
85
85
85
85
85
86
87
87
87
87
87
87
87
87
87
87
88
88
88
88
88
88
88
88
88
88
89
89
89
90
91
91
91
91
91
91
91
91
91
91
92
92
92
92
92
92
92
92
92
92
93
93
93
94
95
95
95
95
95
95
95
95
95
95
95
95
95
95
95
95
95
95
95
96
103
103
103
103
103
103
103
103
104
104
104
104
104
104
104
105
105
105
105
105
105
105
105
105
105
105
105
105
106
107
107
107
107
107
107
107
108
108
108
108
108
108
108
108
108
108
108
108
108
109
110
110
110
111
119
119
119
119
119
119
119
119
119
119
119
120
120
120
120
120
120
120
120
120
121
121
121
121
121
121
121
121
121
122
122
122
122
122
122
122
122
122
122
123
123
123
124
125
126
126
126
127
135
135
135
135
135
135
135
135
135
135
135
136
136
136
136
136
136
136
136
136
137
137
137
137
137
137
137
137
137
138
138
138
138
138
138
138
138
138
138
139
139
139
140
141
142
142
142
143
151
151
151
151
151
151
151
151
151
151
151
152
152
152
152
152
152
152
152
153
153
153
153
153
153
153
153
153
154
154
154
154
154
154
154
154
154
154
154
155
156
156
156
156
156
156
156
156
156
157
157
157
157
157
157
157
157
157
157
157
157
157
157
157
157
157
157
158
158
158
159
160
161
161
161
162
164
165
