17
17
17
17
17
17
17
17
17
17
17
19
19
19
19
19
19
19
21
21
21
21
21
21
21
21
21
21
21
21
21
21
21
22
22
22
22
22
22
22
22
22
22
22
23
23
23
23
23
23
23
23
23
23
23
24
24
24
24
24
24
24
24
24
24
24
29
29
29
29
29
29
31
31
31
31
32
32
32
32
39
39
39
39
39
39
39
39
39
39
40
40
40
40
40
40
41
41
41
41
41
41
42
48
48
48
48
48
48
49
49
49
50
56
56
56
56
56
56
57
57
57
58
60
60
60
60
60
60
61
61
61
62
64
64
64
64
64
64
64
64
65
65
65
65
65
65
65
65
66
66
66
66
66
66
66
67
69
69
69
69
69
69
69
69
69
69
69
70
70
70
70
70
70
70
70
71
71
71
71
71
71
71
71
71
72
74
74
74
74
74
74
74
74
74
74
74
75
75
75
75
75
75
75
76
76
76
76
76
76
76
76
76
77
79
79
79
79
79
79
79
79
80
80
80
80
80
80
80
80
81
81
81
81
81
81
81
82
84
84
84
84
84
84
84
84
84
84
84
85
85
85
85
85
85
85
85
86
86
86
86
86
86
86
86
86
87
89
89
89
89
89
89
89
89
90
90
90
90
90
90
90
90
91
91
91
91
91
91
91
92
94
94
94
94
94
94
94
94
94
94
94
95
95
95
95
95
95
95
95
96
96
96
96
96
96
96
97
99
99
99
99
99
99
99
99
100
100
100
100
100
100
100
100
101
101
101
101
101
101
101
102
104
104
104
104
104
104
104
104
105
105
105
105
105
105
105
105
105
105
105
105
105
105
106
108
108
108
108
108
108
108
108
109
109
109
109
109
109
109
109
109
109
109
109
109
109
110
111
112
