17
17
17
17
17
17
17
17
17
19
19
19
19
19
19
19
19
19
20
20
20
20
20
20
20
20
20
21
21
21
21
21
21
21
21
21
22
22
22
22
22
22
22
22
22
22
22
23
23
23
23
23
23
23
23
23
23
23
24
24
24
24
24
24
24
24
24
24
24
26
26
26
26
26
26
26
27
27
27
27
27
27
27
27
27
28
28
28
28
28
28
28
29
29
29
29
29
29
29
29
29
31
31
31
31
31
31
31
31
31
31
31
31
31
31
36
36
36
36
36
37
38
38
38
38
38
40
40
41
41
41
41
41
41
41
41
41
45
45
45
45
45
45
45
45
45
45
45
45
45
45
45
45
45
46
46
46
46
46
46
46
46
46
46
47
48
50
50
50
50
50
51
51
51
51
53
53
54
54
55
56
58
58
58
58
58
58
59
59
59
59
59
61
61
61
61
61
61
61
62
64
64
65
65
65
65
65
65
65
65
65
65
65
65
65
65
65
65
65
65
65
66
66
66
66
68
68
69
69
69
69
69
69
69
69
69
70
70
70
70
70
70
70
70
71
71
71
72
74
74
74
74
76
76
76
76
78
78
78
78
80
80
80
80
81
82
82
82
82
82
82
84
84
84
84
84
84
84
84
84
84
84
84
84
85
85
85
85
85
85
85
86
86
86
87
89
89
89
90
92
92
93
93
93
93
93
93
93
93
93
93
93
93
93
93
93
93
93
93
94
95
95
95
95
97
97
98
98
98
98
98
98
98
98
98
99
99
99
99
99
99
99
99
100
100
101
103
103
103
103
105
105
105
105
107
107
107
107
107
107
107
107
107
107
107
109
109
109
109
111
111
111
111
111
111
112
113
113
113
113
113
113
114
114
114
114
114
114
114
114
114
114
114
114
114
115
115
115
115
115
115
115
116
117
126
126
126
126
126
127
127
127
128
130
130
130
130
130
130
130
130
130
130
130
130
130
130
130
130
130
130
130
130
131
132
132
132
132
132
132
132
132
132
132
132
132
132
132
132
132
135
135
135
135
135
135
135
135
135
135
135
135
135
135
135
135
135
135
135
136
136
136
136
136
136
136
137
137
137
137
137
137
137
137
137
137
137
137
137
137
137
137
137
138
138
138
138
138
138
138
138
138
138
138
138
138
138
138
138
139
139
139
139
139
139
139
139
139
140
141
141
141
141
141
141
141
141
141
141
141
142
142
142
142
142
143
143
143
143
143
143
143
143
143
143
144
144
144
144
144
144
144
144
144
144
144
144
144
144
144
144
144
145
145
145
145
145
145
145
145
147
150
150
150
150
150
150
150
150
150
150
152
152
152
152
153
153
155
155
155
155
155
155
155
155
155
155
155
155
155
157
157
157
157
157
157
157
158
158
158
158
158
158
158
158
158
158
158
158
158
158
159
159
159
159
160
160
161
161
161
161
161
161
161
161
161
161
162
162
162
162
162
162
162
162
162
162
162
162
163
163
163
163
163
163
163
163
164
164
164
164
164
164
165
165
165
165
165
165
166
166
166
166
166
166
166
166
166
166
166
166
166
166
166
166
166
167
167
168
168
168
168
168
168
169
170
170
173
173
173
173
173
173
173
173
173
173
173
173
173
173
174
174
174
174
175
175
176
176
176
176
176
176
176
176
176
176
177
177
177
177
177
177
177
177
177
177
177
177
178
178
178
178
178
178
178
178
179
179
179
179
179
179
180
180
180
180
180
180
181
181
181
181
181
181
181
181
181
181
181
181
181
181
181
181
181
182
182
183
183
183
183
183
183
184
185
186
186
189
189
189
189
190
191
193
193
193
193
193
194
196
196
196
196
196
196
196
197
197
197
197
197
197
197
198
198
198
198
198
198
198
199
201
201
201
201
201
201
201
201
201
201
201
202
202
202
202
202
202
203
203
203
204
204
204
204
204
204
204
204
204
204
204
205
205
205
205
205
205
205
205
205
205
205
205
205
205
205
206
206
206
206
206
206
206
206
207
207
207
207
208
208
208
208
208
209
209
209
209
209
209
209
209
209
209
209
209
209
209
210
210
210
211
213
213
213
213
213
213
213
213
213
213
213
213
213
214
214
214
214
214
214
214
215
215
215
215
215
215
215
215
216
216
216
216
216
216
216
216
216
216
217
219
219
219
219
219
219
219
219
219
219
219
221
221
221
221
221
222
222
222
222
222
222
222
222
223
223
223
223
223
223
223
223
223
223
223
224
224
224
224
224
224
224
224
224
224
224
224
224
224
224
224
224
225
225
225
225
225
225
225
225
228
230
230
230
231
232
233
