18
18
18
18
18
18
18
18
18
18
18
20
20
20
20
20
20
20
21
21
21
21
21
21
21
22
22
22
22
22
22
22
35
35
35
35
35
35
35
36
36
36
36
43
43
43
43
43
43
43
43
44
44
44
44
44
45
45
45
45
46
53
53
54
54
54
54
54
54
54
54
54
55
55
55
55
55
55
55
56
56
56
56
56
56
57
57
58
60
60
60
60
60
61
61
61
61
61
61
61
62
63
63
63
63
63
63
64
72
72
73
73
73
73
73
73
73
73
73
73
73
73
73
73
74
74
74
74
74
74
74
74
74
74
74
75
85
85
86
86
86
86
86
86
86
86
86
86
86
86
86
86
86
86
86
86
86
86
87
87
87
87
87
87
87
90
90
90
90
90
90
90
90
90
90
90
91
91
92
94
94
94
94
94
94
94
94
95
95
95
95
95
95
95
95
95
96
97
107
107
108
108
108
108
108
108
108
108
108
108
108
108
109
109
109
109
109
109
109
110
110
110
110
110
110
110
111
111
112
114
114
114
114
114
115
117
117
117
117
117
117
117
117
117
117
117
118
118
118
118
118
119
119
119
120
120
120
120
122
122
123
123
123
124
124
124
124
124
125
125
125
125
125
125
125
125
125
126
126
126
126
127
127
128
129
129
129
129
129
129
129
130
130
131
131
132
132
132
132
132
133
133
133
133
133
133
133
134
134
134
134
135
136
136
136
136
136
136
136
137
137
138
139
140
141
