18
18
18
18
18
18
18
18
18
18
18
20
20
20
20
20
20
20
21
21
21
21
21
21
21
21
21
22
22
22
22
22
22
22
22
22
24
24
24
24
24
24
24
24
24
24
24
30
30
30
30
30
32
32
32
32
32
32
32
32
35
35
35
35
35
35
35
35
38
38
38
38
38
38
38
38
41
41
41
41
41
41
41
41
49
49
49
49
49
49
49
49
52
52
52
52
52
52
52
52
55
55
55
55
55
55
55
55
58
58
58
58
58
58
58
58
61
61
61
61
61
61
61
61
64
64
64
64
64
64
64
64
66
66
66
66
66
66
66
66
69
69
69
69
69
69
69
69
69
69
69
69
69
71
71
71
71
71
71
71
71
73
73
73
73
73
73
73
73
73
73
73
73
73
74
74
74
74
74
74
74
74
74
74
74
74
74
83
83
83
83
83
83
83
83
83
83
83
83
84
84
84
84
84
84
84
84
85
88
88
88
88
88
88
88
88
88
88
88
88
88
88
88
88
89
89
89
89
89
89
89
89
90
90
90
91
92
92
92
92
92
92
92
92
92
92
92
93
93
93
93
93
93
93
93
93
94
94
94
94
94
94
94
94
94
94
94
95
95
95
95
95
95
95
95
95
95
96
96
96
97
98
98
98
98
98
98
98
98
98
98
99
99
99
100
101
101
101
101
101
101
101
101
101
101
102
102
102
103
104
105
105
105
105
105
105
105
105
105
105
105
106
115
115
115
115
115
115
115
115
115
115
115
115
116
116
116
116
116
116
116
116
117
125
125
125
125
125
125
125
125
125
125
126
126
126
126
126
127
135
135
135
135
135
135
135
135
135
135
136
136
136
136
136
136
136
136
137
145
145
145
145
145
145
145
145
145
145
146
146
146
146
146
147
155
155
155
155
155
155
155
155
155
155
156
156
156
156
156
156
156
156
157
166
166
166
166
166
166
166
166
166
166
167
167
167
167
167
167
167
167
167
167
167
168
168
168
168
168
168
168
168
168
169
169
169
169
169
169
169
169
169
169
169
169
169
170
171
171
171
171
172
175
175
175
175
175
176
178
181
