18
18
18
18
18
18
18
18
18
18
18
20
20
20
20
20
20
20
21
21
21
21
21
21
21
22
22
22
22
22
22
22
49
49
49
49
50
50
50
50
50
51
51
51
51
51
52
52
52
52
52
53
53
53
53
53
54
54
54
54
55
55
55
55
65
65
65
65
65
65
65
65
65
65
65
65
65
65
65
65
66
66
66
66
66
66
66
67
67
67
67
67
67
67
68
69
69
69
69
69
69
70
70
70
70
70
70
71
71
71
71
71
71
72
72
72
72
72
72
72
72
72
73
73
73
73
73
73
74
82
82
82
82
82
82
82
82
82
83
83
83
83
83
83
83
84
84
84
84
84
84
84
85
85
85
86
86
86
86
86
86
86
87
89
89
89
89
89
89
89
90
104
104
104
104
104
104
104
104
104
104
104
104
104
105
105
105
105
105
105
105
105
105
105
105
105
105
106
106
106
106
107
108
108
108
108
108
108
108
109
109
109
109
109
109
109
110
110
110
110
110
110
110
111
111
111
111
111
111
111
112
121
121
122
122
122
122
122
122
123
123
123
123
123
123
123
123
123
125
125
125
125
125
125
126
126
126
126
126
126
126
126
126
126
126
126
126
126
128
128
128
128
128
128
129
129
129
129
129
129
129
129
129
129
129
129
129
129
129
130
131
131
131
131
131
131
131
131
131
131
131
132
132
132
132
132
132
132
132
132
132
132
133
135
135
135
135
135
135
135
135
135
135
135
135
135
135
135
135
135
137
137
137
137
137
137
137
138
138
138
138
138
138
138
138
138
138
138
138
138
138
138
138
138
139
141
141
141
141
141
141
141
142
142
142
142
142
142
142
142
142
142
142
142
142
142
142
142
142
142
142
142
142
143
145
145
145
145
145
145
145
146
146
146
146
146
146
146
146
146
146
146
146
146
146
146
146
146
147
149
149
149
149
149
149
149
151
151
151
151
151
151
151
152
153
154
