18
18
18
18
18
18
18
18
18
18
18
20
20
20
20
20
20
20
21
21
21
21
21
21
21
22
22
22
22
22
22
22
23
23
23
23
23
23
23
28
28
28
28
30
30
30
30
30
31
31
31
31
31
31
31
32
32
32
32
33
33
33
33
38
38
38
38
38
43
43
43
43
52
52
52
52
52
52
52
52
52
52
52
52
53
53
53
53
53
53
53
53
53
53
53
54
65
65
65
65
65
65
65
65
65
65
65
65
65
65
65
65
66
66
66
66
66
66
66
66
66
66
66
67
77
77
77
77
77
77
77
77
77
77
77
77
77
77
77
77
77
77
77
78
78
78
78
78
78
78
78
78
78
78
79
91
91
91
91
91
91
91
91
91
91
91
91
91
91
91
91
91
91
91
91
91
91
91
92
92
92
92
92
92
92
93
93
93
93
93
93
93
94
95
95
95
95
95
95
96
96
96
96
96
96
97
97
97
97
97
97
98
98
98
98
98
99
99
99
99
100
101
108
108
108
108
108
108
108
108
108
109
109
109
109
109
109
109
110
110
110
110
110
110
110
110
110
111
112
112
112
112
112
112
112
113
118
118
118
118
118
118
119
119
119
119
119
120
120
121
122
122
122
122
123
123
123
123
123
123
123
124
124
124
124
124
124
124
124
124
125
127
127
127
127
127
127
127
127
127
127
128
128
128
128
128
128
128
128
128
128
131
131
131
131
131
131
131
131
131
131
132
132
132
132
132
132
132
132
132
132
135
135
135
135
135
135
135
135
135
135
136
136
136
136
136
136
136
136
136
136
149
149
149
149
149
149
149
149
149
149
149
152
152
152
152
152
152
152
152
152
152
152
153
153
153
153
153
153
153
153
153
153
153
154
154
154
154
154
154
154
155
155
155
156
156
156
156
156
156
156
157
158
158
158
158
158
158
158
158
158
158
158
158
158
158
158
158
158
158
158
158
158
159
159
159
159
159
159
159
161
161
161
161
161
161
161
162
162
162
162
162
162
162
163
163
163
166
166
166
166
166
166
166
166
166
166
166
167
172
172
172
172
172
172
172
172
172
172
172
174
174
174
174
174
174
174
174
174
174
174
175
175
175
175
175
175
175
175
175
175
175
175
175
177
177
177
177
177
177
177
177
177
177
177
178
179
179
179
180
180
180
180
180
180
180
182
182
182
182
182
182
182
184
184
184
184
184
184
184
185
185
185
187
187
187
187
187
187
187
187
190
190
190
190
190
190
190
191
191
191
191
192
192
194
194
194
194
194
194
194
194
194
196
196
196
196
196
196
196
197
197
197
197
197
197
197
198
198
198
198
199
200
200
200
201
201
201
201
201
201
201
202
203
204
204
204
204
204
204
204
204
204
205
205
205
205
205
205
205
206
206
206
206
206
206
206
207
209
209
209
209
209
209
209
209
209
209
209
209
209
209
209
209
209
209
209
209
209
209
209
210
211
221
221
222
222
222
222
222
222
222
222
222
223
223
223
223
223
223
223
224
224
224
225
226
226
226
226
226
226
226
226
226
226
226
226
226
226
226
226
226
227
227
227
228
229
229
229
229
229
229
229
229
229
230
230
230
230
230
230
230
230
230
230
230
230
230
230
230
230
231
239
239
239
239
239
239
240
240
240
240
240
240
240
240
240
240
241
241
241
241
241
241
241
241
241
241
241
241
241
242
249
249
249
249
249
249
249
249
249
250
250
250
251
258
258
258
258
258
258
259
259
259
260
267
267
267
267
267
267
268
268
268
269
276
276
276
276
276
276
277
277
277
278
285
285
285
285
285
285
286
286
286
287
295
295
296
296
296
296
296
296
297
297
297
297
297
297
298
298
298
298
298
298
298
298
299
299
299
299
299
299
299
299
299
299
299
299
300
300
300
301
303
304
