17
17
17
17
17
17
17
17
17
17
17
17
17
19
19
19
19
19
19
19
19
19
19
19
19
19
20
20
20
20
20
20
20
20
20
20
20
20
20
21
21
21
21
21
21
21
21
21
21
21
21
21
22
22
22
22
22
22
22
22
22
22
22
22
22
22
22
23
23
23
23
23
23
23
23
23
23
23
23
23
23
23
24
24
24
24
24
24
24
24
24
24
24
24
24
24
24
25
25
25
25
25
25
25
25
25
25
25
25
25
25
25
26
26
26
26
26
26
26
26
26
26
26
26
26
26
26
31
31
31
31
31
31
32
32
32
32
32
32
32
32
32
32
32
32
32
32
34
34
34
34
34
35
35
35
35
35
35
36
36
36
36
37
37
37
37
44
44
44
44
44
44
44
44
44
44
44
44
45
45
45
45
45
46
46
46
46
46
46
47
49
49
50
50
50
50
50
50
51
51
51
52
54
54
55
55
55
55
55
55
56
56
56
56
57
57
57
57
58
58
58
58
58
58
59
61
61
62
62
62
62
62
62
62
62
62
63
63
63
63
63
63
63
63
63
64
64
64
64
65
67
67
67
67
67
67
67
67
67
68
68
68
68
68
68
68
68
69
69
69
70
71
72
72
72
73
75
75
76
76
76
76
76
76
77
77
77
77
77
77
77
77
77
77
77
78
78
78
78
78
78
79
79
79
79
80
80
80
81
81
81
81
81
81
81
82
82
82
82
82
82
82
82
82
82
82
82
82
83
84
84
85
85
85
85
85
86
86
86
86
86
86
86
86
86
86
86
86
86
86
86
86
86
87
87
87
87
88
89
89
90
90
90
90
91
91
91
92
93
94
94
94
94
94
94
94
94
94
94
95
95
95
96
97
97
97
97
97
97
97
98
98
98
99
100
100
100
100
100
100
100
100
100
100
100
100
100
100
100
100
100
101
101
101
102
103
103
103
103
103
103
103
103
104
104
104
105
106
107
