1
1
1
1
1
1
1
1
1
1
1
1
1
3
3
3
3
3
3
3
4
4
4
4
4
4
4
5
5
5
5
5
5
5
6
6
6
6
6
6
6
8
8
8
8
8
8
8
9
9
9
9
9
9
9
9
9
11
11
11
11
11
11
11
11
11
13
13
13
13
13
13
13
13
13
13
13
14
14
14
14
14
14
14
14
14
14
14
14
14
16
16
16
16
16
16
16
16
16
16
16
16
16
17
17
17
17
17
17
17
17
17
17
17
17
17
17
17
27
27
27
28
28
28
28
28
28
28
28
29
29
29
29
29
30
31
31
31
31
31
31
31
31
39
39
39
40
41
41
41
41
41
41
41
41
41
41
41
41
41
43
43
43
43
43
43
43
43
43
43
43
43
43
49
49
49
49
49
49
50
61
61
61
61
61
61
61
61
61
69
69
69
69
69
69
69
69
69
78
78
78
78
78
78
79
79
80
80
80
80
80
81
81
82
82
82
82
82
82
82
82
82
83
83
83
83
83
83
83
83
84
84
84
84
85
86
86
86
86
86
86
88
88
88
88
88
88
88
89
89
89
89
89
89
89
89
89
89
89
89
89
90
90
91
91
91
91
91
91
91
91
91
92
104
104
104
104
104
104
104
113
113
113
113
113
121
121
121
121
121
121
123
123
123
123
123
123
124
125
125
125
125
125
125
126
126
126
126
126
126
127
127
127
127
127
127
128
128
128
128
128
128
129
131
131
131
131
131
131
131
132
133
133
133
133
133
133
133
133
133
133
133
133
133
133
133
134
136
136
136
136
136
136
136
137
138
138
138
138
138
138
138
138
138
138
138
138
138
138
138
139
145
145
145
145
145
145
145
145
146
146
146
146
146
146
146
146
146
146
147
147
147
148
156
156
157
157
157
157
157
157
158
158
158
158
158
158
158
159
167
167
168
168
168
168
168
168
168
168
168
168
170
170
170
170
170
170
170
171
179
179
180
180
180
180
180
180
180
180
180
180
182
184
184
185
185
185
185
185
185
185
185
185
185
187
189
189
190
190
190
190
190
190
190
190
190
190
192
194
194
195
195
195
195
195
195
195
195
195
195
195
195
195
197
205
205
206
206
206
206
206
206
206
207
207
207
207
208
210
212
212
213
213
213
213
213
213
213
213
213
214
215
215
215
215
215
215
215
215
215
215
216
216
216
216
216
216
216
217
217
217
217
217
217
217
217
217
218
219
219
219
220
221
221
221
221
222
222
222
222
222
222
222
222
222
222
222
223
225
225
226
226
226
226
226
226
226
226
226
226
228
230
230
231
231
231
231
231
231
231
231
231
231
233
235
235
236
236
236
236
236
236
236
236
236
236
236
236
237
238
238
238
238
238
238
238
238
238
238
239
239
239
240
242
242
242
242
242
243
243
243
243
244
244
244
245
245
245
245
245
245
245
245
245
246
247
247
247
247
247
247
247
247
247
247
247
248
256
256
257
257
257
257
257
257
257
258
258
258
258
258
258
258
258
259
260
260
260
260
260
260
260
260
260
260
261
261
261
261
261
262
262
262
262
263
264
264
264
264
264
264
264
264
264
265
265
265
266
267
267
267
267
267
267
267
267
267
268
268
268
268
269
271
271
272
272
272
272
272
272
272
272
272
272
272
272
273
274
274
274
274
274
274
274
274
274
274
275
275
275
276
278
278
278
278
278
279
279
279
279
280
280
280
281
281
281
281
281
281
281
281
281
282
283
283
283
283
283
283
284
286
286
287
287
287
287
287
287
287
288
288
288
288
288
288
288
288
288
288
288
288
289
289
290
291
291
291
291
291
291
291
291
291
291
292
292
292
292
292
292
292
292
292
293
294
294
294
294
294
294
294
294
294
295
295
295
295
295
296
296
296
296
296
296
296
297
297
297
298
298
298
298
298
298
298
299
300
300
300
300
300
300
301
301
301
301
302
304
304
305
305
305
305
305
305
305
306
306
306
306
306
306
307
307
307
307
307
307
307
307
307
307
307
307
307
307
308
308
309
310
310
310
310
310
310
310
310
310
310
311
311
311
311
311
311
311
311
311
312
313
313
313
313
313
313
313
313
313
314
314
314
314
314
315
315
315
315
315
315
315
315
315
315
315
316
316
316
317
317
317
317
317
317
317
317
317
317
317
318
319
319
319
319
319
319
320
320
320
320
321
323
323
324
324
324
324
324
324
324
325
325
325
325
325
325
325
325
325
326
326
327
328
328
328
328
328
328
328
328
328
328
329
329
329
329
329
329
329
329
329
330
331
331
331
331
331
331
331
331
331
332
332
332
332
332
332
332
333
333
333
333
333
333
334
334
334
334
335
337
337
338
338
338
338
338
338
338
339
339
339
339
339
339
339
339
339
340
340
341
342
342
342
342
342
342
342
342
342
342
343
343
343
343
343
343
343
343
343
344
345
345
345
345
345
345
345
345
345
346
346
346
346
346
346
346
347
347
347
347
347
347
348
348
348
348
349
351
351
352
352
352
352
352
352
352
353
353
353
353
353
353
353
353
353
354
354
355
356
356
356
356
356
356
356
356
356
356
357
357
357
357
357
357
357
357
357
358
359
359
359
359
359
359
359
359
359
360
360
360
360
360
360
360
361
361
361
361
361
361
362
362
362
362
363
365
365
366
366
366
366
366
366
366
367
367
367
367
367
367
367
367
367
368
368
369
370
370
370
370
370
370
370
370
370
370
371
371
371
371
371
371
371
371
371
372
373
373
373
373
373
373
373
373
373
374
374
374
374
374
374
374
375
375
375
375
375
375
376
376
376
376
377
379
379
380
380
380
380
380
380
380
381
381
381
381
381
381
381
381
381
382
382
383
384
384
384
384
384
384
384
384
384
384
385
385
385
385
385
385
385
385
385
386
387
387
387
387
387
387
387
387
387
388
388
388
388
388
388
388
389
389
389
389
389
389
390
390
390
390
391
393
393
394
394
394
394
394
394
394
395
395
395
395
395
395
395
395
395
396
396
397
398
398
398
398
398
398
398
398
398
398
399
399
399
399
399
399
399
399
399
400
401
401
401
401
401
401
401
401
401
402
402
402
402
402
402
402
403
403
403
403
403
403
404
404
404
404
405
407
407
408
408
408
408
408
408
408
409
409
409
409
409
409
409
409
409
410
410
411
412
412
412
412
412
412
412
412
412
412
413
413
413
413
413
413
413
413
413
414
415
415
415
415
415
415
415
415
415
416
416
416
416
416
416
416
417
417
417
417
417
417
418
418
418
418
419
422
422
423
423
423
423
423
423
423
424
424
424
424
424
424
425
425
425
425
425
425
425
425
425
425
425
426
426
426
426
426
426
426
426
426
426
426
427
427
428
429
429
429
429
429
429
429
429
429
429
430
430
430
430
430
430
430
430
430
431
432
432
432
432
432
432
432
432
432
433
433
433
433
433
433
433
433
433
433
433
433
433
434
434
434
434
434
434
435
435
435
435
436
438
438
439
439
439
439
439
439
439
440
440
440
440
440
440
441
441
442
443
443
443
443
443
443
443
443
443
443
444
444
444
444
444
444
444
444
444
445
446
446
446
446
446
446
446
446
446
447
447
447
447
448
451
451
451
451
451
451
451
452
452
452
452
452
452
453
453
454
455
455
455
455
455
455
455
455
455
455
456
456
456
456
456
456
456
456
456
457
458
458
458
458
458
458
458
458
458
459
459
459
459
459
459
459
459
459
459
459
459
459
459
459
460
460
460
460
461
463
463
464
464
464
464
464
464
464
464
464
465
467
467
467
467
467
467
467
468
481
481
481
481
482
482
482
482
482
482
482
482
483
484
484
484
484
484
484
484
484
486
486
486
486
486
486
487
487
487
487
487
487
487
487
487
487
487
487
487
487
488
488
488
488
488
488
488
488
488
488
488
488
489
489
489
489
489
489
489
489
489
489
489
489
489
489
490
497
497
497
497
498
498
498
498
498
498
498
498
499
500
500
500
500
500
500
500
500
502
502
502
502
502
502
504
504
505
505
505
505
505
505
505
505
505
505
506
506
507
508
508
508
508
508
508
508
509
511
511
512
512
512
512
512
512
512
512
512
512
512
512
513
514
514
514
514
514
514
514
515
517
517
518
518
518
518
518
518
518
518
518
518
519
525
525
525
526
526
526
526
526
526
526
526
527
528
528
528
528
528
528
528
528
530
530
530
530
530
530
532
532
533
533
533
533
533
533
533
533
533
533
535
535
536
536
536
536
536
536
536
536
536
536
536
536
537
538
538
538
538
538
538
538
539
539
539
539
540
540
540
540
540
540
540
541
541
541
541
541
541
541
541
541
541
541
542
542
542
542
542
542
543
544
544
544
544
544
544
544
544
544
544
544
545
547
547
548
548
548
548
548
548
548
548
548
548
548
548
549
550
550
550
550
550
550
550
551
551
551
551
552
552
552
552
552
552
552
553
553
553
553
553
553
553
553
553
553
553
554
554
554
554
554
554
555
556
556
556
556
556
556
556
556
556
556
556
557
558
559
560
