1
1
1
1
1
1
1
1
1
1
1
3
3
3
3
3
3
3
5
5
5
5
5
5
5
5
5
7
7
7
7
7
7
7
7
7
8
8
8
8
8
8
8
8
8
8
8
9
9
9
9
9
9
9
9
9
9
9
11
11
11
11
11
11
11
11
11
11
11
12
12
12
12
12
12
12
12
12
12
12
12
12
13
13
13
13
13
13
13
13
13
13
13
13
13
14
14
14
14
14
14
14
14
14
14
14
14
14
15
15
15
15
15
15
15
15
15
15
15
15
15
16
16
16
16
16
16
16
16
16
16
16
16
16
17
17
17
17
17
17
17
17
17
17
17
17
17
17
17
18
18
18
18
18
18
18
18
18
18
18
18
18
18
18
19
19
19
19
19
19
19
19
19
19
19
19
19
19
19
30
30
30
30
30
31
32
32
32
32
32
32
32
32
38
38
38
38
38
38
38
38
44
44
44
44
44
44
44
44
44
44
44
44
44
50
50
50
50
50
50
50
50
50
50
50
50
50
58
58
58
58
60
60
60
60
63
63
63
63
63
65
65
65
65
65
67
67
67
67
69
69
69
69
87
87
87
87
87
87
87
87
87
87
87
87
87
87
87
89
89
89
89
89
89
89
90
90
90
90
90
90
90
90
90
91
93
93
93
93
93
93
93
94
94
94
94
94
94
94
94
94
95
97
97
97
97
97
97
97
97
97
97
98
98
98
98
98
98
98
98
98
99
101
101
101
101
101
101
101
101
101
101
101
101
102
103
103
103
103
103
103
103
103
104
104
104
104
104
104
104
105
107
107
107
107
107
107
107
107
107
107
107
107
108
108
108
108
108
108
109
109
109
109
110
110
110
110
110
110
110
110
110
110
110
110
110
110
110
110
110
110
110
110
110
111
113
113
113
113
113
113
113
113
113
113
113
113
114
114
114
114
114
114
115
115
115
115
115
115
116
117
117
117
117
117
118
118
118
118
119
119
119
119
120
120
120
120
121
121
121
121
122
122
122
122
122
122
122
123
123
123
123
123
123
123
123
123
123
123
123
123
123
123
125
125
125
125
125
125
125
125
125
125
125
125
125
127
127
127
127
127
127
127
127
127
127
127
127
127
128
129
129
129
129
129
129
129
130
130
130
130
130
130
130
130
130
130
130
130
130
130
130
132
132
132
132
132
132
132
132
132
132
132
132
132
133
134
134
134
134
134
134
134
135
135
135
135
136
136
136
136
137
142
142
142
142
142
142
142
142
142
143
144
144
144
144
144
144
144
145
145
145
145
145
145
146
146
146
146
146
146
147
147
147
147
147
147
148
148
148
148
148
148
149
149
149
149
149
149
150
150
150
150
150
150
151
158
158
158
158
158
158
159
160
160
160
160
160
160
160
161
161
161
161
161
161
161
161
162
162
162
162
162
162
162
162
163
163
163
163
163
163
163
163
164
164
164
164
164
164
164
164
165
165
165
165
165
165
165
165
166
166
166
166
166
166
166
166
167
167
167
167
167
167
167
168
170
170
170
170
170
170
170
171
171
171
171
171
171
172
174
174
175
175
175
175
175
175
176
176
176
176
176
176
176
177
179
179
179
179
179
179
179
179
179
179
180
182
182
182
182
182
182
182
182
182
182
182
182
182
184
184
184
184
184
184
184
184
184
184
184
184
184
185
192
192
193
193
193
193
193
193
194
194
194
194
194
194
194
195
195
195
195
195
195
195
195
195
196
198
198
199
199
199
199
199
199
200
200
200
200
200
201
212
212
212
212
212
217
217
217
217
217
223
223
224
224
224
224
224
224
225
225
225
225
225
225
225
226
226
226
226
226
226
226
227
228
228
228
228
228
228
228
229
229
229
229
229
229
229
230
231
231
231
231
232
232
232
233
233
234
234
234
234
234
234
234
234
234
234
234
234
234
234
234
234
234
234
234
234
235
235
235
235
235
235
235
235
235
235
235
235
235
235
235
235
235
235
235
235
236
236
236
236
236
236
236
237
237
237
237
237
237
237
238
239
239
239
239
239
239
239
239
239
239
240
240
240
240
240
240
240
241
247
247
247
247
247
247
247
248
248
248
248
249
250
250
250
250
250
250
251
251
251
251
251
251
251
251
252
252
252
252
252
252
252
252
253
259
259
259
259
259
259
259
259
259
259
260
260
260
260
260
260
261
261
261
261
261
261
261
261
261
261
261
261
261
261
261
262
262
262
262
262
262
262
262
262
262
262
262
262
262
262
263
274
274
274
274
274
274
274
274
275
275
275
275
276
281
281
281
281
281
281
282
282
282
283
294
294
294
294
294
294
294
294
294
294
294
294
294
295
296
296
296
296
296
297
297
297
297
297
298
298
298
299
299
299
299
299
300
301
301
301
302
307
307
307
307
307
307
307
307
307
307
308
308
308
308
308
308
308
308
309
309
309
310
315
315
315
315
315
315
315
315
315
315
316
316
316
316
316
316
316
316
316
317
317
317
318
323
323
323
323
323
323
323
323
323
323
323
324
324
324
324
324
324
324
324
324
324
324
324
324
325
327
327
328
328
328
328
328
328
329
329
329
330
332
332
333
333
333
333
333
333
334
334
334
335
337
337
337
337
337
337
338
338
338
339
341
341
341
341
341
341
341
341
342
342
342
342
343
354
354
354
354
354
354
354
354
354
354
354
354
354
354
355
355
355
355
355
356
356
356
356
356
357
357
357
358
358
358
358
358
359
360
360
360
361
366
366
366
366
366
366
366
366
366
366
367
367
367
367
367
367
367
367
368
368
368
369
374
374
374
374
374
374
374
374
374
374
375
375
375
375
375
375
375
375
375
376
376
376
377
382
382
382
382
382
382
382
382
382
382
382
383
383
383
383
383
383
383
383
383
383
383
383
383
384
393
393
393
393
393
393
394
394
394
395
401
401
402
402
402
402
402
402
402
402
403
403
403
403
404
407
407
407
407
407
407
408
408
408
409
415
415
416
416
416
416
416
416
416
416
417
417
417
417
418
433
433
434
434
434
434
434
434
435
435
435
436
438
438
439
439
439
439
439
439
439
439
439
439
440
440
440
440
440
440
441
449
449
450
450
450
450
450
450
450
450
450
450
464
464
465
465
465
465
465
465
465
465
465
465
467
467
468
468
468
468
468
468
468
468
468
468
468
469
469
469
469
469
469
469
470
472
472
473
473
473
473
473
473
473
473
473
473
473
474
474
474
474
474
474
474
475
488
488
488
488
488
489
489
490
490
490
490
490
490
490
490
490
490
491
491
491
491
491
491
491
491
491
492
492
492
492
492
492
492
492
492
492
492
492
492
493
493
493
493
493
493
493
494
494
494
494
494
494
494
494
494
494
494
495
496
496
496
496
496
496
496
496
497
505
505
506
506
506
506
506
506
506
506
506
506
507
507
507
507
507
507
507
507
507
507
508
510
510
511
511
511
511
511
511
511
511
511
511
511
511
512
514
514
514
514
514
514
514
514
514
514
514
514
514
514
515
515
515
515
515
515
515
516
516
516
516
516
516
517
517
517
517
518
518
518
518
518
518
518
518
518
518
518
518
519
521
521
522
522
522
522
522
522
522
522
522
523
524
524
524
524
524
524
524
524
524
524
524
524
524
524
525
525
525
525
525
525
526
526
526
526
527
527
527
527
527
527
527
527
527
527
527
527
528
530
530
530
530
530
531
531
532
532
532
532
532
532
532
532
532
532
532
532
533
534
534
534
534
534
534
534
534
534
536
536
536
536
536
536
536
536
536
536
536
536
536
536
537
537
537
537
537
537
537
538
538
538
538
538
538
538
538
538
538
539
539
539
539
539
539
539
539
539
539
539
539
540
554
554
554
554
554
554
554
554
554
555
557
557
557
557
557
557
557
557
557
557
557
557
557
558
558
558
558
558
558
558
559
562
562
562
562
562
562
562
562
562
562
562
562
562
562
562
562
563
563
563
563
563
563
563
563
563
563
563
564
564
564
564
564
564
564
565
565
565
565
565
565
565
566
567
567
567
568
577
577
577
577
577
577
577
577
577
578
579
579
579
579
579
579
579
580
580
580
580
580
580
580
580
580
580
580
580
580
581
581
581
581
581
581
581
581
581
581
582
582
582
582
582
582
582
583
591
591
592
592
592
592
592
592
592
592
592
592
592
592
593
594
594
594
595
595
596
596
596
596
596
596
596
596
596
597
597
597
597
597
597
597
598
598
598
598
598
598
598
598
598
598
599
600
600
600
600
600
600
600
601
601
601
601
601
601
601
601
601
601
601
601
602
602
602
602
602
602
602
603
603
603
603
603
603
603
604
604
604
604
604
604
604
605
606
606
606
607
609
609
610
610
610
610
610
610
610
610
610
610
610
610
611
612
612
612
613
613
614
614
614
614
614
614
614
614
614
615
615
615
615
615
615
615
616
616
616
616
616
616
616
616
616
616
617
618
618
618
618
618
618
618
619
619
619
619
619
619
619
619
619
619
619
619
620
620
620
620
620
620
620
621
621
621
621
621
621
621
622
622
622
622
622
622
622
623
624
624
624
625
627
627
628
628
628
628
628
628
628
628
628
628
628
628
628
628
628
628
628
628
629
629
629
629
629
630
633
633
633
634
634
637
637
637
637
637
637
637
638
638
638
638
638
638
638
638
638
638
638
638
638
638
638
638
638
639
639
639
640
640
640
640
640
640
640
640
640
640
640
640
640
640
640
640
640
641
642
642
642
642
642
642
642
643
643
643
643
643
643
643
643
643
643
644
645
645
645
645
645
645
645
646
646
646
646
646
646
646
646
646
646
646
646
647
647
647
647
647
647
647
648
648
648
648
648
648
648
649
649
649
649
649
649
649
650
651
651
651
652
654
654
655
655
655
655
655
655
655
655
655
655
655
655
655
655
655
655
655
655
655
655
656
657
657
657
658
658
661
661
661
661
661
661
661
662
662
662
662
662
662
662
662
662
662
662
662
662
662
662
662
662
663
663
663
666
666
667
667
667
667
667
667
667
667
667
667
667
667
667
667
667
667
667
668
668
668
668
668
668
668
669
669
669
669
669
669
670
671
671
671
671
671
671
671
671
671
672
672
673
673
673
673
673
673
673
673
674
675
676
676
676
676
676
676
676
677
677
677
677
677
677
677
677
677
677
678
679
679
679
679
679
679
679
680
680
680
680
680
680
680
680
680
680
680
680
681
681
681
681
681
681
681
682
682
682
682
682
682
682
683
683
683
683
683
683
683
684
685
685
685
686
688
688
689
689
689
689
689
689
689
689
689
689
689
689
689
691
691
691
691
691
691
692
692
692
693
701
701
701
701
701
701
701
701
701
701
701
701
702
703
703
703
704
704
705
705
705
705
705
705
705
705
705
705
705
705
705
705
705
705
706
706
706
706
706
706
706
707
707
707
707
707
707
707
707
707
707
707
707
707
707
707
708
709
709
709
709
709
709
710
712
712
712
712
712
712
712
712
712
712
712
712
713
714
714
714
715
715
716
716
716
716
716
716
716
716
716
716
716
716
716
716
717
717
717
717
717
717
717
718
718
718
718
718
718
718
718
718
718
718
718
718
718
718
719
720
720
720
720
720
720
721
723
723
723
723
723
723
723
723
723
723
724
727
727
728
728
728
728
728
728
728
729
729
729
729
729
729
729
730
730
730
730
730
730
730
730
730
730
730
730
730
730
730
731
732
732
732
733
735
735
735
735
735
735
735
735
735
735
736
737
737
739
739
739
739
739
739
739
739
739
739
739
739
739
740
741
743
743
743
743
743
743
743
744
744
744
744
744
744
744
744
744
744
744
744
744
744
744
745
746
746
746
747
755
755
755
755
755
755
755
755
755
755
755
756
756
756
756
756
756
756
756
756
756
756
757
757
757
757
757
757
757
757
757
757
757
759
759
759
759
759
759
759
759
759
759
759
760
760
760
760
760
760
760
760
760
760
760
761
761
761
761
761
761
761
761
761
761
761
762
762
762
762
762
762
762
762
762
762
762
764
764
764
764
764
764
764
764
764
764
764
765
765
765
765
765
765
765
765
765
765
765
766
766
766
766
766
766
766
766
766
766
766
767
767
767
767
767
767
767
767
767
767
767
777
777
777
777
777
777
777
777
777
777
778
782
782
782
782
782
782
782
782
782
782
783
783
783
783
783
784
785
785
785
785
785
785
785
785
785
787
787
787
787
787
787
787
788
788
788
788
788
788
788
788
788
788
789
789
789
789
789
790
791
791
791
791
791
791
791
791
791
791
791
792
792
792
792
792
793
794
794
794
794
794
794
794
794
794
794
795
795
795
795
795
796
797
797
797
797
797
797
797
797
797
797
797
798
798
798
798
798
799
800
800
800
800
800
800
800
800
800
800
801
801
801
801
801
802
803
803
803
803
803
803
803
803
804
806
806
806
806
806
806
806
806
806
807
807
807
807
807
807
808
808
808
808
808
808
808
808
808
808
809
809
809
809
809
809
809
810
810
810
810
810
811
812
812
812
812
812
812
812
814
814
814
814
814
814
814
815
815
815
815
815
816
817
818
818
818
818
818
818
818
818
818
818
819
819
819
819
819
820
821
821
821
821
821
821
821
821
823
823
823
823
823
823
823
824
824
824
824
824
824
824
824
825
825
825
825
825
825
825
826
826
826
826
826
827
827
827
827
827
827
827
827
827
827
827
827
827
827
827
827
827
828
828
828
828
828
828
828
828
828
828
828
828
828
828
828
828
828
829
829
829
829
829
830
831
832
834
834
834
834
834
835
837
837
837
837
837
837
837
837
837
837
838
838
838
838
838
839
840
840
840
840
840
840
840
840
840
844
844
844
844
844
844
844
844
844
844
845
845
845
845
845
846
847
847
847
847
847
847
847
847
848
848
848
848
848
848
848
849
849
849
849
849
849
849
849
849
849
850
850
850
850
850
851
852
852
852
852
852
852
852
852
852
852
852
853
853
853
853
853
854
855
855
855
855
855
855
855
855
855
856
856
856
856
856
856
856
856
856
856
856
856
857
858
858
858
860
860
860
860
860
860
860
860
860
860
861
861
861
861
861
862
863
864
864
864
864
864
865
867
867
867
867
867
867
867
867
867
867
867
867
868
868
869
873
873
873
873
873
873
873
873
873
873
874
874
874
874
874
874
874
876
876
876
877
878
878
878
879
881
881
881
881
881
881
881
881
881
881
881
881
881
881
881
882
882
883
884
884
884
884
884
884
884
884
884
884
884
884
884
884
884
884
884
884
884
884
884
884
884
885
885
885
885
885
885
885
885
885
885
886
886
886
886
886
887
888
888
888
888
888
888
888
888
888
888
888
888
888
888
888
888
889
889
889
889
889
890
891
892
892
892
893
895
895
895
895
895
895
895
895
895
895
895
895
895
895
896
897
897
897
897
897
898
898
898
898
898
898
898
898
898
898
899
899
899
899
899
899
899
899
899
899
899
899
899
899
899
899
899
899
899
899
899
899
900
900
900
901
902
902
902
902
902
902
902
902
902
902
903
903
903
903
904
905
905
905
905
905
905
905
905
906
906
906
906
906
906
906
906
906
907
908
916
916
916
916
916
916
916
916
916
916
916
916
917
918
918
918
918
918
918
918
919
919
919
919
919
919
919
919
919
919
919
919
920
920
920
920
920
920
920
921
921
921
922
923
924
924
924
925
927
927
927
927
927
927
927
927
927
927
927
927
928
929
929
929
929
929
929
929
930
930
930
930
930
930
930
930
930
930
930
930
931
931
931
931
931
931
931
932
932
932
933
934
935
935
935
936
937
938
