18
18
18
18
18
18
18
18
18
18
18
20
20
20
20
20
20
20
21
21
21
21
21
21
21
22
22
22
22
22
22
22
23
23
23
23
23
23
23
24
24
24
24
24
24
24
25
25
25
25
25
25
25
26
26
26
26
26
26
26
27
27
27
27
27
27
27
29
29
29
29
29
29
29
29
29
29
29
29
29
76
76
76
76
80
80
80
80
80
80
80
80
80
80
80
80
80
80
81
81
81
81
81
81
81
81
81
81
81
81
81
81
83
83
83
83
83
83
83
83
83
83
83
83
83
84
84
84
84
84
87
87
87
87
87
89
89
89
89
89
89
89
89
90
90
90
90
90
90
90
91
97
97
97
97
97
97
97
97
97
97
97
98
98
98
98
98
98
99
99
99
99
99
99
99
100
100
100
100
100
100
100
100
100
100
101
101
101
102
102
102
102
102
102
103
104
115
115
115
115
115
115
115
116
116
117
118
118
118
118
118
118
118
118
119
139
139
139
139
139
139
139
139
139
139
140
140
141
142
142
142
142
142
142
142
142
142
142
142
142
142
142
143
143
143
143
143
143
143
143
143
144
144
144
144
144
144
144
144
144
144
144
144
145
145
145
145
145
145
145
145
145
146
146
146
146
146
146
146
146
147
148
148
148
148
148
148
148
148
148
148
149
149
149
149
149
149
149
150
151
152
152
152
152
152
152
152
152
154
179
179
179
179
179
179
179
179
179
179
179
180
180
180
180
180
180
180
180
180
180
180
180
180
180
181
181
181
181
181
182
182
182
182
182
182
182
182
182
182
182
182
182
182
182
183
183
183
183
183
183
183
183
183
183
183
183
184
184
184
184
184
184
184
184
184
184
184
184
185
185
185
185
185
185
185
185
185
186
186
186
186
186
186
186
186
187
188
188
188
188
188
188
188
189
189
189
190
191
191
191
191
191
191
191
191
193
221
221
221
221
221
221
221
221
221
221
221
222
222
222
222
222
222
222
222
222
222
222
222
222
222
223
223
223
223
223
224
224
224
224
224
224
224
224
224
224
224
224
224
224
224
225
225
225
225
225
225
225
225
225
225
225
225
226
226
226
226
226
226
226
226
226
226
226
226
227
227
227
227
227
227
227
227
227
228
228
228
228
228
228
228
228
229
230
230
230
230
230
230
230
230
230
231
231
231
232
233
233
233
233
233
233
233
233
234
243
243
243
243
243
243
244
244
244
244
244
244
244
245
254
254
254
254
254
254
255
255
255
255
255
255
255
256
269
269
269
269
269
269
269
269
269
269
269
269
269
269
269
270
270
270
270
270
270
270
270
270
271
271
271
271
271
271
271
271
271
271
271
271
271
271
271
273
273
273
273
273
273
273
273
273
273
273
273
275
275
275
275
275
275
275
276
276
276
276
276
276
276
276
276
277
277
277
277
277
277
277
277
277
277
277
278
279
280
288
288
289
289
289
289
289
289
289
289
289
289
289
290
290
290
290
290
290
290
291
303
303
303
303
303
303
303
303
303
303
303
303
303
303
303
304
304
304
304
304
304
304
304
304
304
304
305
305
305
305
305
305
305
306
306
306
306
306
306
306
306
306
306
306
307
307
307
307
308
315
315
315
315
315
315
316
316
316
316
316
316
316
316
316
316
316
316
317
319
320
