17
17
17
17
17
17
17
17
17
19
19
19
19
19
19
19
19
19
20
20
20
20
20
20
20
20
20
21
21
21
21
21
21
21
21
21
22
22
22
22
22
22
22
22
22
24
24
24
24
24
24
24
25
25
25
25
25
25
25
27
27
27
27
27
27
27
27
27
27
27
27
27
27
29
29
29
30
31
31
32
32
32
32
32
32
32
32
32
32
32
32
32
32
32
33
33
33
33
33
33
33
33
33
33
33
33
33
35
35
35
35
35
35
35
35
35
35
35
36
36
36
36
36
36
36
36
36
36
36
36
36
36
37
38
38
39
39
39
39
39
39
39
39
39
39
39
39
40
42
42
42
42
42
42
42
42
42
42
42
43
45
45
45
45
45
45
45
45
45
45
45
45
45
62
62
62
62
62
62
63
63
63
64
64
64
65
65
65
66
66
66
67
67
67
68
68
68
68
68
68
69
69
69
69
69
69
70
70
70
71
71
71
72
72
73
73
74
75
