17
17
17
17
17
17
17
17
17
19
19
19
19
19
19
19
19
19
20
20
20
20
20
20
20
20
20
21
21
21
21
21
21
21
21
21
22
22
22
22
22
22
22
22
22
23
23
23
23
23
23
23
23
23
23
23
24
24
24
24
24
24
24
24
24
25
25
25
25
25
25
25
25
25
26
26
26
26
26
26
26
26
26
26
26
27
27
27
27
27
27
27
27
27
27
27
28
28
28
28
28
28
28
28
28
28
28
28
28
30
30
30
30
30
30
30
30
30
31
31
31
31
31
31
31
32
32
32
32
32
32
32
32
32
37
37
37
37
38
39
39
40
40
40
40
40
40
40
40
40
40
40
40
40
40
40
40
40
41
41
41
41
41
41
41
41
41
41
42
45
45
45
45
45
45
45
45
45
45
45
45
45
46
48
48
48
48
48
48
49
49
49
49
49
50
52
52
53
53
53
53
53
53
53
53
53
53
53
53
53
53
53
53
53
53
53
54
54
54
54
56
56
56
56
56
56
56
56
56
56
56
56
56
56
56
56
58
58
58
58
58
58
58
59
59
59
59
59
59
59
61
61
62
62
62
62
62
62
62
62
62
62
63
63
63
63
63
63
63
65
65
65
65
65
65
65
65
65
65
65
65
65
65
65
65
65
65
65
65
67
67
67
67
67
67
67
67
68
68
68
68
68
68
68
68
68
69
69
69
69
69
69
69
69
69
70
70
70
70
70
70
70
71
71
71
71
71
71
71
71
71
71
71
71
71
71
71
71
71
71
71
71
71
71
72
73
73
74
74
74
74
74
74
74
74
74
74
74
74
74
74
74
74
74
74
74
74
74
74
75
77
77
77
77
77
77
77
77
79
79
79
79
81
81
81
81
81
81
81
81
82
82
82
83
85
85
85
85
85
85
85
87
87
87
87
89
89
89
89
91
91
91
91
93
93
93
93
94
95
95
95
95
95
95
97
97
97
97
97
97
97
97
97
97
97
97
97
98
98
98
98
98
98
98
99
99
99
100
101
101
102
102
102
102
102
102
102
103
103
103
103
103
103
103
106
106
106
106
106
106
106
107
107
107
107
107
107
107
108
108
108
108
108
108
108
109
111
111
111
112
114
114
114
114
114
114
114
114
115
115
115
115
116
116
116
116
117
117
117
117
118
118
118
118
119
119
119
119
120
120
120
120
121
122
122
122
122
122
123
123
123
123
123
123
123
123
123
123
124
124
124
124
124
124
124
124
124
125
125
125
125
125
125
125
125
125
126
126
126
126
126
126
126
126
126
126
126
126
126
127
127
127
127
127
127
127
127
127
127
127
127
127
127
127
127
128
128
128
128
128
128
128
130
130
131
131
131
131
131
131
131
131
131
131
131
131
131
131
131
131
131
131
132
133
133
134
134
134
134
134
134
134
134
134
134
134
134
134
134
134
135
135
135
135
135
135
135
135
135
135
135
135
136
136
136
136
136
136
136
137
138
140
140
140
140
140
141
143
143
143
143
143
143
143
143
143
143
143
144
146
146
146
146
146
147
148
148
148
150
150
150
150
150
150
150
152
152
153
153
153
153
153
153
153
153
153
156
156
156
156
156
156
156
156
156
157
157
157
157
157
157
157
160
160
160
160
160
160
160
160
160
160
160
160
160
161
161
161
161
161
161
161
163
163
163
163
163
163
163
163
163
163
163
163
163
163
164
164
164
164
164
164
164
167
167
167
167
167
167
167
167
167
167
167
167
167
168
168
168
168
168
168
168
170
170
170
170
170
170
170
170
170
170
170
170
170
170
171
171
171
171
171
171
171
174
174
174
174
174
174
174
174
174
174
174
174
174
175
175
175
175
175
175
175
177
177
177
177
177
177
177
177
177
177
177
177
177
177
178
178
178
178
178
178
178
180
180
180
181
182
182
182
182
182
182
183
183
183
183
183
183
183
183
183
183
183
183
183
184
184
184
184
184
184
184
185
185
185
186
187
189
189
189
189
189
190
191
191
191
191
191
191
191
191
191
192
194
194
194
194
194
195
196
196
196
196
196
196
196
196
196
197
198
199
