17
17
17
17
17
17
17
17
17
19
19
19
19
19
19
19
20
20
20
20
20
20
20
21
21
21
21
21
21
21
22
22
22
22
22
22
22
23
23
23
23
23
23
23
24
24
24
24
24
24
24
25
25
25
25
25
25
25
25
25
26
26
26
26
26
26
26
26
26
27
27
27
27
27
27
27
27
27
28
28
28
28
28
28
28
28
28
29
29
29
29
29
29
29
29
29
29
29
31
31
31
31
31
31
31
31
31
32
32
32
32
32
32
32
32
32
32
32
33
33
33
33
33
33
33
33
33
33
33
34
34
34
34
34
34
34
34
34
34
34
35
35
35
35
35
35
35
35
35
35
35
35
35
36
36
36
36
36
36
36
36
36
36
36
36
36
37
37
37
37
37
37
37
37
37
37
37
37
37
38
38
38
38
38
38
38
38
38
38
38
38
38
40
40
40
40
40
40
41
42
42
42
42
42
42
43
43
43
43
43
43
44
44
44
44
44
44
44
44
45
45
45
45
45
45
45
45
47
47
47
47
49
49
49
49
49
49
49
50
50
50
50
50
50
50
51
51
51
51
51
51
51
53
53
53
53
53
53
53
53
53
55
55
55
55
55
56
56
56
56
56
57
57
57
57
58
58
58
58
59
59
59
59
60
60
60
60
62
62
63
63
63
63
63
63
63
63
63
63
63
63
63
63
63
63
63
63
63
65
65
65
65
65
65
65
65
65
65
65
65
65
65
65
65
65
65
65
65
65
65
65
65
65
67
67
67
67
67
67
68
70
70
70
71
72
72
72
72
72
72
72
72
72
73
73
73
73
73
73
73
73
73
73
74
74
74
74
74
74
74
74
74
75
75
75
75
75
75
75
75
75
76
76
76
76
76
76
76
78
78
78
78
78
78
78
79
79
79
79
79
79
79
80
80
80
80
80
80
80
82
82
82
82
83
88
88
89
89
89
89
89
90
91
91
92
92
92
92
92
92
94
94
94
94
94
95
95
95
95
95
95
95
95
95
95
95
95
95
95
95
95
95
95
95
95
95
95
95
95
95
95
95
96
96
96
96
96
96
96
96
96
96
96
96
96
96
96
96
96
96
96
97
98
99
99
99
99
99
99
101
101
101
101
101
101
102
102
102
102
102
102
102
103
104
106
106
106
106
106
107
108
108
109
109
109
109
109
109
109
109
109
109
109
109
109
109
109
109
109
109
110
110
110
110
110
110
110
110
110
110
110
110
110
110
111
112
112
112
112
113
113
113
113
114
114
114
115
117
117
117
117
117
117
117
117
117
117
117
117
117
117
119
119
119
119
119
119
119
120
120
120
120
121
121
121
121
122
122
122
123
125
125
125
125
125
125
125
125
125
125
125
126
126
126
126
126
126
126
127
127
127
128
130
130
130
130
130
130
130
130
130
131
131
131
131
131
131
131
131
131
131
131
131
131
131
131
131
131
131
131
131
131
132
132
132
132
132
132
132
133
133
133
133
133
133
133
134
134
134
134
134
134
134
134
134
134
134
134
134
135
136
136
137
137
137
137
137
137
137
137
138
139
140
140
140
140
140
140
140
140
140
140
140
140
140
140
140
140
140
140
140
140
140
140
141
141
141
141
141
141
141
141
141
141
142
142
142
142
142
143
144
145
145
145
145
145
145
145
145
145
145
145
145
145
145
145
145
145
145
145
145
145
145
146
146
146
146
146
146
146
147
147
147
147
147
147
147
148
148
148
148
148
148
148
148
148
148
148
148
148
149
150
150
151
151
151
151
151
151
151
151
152
153
155
155
155
155
155
155
155
155
155
156
156
156
156
156
157
159
159
159
160
161
161
162
162
162
162
163
164
166
166
166
166
167
168
168
168
168
169
169
169
169
169
169
169
169
169
169
169
169
170
170
170
170
170
170
170
170
171
171
171
171
171
171
171
171
171
171
171
171
171
171
171
171
171
172
172
172
172
172
172
172
172
172
172
172
173
174
176
176
176
176
177
178
178
178
178
178
178
178
178
179
179
179
180
182
182
182
182
183
184
184
184
184
184
184
184
184
184
184
185
187
187
187
187
187
187
187
188
189
189
190
190
190
190
190
190
190
191
191
191
191
191
191
191
191
191
191
191
191
191
191
191
191
191
192
193
193
193
193
193
193
195
196
198
198
198
198
198
198
198
199
200
200
200
200
200
201
201
202
204
204
205
205
205
205
205
205
205
206
206
206
206
206
206
206
206
206
206
206
206
206
206
206
206
206
207
208
208
208
208
208
208
210
211
213
213
213
213
213
213
213
213
214
215
215
215
215
215
216
216
217
219
219
219
219
219
219
219
219
219
219
221
221
221
221
221
221
221
221
222
222
222
222
222
222
222
223
223
223
223
223
223
224
224
224
224
224
224
224
224
225
225
225
225
225
226
226
226
226
226
226
226
226
226
226
226
227
227
227
227
227
227
227
227
227
227
227
227
227
228
230
230
230
230
230
230
230
230
230
230
230
231
231
231
231
231
231
232
234
234
234
234
234
234
234
234
234
234
234
234
234
234
234
234
234
234
234
234
234
234
234
234
235
235
235
235
235
235
235
235
235
235
235
235
236
236
236
236
236
236
237
238
240
240
240
240
240
240
240
240
240
240
240
240
240
240
240
240
240
240
241
244
244
244
244
244
244
244
244
244
244
244
244
245
245
245
245
245
245
245
246
247
247
247
247
247
247
247
247
247
247
247
247
247
247
247
247
247
247
247
247
247
247
247
247
247
247
247
247
247
247
247
247
248
248
248
248
248
248
248
248
248
249
249
249
249
249
250
250
250
250
250
251
251
251
251
251
252
252
253
253
253
253
253
254
254
254
254
254
255
255
255
255
255
255
255
256
256
256
256
256
256
256
256
257
258
258
259
259
259
259
259
259
259
259
260
261
261
262
262
263
263
263
263
263
263
263
263
263
263
263
264
264
265
266
267
269
269
269
269
269
270
271
271
271
272
272
272
272
272
272
272
272
272
272
272
272
272
272
272
273
273
273
273
273
273
273
274
274
274
274
274
274
274
274
274
274
275
275
275
275
275
275
275
275
275
275
275
275
276
276
276
276
276
277
277
277
277
277
277
277
277
277
277
277
278
278
278
278
278
278
278
278
278
278
278
278
278
279
281
281
281
281
281
281
281
282
282
282
282
282
282
282
282
282
282
283
283
283
283
283
283
283
283
283
283
283
283
284
284
284
284
284
285
285
285
285
285
285
285
285
285
285
285
286
286
286
286
286
286
286
286
286
286
286
286
286
287
289
289
289
289
289
289
289
289
289
289
289
289
289
289
289
290
290
290
290
290
290
290
290
290
290
290
290
290
290
290
292
292
292
292
292
292
292
292
292
292
292
292
292
293
293
293
293
293
293
293
293
293
293
293
293
293
294
295
297
297
297
297
297
298
299
299
299
300
300
300
300
300
300
300
300
300
300
300
300
300
300
300
301
301
301
301
301
302
303
305
305
305
305
305
306
307
307
307
307
307
307
307
307
307
308
308
309
311
311
311
311
311
311
311
311
312
312
312
312
312
312
312
312
312
312
312
312
313
313
313
313
313
313
313
313
313
314
314
314
314
314
314
314
314
314
315
315
315
315
315
315
315
315
315
315
315
315
315
315
315
315
315
315
315
315
315
315
315
315
315
315
316
316
316
316
316
316
317
317
317
317
317
317
317
317
317
317
317
318
319
320
322
322
322
322
322
322
322
322
323
324
324
324
324
324
324
324
324
324
324
324
324
324
325
325
325
325
325
325
325
325
325
325
325
325
325
326
326
326
326
326
326
326
326
326
326
326
326
326
328
328
328
328
328
328
328
328
329
329
329
329
329
329
329
329
329
329
329
329
329
329
329
329
329
329
329
329
329
329
329
329
329
329
330
330
330
330
330
330
330
330
330
330
330
331
332
332
333
333
333
333
333
333
333
334
335
337
337
337
337
337
338
339
339
339
339
339
339
340
340
340
340
340
340
340
340
340
340
340
340
340
340
340
340
340
341
341
341
341
341
341
341
342
342
342
342
342
342
342
342
342
342
342
342
342
343
344
345
346
