17
17
17
17
17
17
17
17
17
19
19
19
19
19
19
19
19
19
20
20
20
20
20
20
20
20
20
21
21
21
21
21
21
21
21
21
22
22
22
22
22
22
22
22
22
23
23
23
23
23
23
23
23
23
24
24
24
24
24
24
24
24
24
24
24
24
24
25
25
25
25
25
25
25
25
25
25
25
25
25
27
27
27
27
27
27
27
28
28
28
28
28
28
28
28
28
29
29
29
29
29
29
29
30
30
30
30
30
30
30
30
30
31
31
31
31
31
31
31
31
31
32
32
32
32
32
32
32
32
32
33
33
33
33
33
33
33
33
33
34
34
34
34
34
34
34
34
34
34
34
35
35
35
35
35
35
35
35
35
35
35
37
37
37
37
37
37
37
37
37
37
37
37
37
37
42
42
42
42
42
42
43
44
44
44
44
44
44
46
46
46
46
46
46
46
46
47
47
47
47
47
47
47
47
49
49
49
49
49
49
49
49
50
50
50
50
50
52
52
52
52
52
52
53
53
53
53
53
53
55
55
55
55
55
56
56
56
56
56
58
58
58
58
58
59
59
59
59
60
60
60
60
62
62
62
63
63
63
63
63
64
64
64
64
66
66
66
66
66
67
67
67
67
67
68
68
68
68
68
70
70
70
70
71
71
71
71
72
72
72
72
74
74
74
74
74
74
74
75
75
75
75
75
77
77
77
77
77
78
78
78
78
78
79
79
79
79
79
81
81
81
81
83
83
84
84
84
84
84
84
84
84
84
84
84
84
84
84
84
84
85
85
85
85
85
85
85
85
87
87
87
87
87
87
87
87
87
87
87
87
87
87
87
87
89
89
89
89
89
89
89
89
90
90
90
90
90
90
90
90
90
90
90
90
90
90
90
91
91
91
91
91
91
91
91
91
91
92
94
94
94
94
94
94
94
94
94
94
94
94
94
94
94
94
94
95
95
95
95
95
95
95
95
95
95
95
95
95
95
95
95
96
96
97
97
97
97
97
98
99
99
99
99
99
99
99
99
99
99
99
99
99
99
99
99
99
100
100
100
100
100
100
100
100
100
100
101
101
101
101
101
101
101
101
101
102
103
104
105
105
105
105
106
107
109
109
109
109
109
110
111
111
111
111
111
111
113
113
113
113
113
113
113
113
113
114
114
114
114
114
114
114
114
114
115
115
115
115
115
115
115
115
115
115
116
116
116
116
116
116
117
117
117
117
117
117
118
118
118
118
118
118
119
119
119
119
119
119
119
119
119
120
120
120
120
120
120
120
120
120
120
120
121
128
128
129
129
129
129
129
129
129
129
129
129
129
129
130
131
131
131
131
131
131
131
132
132
132
132
132
132
133
134
134
134
134
134
134
134
134
134
134
134
134
134
134
135
135
135
135
135
136
138
138
138
138
138
138
138
139
142
142
143
143
143
143
143
144
145
145
145
145
145
145
145
145
145
145
145
145
145
145
145
145
145
145
145
145
145
145
145
145
145
146
146
146
146
146
146
146
147
147
147
147
147
147
147
148
149
152
152
153
153
153
153
153
153
153
153
154
155
155
155
155
155
155
155
155
155
155
155
155
155
155
155
155
155
155
155
155
155
155
155
155
155
156
156
156
156
156
156
156
157
157
157
157
157
157
158
158
158
158
158
158
158
159
160
161
161
162
162
162
162
162
162
162
163
164
167
167
168
168
168
168
168
168
168
169
170
170
170
170
170
171
171
171
171
172
172
172
173
173
173
173
173
173
173
173
173
173
173
173
174
174
174
174
174
174
174
175
175
175
175
175
175
176
176
176
176
176
176
176
177
178
178
178
179
179
179
179
179
179
179
180
181
182
185
185
186
186
186
186
186
187
188
188
188
188
188
188
188
188
189
192
192
193
193
193
193
193
193
193
194
195
195
195
195
195
195
195
195
195
195
195
195
195
196
198
198
198
198
198
198
202
202
202
202
202
202
202
202
202
202
202
202
203
206
206
207
207
207
207
207
208
209
209
209
210
213
213
214
214
214
214
214
214
214
215
216
216
216
216
216
216
217
223
223
223
223
223
223
223
223
223
223
223
223
223
223
223
223
223
224
225
225
225
225
227
227
228
228
228
228
230
230
230
230
230
230
230
230
230
230
231
231
231
231
231
231
231
231
231
231
231
231
231
232
232
232
232
232
232
232
232
232
232
232
232
232
232
232
234
234
234
234
234
234
234
234
235
235
235
235
235
235
236
236
236
236
236
236
236
236
236
236
236
236
236
236
237
237
237
237
237
237
238
238
238
238
238
238
239
239
239
239
239
239
240
240
240
240
240
240
240
240
242
242
242
242
242
242
242
244
244
244
244
244
244
244
244
244
244
244
244
244
244
244
244
244
244
244
245
245
245
245
245
245
245
245
245
245
245
245
245
245
245
245
245
245
245
245
245
245
245
245
245
245
245
245
246
246
246
246
246
246
246
246
246
246
246
246
246
246
246
246
246
246
246
246
247
247
247
247
247
247
247
247
247
247
247
247
248
248
248
248
248
248
248
248
248
249
249
249
249
249
249
249
249
249
250
252
252
252
252
254
254
254
254
256
256
256
256
258
258
258
258
258
258
258
258
258
259
260
260
260
260
260
260
261
261
261
261
261
261
262
262
262
262
262
262
262
263
264
264
265
265
265
265
265
265
265
266
266
266
266
266
266
266
267
267
267
267
267
267
267
268
270
270
270
271
273
273
273
273
274
275
275
275
275
275
276
278
278
278
278
279
280
280
280
281
283
283
283
283
284
285
285
285
286
288
288
288
288
289
290
290
290
291
293
293
293
293
293
293
294
295
295
295
295
295
296
296
297
299
299
300
300
300
300
300
300
300
301
301
301
301
302
302
302
302
302
302
302
302
303
303
303
303
303
303
303
303
303
303
303
304
304
305
306
306
306
306
306
306
306
306
307
307
308
310
310
310
310
310
310
310
310
311
311
311
311
311
311
311
311
311
311
311
311
311
312
312
312
312
312
312
312
313
313
313
313
313
313
313
313
313
314
314
314
314
314
314
315
316
316
316
316
316
316
318
318
318
318
318
318
319
320
320
320
320
320
320
320
320
320
320
320
320
324
324
324
324
324
324
324
325
326
328
328
328
328
328
328
329
330
330
330
330
330
331
331
332
334
334
335
335
335
335
335
335
335
336
336
336
336
337
337
337
337
337
337
337
337
338
338
338
338
338
338
338
338
338
338
338
339
339
340
341
341
341
341
341
341
341
341
342
342
343
345
345
345
345
345
345
345
345
346
346
346
346
346
346
346
346
346
346
346
346
346
347
347
347
347
347
347
347
348
348
348
348
348
348
348
348
348
349
349
349
349
349
349
350
351
351
351
351
351
351
353
353
353
353
353
353
354
355
355
355
355
355
355
355
355
355
355
355
355
359
359
359
359
359
359
359
360
361
363
363
363
363
363
363
364
365
365
365
365
365
365
365
365
365
366
366
366
367
369
369
369
369
369
369
369
369
369
369
369
369
369
369
369
369
369
370
370
370
370
370
370
370
370
370
370
370
371
371
371
371
371
371
371
371
371
371
371
371
371
371
371
371
371
371
371
371
371
371
371
371
371
371
371
373
373
373
373
374
374
374
375
377
377
377
377
379
379
379
379
379
379
379
379
379
379
380
380
380
380
380
380
380
380
382
382
382
382
382
382
382
382
382
383
383
383
383
383
383
383
384
384
384
384
384
385
385
385
385
385
385
385
386
386
386
386
386
386
387
387
387
388
388
388
388
388
388
388
388
388
388
388
388
388
389
389
389
389
389
389
389
389
389
390
390
390
390
390
390
390
391
391
391
391
391
391
391
391
391
392
392
392
392
392
392
392
392
392
392
392
392
392
393
394
394
395
395
395
395
395
395
395
395
395
396
396
396
396
396
396
397
399
399
399
399
399
399
399
399
401
401
401
401
401
401
401
401
401
401
401
402
402
402
403
404
406
406
406
406
406
406
406
406
406
406
406
406
408
408
409
409
409
409
409
409
409
409
410
410
410
410
410
410
411
411
411
411
411
411
411
411
411
411
411
411
413
413
413
414
415
415
415
415
415
415
417
417
417
417
417
417
418
418
418
419
420
422
422
422
423
425
425
425
425
425
425
426
427
427
427
427
427
427
427
427
427
427
427
428
428
429
431
431
432
432
432
432
433
433
433
433
433
433
433
434
434
434
434
434
434
434
434
434
434
434
434
434
434
434
434
435
435
435
435
435
435
435
435
436
436
436
436
436
436
436
436
436
436
436
437
438
438
438
438
438
438
438
438
438
438
438
438
438
438
438
438
439
439
439
439
439
439
439
439
440
440
440
440
440
440
440
440
440
440
440
441
442
442
442
442
442
442
442
442
442
442
442
443
443
443
443
443
443
443
444
445
446
446
446
446
446
446
448
448
448
448
448
448
449
450
450
451
451
451
451
451
451
453
453
453
453
453
453
453
454
454
454
454
454
454
455
455
455
455
455
455
455
455
455
456
459
459
459
459
459
459
460
462
462
462
462
462
462
462
463
463
463
463
463
463
463
463
463
464
464
464
464
464
464
465
466
466
466
466
466
466
466
467
467
467
467
467
467
467
467
467
468
468
468
468
468
468
469
471
471
471
471
471
471
471
472
472
472
472
472
472
472
472
472
473
473
473
473
473
473
473
473
473
474
476
476
476
476
477
477
477
477
478
478
478
478
479
479
479
479
480
481
483
483
483
483
484
485
485
485
485
485
485
485
485
485
486
488
488
488
488
489
490
490
490
490
490
490
490
490
490
490
491
491
491
491
491
491
491
491
491
492
493
493
493
493
494
496
496
496
496
496
497
498
498
499
499
499
499
499
499
499
500
501
501
501
501
501
501
503
504
506
506
506
506
506
507
508
508
509
509
509
509
509
509
509
510
511
511
511
511
511
511
513
513
513
513
513
513
514
515
517
517
517
517
517
518
519
519
519
519
519
519
519
519
520
520
520
520
520
520
520
520
520
520
520
520
520
520
521
521
521
521
521
521
522
522
522
522
522
522
525
525
525
525
525
525
525
525
525
526
526
526
526
526
526
526
526
526
526
526
527
527
527
527
527
527
527
527
527
527
527
527
527
527
527
527
527
527
527
527
528
528
528
528
528
529
529
529
529
529
531
531
531
531
531
531
531
531
531
531
531
531
531
531
531
531
531
531
531
531
531
531
531
532
532
532
532
532
532
532
532
532
532
532
533
533
533
533
533
534
534
534
534
534
534
534
534
534
534
535
535
535
535
535
535
535
535
535
535
535
535
538
538
538
538
538
538
538
538
539
539
539
539
539
539
539
539
539
539
540
540
540
540
540
540
540
540
540
540
540
540
540
540
540
540
540
540
540
540
541
541
541
541
541
542
542
542
542
542
544
544
544
544
544
544
544
544
544
544
544
544
544
544
544
544
544
544
544
544
544
544
544
545
545
545
545
545
545
545
545
545
545
545
546
546
546
546
546
547
547
547
547
547
547
547
547
547
547
548
548
548
548
548
548
548
548
548
548
548
548
551
551
551
551
551
551
551
551
552
552
552
552
552
552
552
552
552
552
553
553
553
553
553
553
553
553
553
553
553
553
553
553
553
553
553
553
553
553
554
554
554
554
554
555
555
555
555
555
557
557
557
557
557
557
557
557
557
557
557
557
557
557
557
557
557
557
557
557
557
557
557
558
558
558
558
558
558
558
558
558
558
558
559
559
559
559
559
560
560
560
560
560
560
560
560
560
560
561
561
561
561
561
561
561
561
561
561
561
561
562
564
564
564
564
564
565
566
566
566
566
566
566
566
566
566
566
568
568
568
568
569
569
569
569
570
570
570
570
571
571
571
571
573
573
573
573
573
573
573
573
573
573
573
574
574
574
574
574
574
574
574
574
574
574
575
575
575
575
575
575
575
575
575
575
575
579
579
579
579
579
579
579
579
579
580
582
582
582
582
582
583
584
584
584
584
584
585
585
585
585
585
586
586
586
586
587
587
587
587
587
587
587
587
587
587
587
587
588
590
590
590
590
590
590
590
591
591
591
591
591
591
591
593
593
593
593
593
593
593
593
593
594
594
594
594
594
594
594
594
594
596
596
596
596
596
596
596
596
596
596
596
596
596
597
597
597
597
597
597
597
598
598
598
598
598
598
600
600
601
601
601
601
601
601
602
603
603
603
603
603
603
604
604
604
604
604
604
604
605
606
607
609
609
609
609
609
609
609
609
609
609
609
609
610
611
611
611
611
611
611
611
611
612
612
612
612
612
613
613
613
613
613
613
613
613
614
614
614
614
614
615
615
615
615
616
616
616
618
618
618
618
618
618
618
619
624
624
624
624
624
624
624
624
624
625
626
626
626
626
626
626
626
626
626
626
626
626
627
629
629
629
629
629
629
629
629
629
629
629
630
631
631
631
631
631
631
631
631
631
631
631
631
631
631
631
631
631
631
635
635
635
635
635
637
637
637
637
637
637
637
637
638
638
638
638
638
638
638
638
638
638
639
639
639
639
639
639
639
639
640
640
640
640
640
640
640
640
640
640
640
640
641
641
641
641
641
641
641
641
641
641
641
641
641
641
641
641
641
641
641
641
641
641
641
641
641
641
641
641
645
645
645
645
645
645
645
645
645
645
646
646
646
646
647
648
649
653
653
653
653
653
654
654
654
654
654
654
654
654
654
654
655
655
655
655
655
655
655
656
656
656
656
656
656
656
656
656
657
658
660
660
660
660
660
660
660
660
660
660
661
663
663
663
663
663
663
663
663
663
663
663
663
664
666
666
666
666
666
666
666
666
666
666
666
666
666
666
666
666
666
666
666
666
666
666
666
666
666
666
666
666
666
666
666
666
666
667
667
667
667
667
667
667
667
667
667
667
667
669
669
669
669
669
669
669
669
669
669
669
669
669
669
669
670
670
670
670
670
670
670
670
670
670
670
670
670
670
670
671
671
671
671
671
671
671
671
671
671
671
671
671
671
671
671
671
671
671
671
671
671
671
671
671
671
671
671
671
671
672
675
675
675
675
675
675
675
675
675
675
675
675
676
676
676
676
676
676
676
677
679
679
679
679
679
679
679
680
681
681
681
681
681
681
681
681
681
681
681
681
681
681
681
681
682
682
682
682
682
682
682
682
682
682
682
682
682
683
684
686
686
686
686
686
686
686
687
688
688
688
689
689
689
689
689
689
689
689
689
689
689
689
689
689
689
689
689
689
689
689
689
689
689
690
690
690
690
690
690
690
690
690
691
692
694
694
694
694
694
694
694
694
694
694
695
696
696
697
697
697
697
697
697
697
697
697
697
698
699
699
699
699
699
699
699
699
699
700
700
700
700
700
700
700
700
700
701
701
701
701
701
701
701
701
701
701
701
701
701
701
701
701
701
701
701
701
701
701
702
702
702
702
702
702
702
702
702
702
703
703
703
703
703
703
703
703
703
703
704
704
704
704
704
704
704
705
705
705
705
705
705
705
705
705
706
706
706
706
706
706
706
706
706
707
707
707
707
707
707
707
708
708
708
708
708
709
710
711
713
713
713
713
713
714
715
717
717
717
717
717
717
717
717
717
717
717
717
717
717
717
717
717
718
719
719
719
719
719
719
719
719
719
721
721
722
722
722
722
722
722
722
722
722
722
722
722
722
722
722
722
722
722
722
722
722
722
722
722
723
724
724
724
724
724
724
724
724
724
724
724
724
724
724
724
724
724
724
725
726
728
728
728
728
729
730
730
730
730
731
731
731
731
732
732
732
732
733
733
733
734
734
734
736
736
736
736
736
736
736
736
737
738
738
738
738
738
738
739
739
739
739
739
739
740
740
740
740
740
740
740
740
740
741
742
743
744
