17
17
17
17
17
17
17
17
17
17
17
19
19
19
19
19
19
19
21
21
21
21
21
21
21
21
21
21
21
22
22
22
22
22
22
22
22
22
22
22
22
22
22
22
23
23
23
23
23
23
23
23
23
23
23
23
23
23
23
24
24
24
24
24
24
24
24
24
24
24
24
24
24
24
29
29
29
29
31
31
31
31
31
31
31
31
31
31
31
31
31
31
31
31
40
40
40
40
40
41
41
41
41
42
42
42
42
42
43
43
43
43
43
44
44
44
44
44
44
44
45
45
45
46
46
47
47
47
47
47
47
47
47
47
47
47
48
48
48
48
48
48
48
48
49
50
50
50
50
50
50
50
51
51
51
51
52
53
53
53
53
53
54
54
55
55
55
55
55
55
55
55
55
55
55
55
55
55
56
56
57
57
57
57
57
57
57
57
57
57
57
57
57
58
59
59
59
59
59
59
59
60
60
60
60
61
62
62
62
62
62
63
63
64
64
64
65
65
66
66
66
66
66
66
66
66
67
68
68
68
69
70
78
78
78
78
78
78
78
78
78
78
78
78
78
78
79
79
79
79
79
79
79
80
80
80
81
82
82
82
82
82
82
82
82
82
82
82
83
83
83
84
85
85
86
86
86
86
86
86
86
86
86
86
86
86
86
86
86
87
94
94
94
94
94
94
94
94
94
94
96
96
96
96
96
96
96
96
97
98
99
