6
6
6
6
6
6
6
6
6
8
8
8
8
8
8
8
9
9
9
9
9
9
9
10
10
10
10
10
10
10
12
12
12
12
12
12
12
12
12
12
12
13
13
13
13
13
13
13
13
13
13
13
14
14
14
14
14
14
14
14
14
14
14
15
15
15
15
15
15
15
15
15
15
15
17
17
17
17
17
18
19
19
19
19
19
19
19
19
19
19
21
21
21
21
21
21
21
21
21
22
23
23
23
23
23
23
23
24
24
24
24
24
24
24
24
24
25
27
27
28
28
28
28
28
28
28
29
30
30
30
30
30
30
30
30
31
32
32
32
32
32
32
32
32
32
34
34
34
34
34
34
34
34
34
34
34
34
34
36
36
36
36
36
36
36
37
38
38
38
38
38
38
38
38
38
38
38
38
38
38
38
38
38
38
38
38
38
38
39
39
39
39
39
39
39
39
39
39
39
39
39
39
39
41
41
41
41
41
43
43
43
43
43
43
43
43
43
44
45
45
45
45
45
45
45
45
45
46
48
48
48
48
48
48
48
48
48
48
48
49
50
51
53
53
54
54
54
54
54
55
56
56
56
56
56
56
56
56
56
56
56
56
56
56
56
56
56
56
57
58
58
58
58
58
58
58
58
58
58
58
58
58
58
58
58
58
58
58
58
58
58
58
58
58
59
60
61
61
