6
6
6
6
6
6
6
6
6
6
6
8
8
8
8
8
8
8
8
8
8
8
8
8
8
9
9
9
9
9
9
9
9
9
9
9
9
9
9
11
11
11
11
11
11
11
12
12
12
12
12
12
12
14
14
14
14
14
14
14
14
14
14
14
15
15
15
15
15
15
15
15
15
16
16
16
16
16
16
16
16
16
18
18
18
19
20
20
20
20
20
20
20
20
20
20
20
20
20
20
22
22
22
22
24
24
24
24
26
26
26
26
28
28
28
28
30
30
30
30
30
30
32
32
32
32
32
32
32
32
32
32
32
32
32
32
32
34
34
34
34
34
34
34
34
34
36
36
36
36
36
36
36
36
36
37
38
38
38
38
38
38
39
39
39
39
39
39
40
40
40
40
40
40
40
40
41
41
41
41
41
41
41
42
44
44
44
44
44
45
46
46
46
47
49
49
49
49
49
50
51
51
51
52
54
54
54
54
54
55
56
56
56
57
59
59
59
59
59
59
59
59
59
59
60
61
61
61
61
61
61
63
63
63
63
63
63
63
63
63
64
65
65
65
65
65
65
65
65
65
65
65
65
65
65
65
65
67
67
67
67
67
67
68
69
69
69
69
69
69
69
69
69
71
71
71
71
71
71
72
73
74
76
76
76
76
76
77
78
78
78
79
81
81
81
81
81
81
81
81
82
83
83
83
84
86
86
86
86
86
86
86
87
88
88
88
88
89
90
90
90
90
90
90
90
90
90
91
93
93
93
93
93
95
95
95
95
95
95
95
96
97
97
97
97
98
99
99
99
99
99
99
99
99
99
100
102
102
102
102
102
102
102
102
102
102
103
104
104
104
104
105
105
106
107
109
109
109
109
110
111
111
111
111
111
111
111
111
111
112
113
113
113
114
116
116
116
116
116
116
116
117
118
118
118
118
119
120
120
120
120
120
120
120
120
120
121
123
123
123
123
123
123
125
125
125
125
125
127
127
127
127
127
127
127
128
129
129
129
129
129
129
129
129
129
129
130
131
131
131
131
132
134
134
134
134
135
136
136
136
136
136
136
136
136
136
138
138
138
138
138
138
138
138
138
138
138
138
138
138
139
140
140
140
140
140
140
140
140
140
140
140
140
142
142
142
142
142
142
142
142
142
144
144
144
144
144
144
145
146
146
146
146
146
146
146
146
146
146
148
148
148
148
148
148
149
150
150
150
150
150
150
150
150
150
150
150
150
150
150
152
152
152
152
152
152
153
154
154
154
154
154
154
154
154
155
156
157
158
159
160
160
160
160
160
160
160
160
160
160
160
161
162
163
164
166
166
166
167
169
169
169
169
169
169
169
170
171
171
171
171
171
171
171
172
174
174
174
174
174
175
176
176
176
177
179
179
179
179
179
179
179
180
181
181
181
181
181
181
181
182
184
184
184
184
184
185
186
186
186
187
189
189
190
190
190
190
190
191
192
192
192
192
192
192
192
192
194
194
194
194
194
194
194
194
194
194
194
194
194
194
194
194
194
196
196
196
196
196
196
196
197
198
198
198
198
198
198
198
198
198
198
198
198
198
198
198
198
199
201
201
201
201
201
201
201
202
203
204
