17
17
17
17
17
17
17
17
17
17
17
17
17
19
19
19
19
19
19
19
19
19
19
19
20
20
20
20
20
20
20
20
20
20
20
20
20
21
21
21
21
21
21
21
21
21
21
21
21
21
21
21
22
22
22
22
22
22
22
22
22
22
22
22
22
22
22
23
23
23
23
23
23
23
23
23
23
23
23
23
23
23
29
29
29
29
29
29
30
30
30
30
31
31
31
31
32
32
32
32
33
33
33
33
42
42
42
42
42
42
42
42
42
43
43
43
43
43
43
43
44
44
44
44
44
45
45
45
45
45
45
46
46
46
46
46
46
47
47
47
47
47
47
48
50
50
50
50
50
50
51
51
51
51
51
51
51
51
51
51
51
51
51
52
52
52
53
54
54
54
54
54
54
54
54
54
54
54
54
54
55
65
65
65
65
65
65
66
66
66
66
66
66
66
67
67
67
67
67
67
67
68
68
68
68
69
69
69
69
69
69
69
70
70
70
71
73
73
73
73
73
73
73
73
73
74
74
74
74
74
74
74
75
75
75
76
77
78
78
78
79
80
80
80
80
80
81
83
83
83
83
83
83
84
84
84
84
84
84
84
84
84
84
85
87
87
87
87
87
87
88
88
88
88
88
88
89
89
89
89
90
92
92
92
92
92
92
92
92
93
93
93
93
93
93
93
94
94
94
94
94
94
94
95
95
95
95
95
95
95
96
96
96
96
97
98
98
98
98
98
98
98
98
98
98
98
98
98
98
99
104
104
104
104
104
104
105
105
105
105
105
105
105
105
105
106
106
106
106
106
106
106
107
107
108
109
109
109
109
109
109
109
109
109
109
109
109
109
110
110
110
110
110
110
110
110
110
110
110
110
110
110
110
110
111
111
111
111
111
111
111
112
113
114
