22
22
22
22
22
22
22
22
22
22
22
22
22
24
24
24
24
24
25
33
33
33
33
33
33
33
38
38
38
38
38
38
38
43
43
43
43
43
43
43
48
48
48
48
48
48
48
54
54
54
62
62
62
62
62
62
62
62
62
62
63
63
63
63
63
63
63
63
64
64
64
65
65
65
65
65
65
65
65
65
65
65
65
65
65
65
65
65
65
65
66
66
66
66
66
66
66
66
66
67
68
68
68
69
69
70
70
70
71
71
71
71
71
71
71
72
72
73
73
73
74
74
74
74
74
74
74
75
75
76
76
76
77
77
77
77
77
77
77
78
78
79
79
79
80
80
80
80
80
80
80
81
81
82
82
82
83
83
83
83
83
83
83
84
84
85
85
85
86
86
86
86
86
86
86
87
87
88
88
88
89
89
89
89
89
89
89
90
90
91
91
91
92
92
92
92
92
92
92
93
93
94
94
95
95
95
95
95
95
95
95
95
95
95
95
95
95
95
95
95
95
95
95
96
96
96
96
96
96
96
96
96
96
96
96
96
96
97
97
97
97
97
97
97
97
97
97
97
97
97
97
97
97
97
97
97
97
97
97
97
97
97
97
98
98
98
99
99
99
99
99
99
99
100
101
101
102
103
104
104
104
104
104
104
104
105
120
120
120
120
120
120
120
120
120
120
120
120
120
120
120
120
120
120
120
120
120
120
120
120
121
121
121
121
122
122
122
122
123
123
123
123
124
124
124
124
124
124
124
124
124
124
124
124
124
124
124
124
124
124
124
124
124
124
124
124
124
124
124
124
124
124
124
125
125
125
125
125
125
125
125
125
125
126
137
137
137
137
137
137
138
138
138
138
138
138
138
139
145
145
145
145
145
146
148
148
148
148
148
148
148
148
148
148
149
149
149
149
149
150
150
150
150
151
153
153
153
153
153
153
153
153
153
153
153
153
153
153
153
153
153
153
153
153
153
153
153
153
153
154
154
154
154
154
154
154
154
154
154
154
154
154
154
154
154
154
154
154
154
157
157
157
157
157
157
158
158
158
158
159
162
162
162
162
163
163
163
163
166
166
166
166
166
166
167
167
167
168
170
170
170
170
170
170
171
171
171
172
173
174
