18
18
18
18
18
18
18
18
18
20
20
20
20
20
20
20
21
21
21
21
21
21
21
31
31
31
31
31
32
33
33
33
33
33
34
34
34
34
34
35
35
35
35
35
36
36
36
36
36
45
45
45
45
45
45
45
46
47
47
47
47
47
47
47
47
47
48
59
59
59
59
59
59
59
59
59
59
59
59
60
60
60
60
60
60
60
60
60
60
60
61
73
73
73
73
73
73
73
73
73
73
73
73
73
73
73
73
74
74
74
74
74
74
74
74
74
74
74
74
74
75
88
88
88
88
88
88
88
88
88
88
88
88
88
88
88
89
89
89
89
89
90
90
90
90
90
90
90
90
90
90
90
90
90
90
90
91
98
98
98
98
98
98
98
99
100
100
100
100
100
100
100
101
111
111
111
111
111
111
111
111
111
111
111
112
113
113
113
113
113
113
113
113
113
113
113
113
114
126
126
126
126
126
126
126
126
126
126
126
126
126
126
126
127
128
128
128
128
128
128
128
128
128
128
128
129
142
142
142
142
142
142
142
142
142
142
142
142
142
142
142
143
143
143
143
143
144
144
144
144
144
144
145
145
145
145
145
145
146
146
146
146
146
146
147
147
147
147
147
147
148
150
150
150
150
150
150
150
150
150
151
151
151
151
151
151
151
152
152
152
153
154
154
154
154
154
154
154
154
154
154
154
154
154
155
155
155
155
155
155
155
156
156
156
156
156
156
156
156
156
157
157
157
157
157
157
157
157
157
157
157
157
157
157
158
158
158
158
158
158
158
159
159
159
159
159
159
159
159
159
159
159
159
160
160
160
160
160
160
160
161
162
162
162
163
165
165
166
166
166
166
166
166
166
166
167
168
168
168
168
168
169
169
169
169
169
169
169
170
171
171
171
171
171
172
172
172
172
172
172
172
172
172
172
173
173
173
173
173
173
173
173
173
173
173
173
173
173
173
173
173
174
174
174
174
174
174
174
175
175
175
175
175
175
175
176
176
176
177
177
177
177
177
177
178
178
178
178
178
178
178
178
178
178
179
179
179
179
179
179
179
179
179
180
180
180
180
180
180
180
180
180
180
180
180
180
180
180
180
180
180
180
180
180
180
181
181
181
181
181
181
181
182
182
182
182
182
182
182
183
183
183
184
184
184
184
184
184
184
184
184
184
184
184
184
184
185
186
187
187
187
188
188
188
188
188
188
188
188
188
188
188
188
188
188
189
190
190
190
190
190
190
191
193
193
194
194
194
194
194
194
194
194
195
196
196
196
196
196
197
197
197
197
197
197
197
198
199
199
199
199
199
199
199
199
199
199
199
200
200
200
200
200
200
201
202
204
