17
17
17
17
17
17
17
17
17
17
17
17
17
19
19
19
19
19
19
19
19
19
19
19
19
19
20
20
20
20
20
20
20
20
20
20
20
20
20
20
20
21
21
21
21
21
21
21
21
21
21
21
21
21
21
21
26
26
26
26
26
26
27
27
27
27
28
28
28
28
28
28
29
29
29
29
30
30
30
30
39
39
39
40
40
40
41
41
41
42
42
42
42
43
43
43
43
43
44
44
44
44
44
44
45
45
45
45
45
45
46
48
48
48
48
48
48
49
49
49
50
52
52
52
52
52
52
53
53
53
53
54
56
56
56
56
56
56
57
57
57
57
57
57
58
58
58
58
59
61
61
61
61
61
61
61
61
62
62
62
62
62
62
62
62
62
63
63
63
63
64
66
66
66
66
66
66
66
66
66
67
67
67
67
67
67
67
67
68
68
68
69
70
71
71
71
72
74
74
74
74
74
74
75
75
75
75
75
75
76
76
76
76
77
77
77
77
77
77
77
77
78
78
78
78
78
78
78
78
78
78
78
78
79
79
79
80
80
80
81
82
84
84
84
84
84
85
85
85
85
85
85
85
85
87
87
87
87
87
87
87
88
88
88
89
91
91
91
91
91
91
91
91
91
91
92
92
92
93
93
93
94
95
96
97
98
