17
17
17
17
17
17
17
17
17
17
17
17
17
19
19
19
19
19
19
19
21
21
21
21
21
21
21
21
21
21
21
22
22
22
22
22
22
22
22
22
22
22
23
23
23
23
23
23
23
23
23
23
23
24
24
24
24
24
24
24
24
24
24
24
24
24
25
25
25
25
25
25
25
25
25
25
25
25
25
26
26
26
26
26
26
26
26
26
26
26
26
26
26
26
32
32
32
32
32
32
34
34
34
34
41
41
41
41
41
41
41
41
41
41
41
41
42
42
42
42
42
43
43
43
43
43
43
44
50
50
50
50
50
50
51
51
51
52
59
59
59
59
59
59
60
60
60
61
63
63
63
63
63
63
64
64
64
64
64
64
64
64
65
65
65
65
65
65
65
66
66
66
66
66
66
66
67
67
67
67
67
67
67
67
67
68
68
68
68
68
68
68
69
69
69
69
69
69
69
69
69
69
69
69
69
69
69
69
69
70
70
70
70
70
70
70
71
71
71
71
71
71
71
72
73
73
73
73
73
73
73
73
73
73
74
75
76
76
76
76
76
76
76
77
77
77
77
77
77
77
78
80
80
80
80
80
80
80
80
81
81
81
81
81
81
82
84
84
84
84
84
84
84
84
85
85
85
85
85
85
85
86
86
86
86
86
86
86
87
87
87
87
87
87
87
87
87
87
88
88
88
88
88
88
88
88
88
88
88
88
88
88
88
88
88
89
89
89
89
89
89
89
89
89
89
89
89
89
89
89
89
89
89
90
91
93
93
93
94
94
94
94
94
94
94
94
94
94
94
94
94
95
95
95
95
95
95
95
96
96
96
96
96
97
97
97
97
97
97
97
97
97
97
97
98
99
99
99
99
99
99
99
99
99
99
99
99
100
100
100
100
100
100
100
100
100
100
101
101
101
101
101
101
101
101
102
109
109
109
109
109
109
109
109
110
110
110
110
110
110
110
110
110
110
110
110
110
110
110
110
110
110
111
112
113
