17
17
17
17
17
17
17
17
17
17
17
17
17
17
17
19
19
19
19
19
19
19
19
19
19
19
19
19
20
20
20
20
20
20
20
20
20
20
20
20
20
21
21
21
21
21
21
21
21
21
21
21
21
21
21
21
22
22
22
22
22
22
22
22
22
22
22
22
22
22
22
23
23
23
23
23
23
23
23
23
23
23
23
23
23
23
28
28
28
28
28
28
29
29
29
29
30
30
30
30
32
32
32
32
32
32
32
32
32
39
39
39
39
39
39
39
39
39
39
40
40
40
40
40
41
41
41
41
41
41
42
50
50
50
51
51
51
52
52
52
53
53
53
53
54
54
54
54
54
55
55
55
55
55
55
56
56
56
56
56
56
57
59
59
59
59
59
59
60
60
60
60
60
60
60
61
63
63
63
63
63
63
64
64
64
65
67
67
67
67
67
67
68
68
68
69
71
71
71
71
71
71
72
72
72
73
75
75
75
75
75
75
76
76
76
76
76
77
79
79
79
79
79
79
80
80
80
80
80
80
80
81
81
81
81
81
81
81
81
81
82
83
83
83
84
86
86
86
86
86
86
87
87
87
88
94
94
94
94
94
94
94
94
95
95
95
95
95
95
95
96
98
98
98
98
98
98
98
98
99
99
99
99
100
100
100
100
100
100
100
101
101
101
101
101
101
101
101
101
101
101
102
102
102
102
102
102
103
105
105
105
105
105
105
106
106
106
106
106
106
106
106
107
107
107
107
107
107
107
108
108
108
108
108
108
108
108
108
108
108
109
109
109
109
109
109
109
109
109
110
110
110
110
110
110
110
110
110
110
110
110
110
110
110
110
110
111
111
111
111
111
111
111
112
113
114
114
114
114
114
114
114
115
115
115
115
115
115
115
116
116
116
116
116
116
116
117
119
119
119
119
119
119
120
120
120
120
120
120
120
121
123
123
123
123
123
123
123
123
124
124
124
124
124
124
124
125
125
125
126
128
128
128
128
128
128
128
128
128
128
129
129
129
130
132
132
132
132
132
132
132
132
133
133
133
133
133
133
133
133
133
133
134
136
136
136
136
137
137
137
138
138
138
138
140
140
140
141
142
143
