17
17
17
17
17
17
17
17
17
17
17
17
17
17
17
19
19
19
19
19
19
19
21
21
21
21
21
21
21
21
21
21
21
22
22
22
22
22
22
22
22
22
22
22
23
23
23
23
23
23
23
23
23
23
23
23
23
24
24
24
24
24
24
24
24
24
24
24
24
24
24
24
25
25
25
25
25
25
25
25
25
25
25
25
25
25
25
26
26
26
26
26
26
26
26
26
26
26
26
26
26
26
26
26
37
37
37
37
37
37
41
41
41
41
41
41
41
42
42
42
42
42
42
42
42
44
44
44
44
44
53
53
53
53
53
53
53
53
53
53
53
53
53
53
53
53
54
54
54
54
54
54
54
54
54
55
55
55
55
55
55
56
65
65
65
65
65
65
65
65
65
65
65
65
65
65
65
65
66
66
66
66
66
66
66
66
66
67
67
67
67
67
67
68
73
73
74
74
74
74
74
74
75
75
75
75
75
75
75
75
75
76
76
76
76
76
76
76
76
78
78
79
79
79
79
79
79
80
80
80
80
80
80
80
80
80
80
80
81
81
81
81
81
81
81
81
82
83
83
84
85
90
90
91
91
91
91
91
91
92
92
92
92
92
92
92
93
98
98
99
99
99
99
99
99
99
99
99
99
99
99
99
99
99
99
99
100
100
100
100
100
100
100
100
100
100
101
101
101
101
101
101
101
101
101
101
102
107
107
108
108
108
108
108
108
108
108
108
108
108
108
108
108
108
108
108
109
109
109
109
109
109
109
109
109
109
109
109
110
110
110
110
110
110
110
110
111
113
114
