18
18
18
18
18
18
18
18
18
18
18
20
20
20
20
20
20
20
21
21
21
21
21
21
21
22
22
22
22
22
22
22
23
23
23
23
23
23
23
24
24
24
24
24
24
24
24
24
26
26
26
26
26
26
26
27
27
27
27
27
27
27
27
27
28
28
28
28
28
28
28
28
28
30
30
30
30
30
30
30
30
30
30
30
30
30
39
39
39
39
39
40
44
44
44
45
47
47
49
49
51
51
53
53
55
55
62
62
62
62
62
62
62
62
62
62
63
64
64
64
64
64
64
64
64
64
64
64
64
65
65
65
66
67
67
67
67
67
67
67
67
67
67
67
67
68
68
68
69
70
70
70
70
70
70
70
70
70
70
70
70
71
71
71
72
73
73
73
73
73
73
73
73
73
73
73
73
74
74
74
75
76
76
76
76
76
76
76
76
76
76
76
76
77
77
77
78
79
79
79
80
81
87
87
87
87
88
89
97
97
97
97
97
97
97
97
97
97
97
98
99
99
99
99
99
99
99
100
106
106
106
106
106
106
106
106
107
107
107
107
107
108
116
116
116
116
116
116
116
116
116
116
116
117
118
118
118
118
118
118
118
119
128
128
128
128
128
128
128
128
128
128
128
128
128
128
128
129
130
130
130
130
130
130
130
130
130
131
139
139
139
139
139
139
139
139
139
139
139
139
140
140
140
140
140
140
140
140
140
141
169
169
169
169
169
169
169
169
169
169
170
170
170
170
170
170
170
170
171
171
171
171
171
172
172
172
173
174
174
174
174
174
174
174
174
174
174
174
174
174
175
175
175
175
175
175
175
175
175
175
176
176
176
177
179
179
179
179
179
179
179
179
179
179
179
180
182
182
182
182
182
182
182
183
183
183
183
183
183
183
183
183
183
183
183
183
183
183
183
183
183
183
183
183
184
184
184
185
186
186
186
186
186
186
186
186
186
186
186
187
189
189
189
189
189
189
189
189
189
189
189
189
189
189
189
189
189
189
189
189
189
189
189
189
191
191
191
191
191
191
191
191
191
191
191
192
192
192
192
192
192
192
192
192
192
192
192
192
192
192
192
192
192
192
192
194
194
194
194
194
194
194
194
194
194
194
194
194
194
194
194
194
194
194
194
194
194
194
196
196
196
196
196
196
196
196
196
196
196
196
196
196
196
197
197
197
197
197
197
197
197
197
197
197
197
197
197
197
197
197
197
197
197
198
198
198
198
198
198
198
198
198
198
198
198
198
198
198
198
198
199
199
199
199
199
199
199
199
199
200
200
200
200
200
200
200
200
200
200
200
200
200
200
200
200
200
200
200
200
200
202
202
202
202
202
202
202
203
203
203
203
203
203
203
203
203
204
205
205
205
205
205
205
205
205
205
205
205
206
209
209
209
209
209
209
209
209
209
210
210
210
210
210
210
210
210
210
210
210
210
210
210
210
210
210
211
211
211
212
213
213
213
213
213
213
213
214
214
214
214
214
214
214
214
214
214
214
214
214
214
214
214
215
216
216
216
216
216
216
216
216
216
216
216
216
216
216
216
216
216
216
216
216
217
218
218
218
218
218
218
218
219
219
219
219
219
219
219
219
219
219
219
219
219
220
220
220
221
222
222
222
223
233
233
233
233
233
233
233
233
233
233
234
235
235
235
235
235
235
235
235
235
235
235
235
235
235
236
236
236
236
236
236
236
236
237
238
238
238
238
238
238
238
238
238
238
238
239
239
239
239
239
239
239
240
241
241
241
241
241
241
241
241
241
241
241
241
241
241
242
243
243
243
243
243
243
243
244
260
260
260
260
260
260
260
260
260
260
261
262
262
262
262
262
262
262
262
262
262
263
279
279
279
279
279
279
279
280
281
281
281
281
282
282
282
282
284
284
284
284
284
284
285
285
285
285
285
285
285
285
287
287
287
287
287
287
287
288
288
288
289
291
291
291
291
291
291
291
291
291
291
291
292
309
309
309
309
309
309
309
309
309
309
310
311
311
311
311
311
311
311
311
311
311
311
312
319
319
319
319
319
319
319
320
321
321
321
321
321
321
321
321
321
321
321
321
321
322
322
322
322
322
322
322
322
322
322
322
322
322
322
322
322
322
322
322
322
322
322
322
322
322
323
323
323
323
323
323
323
323
323
323
323
323
323
323
324
324
324
324
324
324
324
324
324
324
324
324
324
324
324
324
325
326
326
326
326
326
326
326
326
326
326
326
326
326
326
326
327
328
328
328
329
330
333
