1
1
1
1
1
1
1
1
1
1
1
1
1
7
7
8
9
9
9
9
9
10
10
10
10
10
11
11
11
11
11
19
19
19
19
19
19
19
20
20
20
20
21
21
21
21
22
22
22
22
23
25
25
25
25
25
25
26
26
26
26
26
26
27
28
28
28
28
29
29
29
29
30
30
30
30
30
30
30
30
30
30
30
30
31
37
37
37
37
37
37
37
37
38
38
38
38
38
38
39
40
40
40
40
40
40
40
40
40
40
40
41
48
48
48
48
48
48
49
49
49
49
49
49
49
49
49
49
49
50
58
58
58
58
58
58
58
58
58
58
58
58
60
60
60
60
60
60
60
60
60
60
61
61
61
61
61
61
61
61
61
61
63
63
63
63
63
63
63
63
63
63
65
65
65
65
65
65
65
65
65
65
66
68
68
68
68
68
68
68
69
69
69
70
71
71
71
71
71
71
71
72
72
72
72
73
74
74
74
74
74
74
74
74
74
74
74
74
74
74
74
75
83
83
84
84
84
84
84
85
86
86
86
86
86
86
86
87
87
87
87
87
88
89
89
89
89
89
89
89
90
90
90
91
92
92
92
92
92
93
94
95
