19
19
19
19
19
19
19
19
19
19
19
29
29
29
29
29
29
29
30
30
30
30
30
30
30
31
31
31
31
31
31
31
32
32
32
32
32
32
32
33
33
33
33
33
33
33
35
35
35
35
42
42
42
42
42
42
42
42
42
42
42
42
42
42
42
42
42
42
43
43
43
43
43
43
43
43
43
44
44
44
44
44
44
44
44
44
44
45
45
45
45
45
49
49
49
49
49
49
49
50
50
50
50
50
50
50
50
50
51
51
51
52
52
52
52
52
52
52
52
52
52
53
53
53
53
54
54
54
57
57
57
57
57
57
58
59
62
62
62
62
62
62
62
63
63
63
63
63
63
63
64
64
64
64
64
64
65
65
65
65
65
65
65
65
65
66
70
70
70
70
70
71
72
72
72
72
72
72
72
72
72
72
72
72
73
73
73
73
73
73
73
73
74
75
75
75
75
75
75
75
75
75
75
78
78
78
78
78
78
78
79
79
79
79
79
79
79
80
80
80
80
80
80
80
80
80
81
86
86
86
86
86
86
86
87
87
87
87
87
87
87
87
88
88
88
88
88
88
89
89
89
89
89
89
89
89
89
89
89
89
91
91
91
91
91
91
92
92
92
92
92
92
92
92
93
93
93
93
93
93
94
95
95
95
95
96
97
101
101
101
101
101
102
102
102
102
102
102
102
102
102
102
102
102
102
102
103
104
104
104
104
105
110
110
110
110
110
110
110
110
110
111
111
111
111
111
113
113
113
113
113
113
113
113
113
113
113
113
113
113
114
114
114
114
115
115
115
115
115
115
115
115
115
115
115
116
116
116
116
116
116
116
117
117
118
119
121
121
121
121
121
121
121
122
122
122
122
123
124
124
125
125
126
126
126
126
126
126
127
130
130
130
130
130
130
130
131
131
131
131
131
131
131
131
131
131
132
132
132
133
133
133
133
133
133
133
133
134
136
136
136
136
136
136
137
137
137
137
137
137
138
141
141
141
141
141
141
141
142
142
142
142
142
142
143
143
143
143
143
143
143
143
144
144
144
144
144
144
145
146
153
153
153
153
153
153
153
153
153
153
153
153
153
153
154
154
154
154
154
154
154
154
154
155
155
155
155
155
155
155
155
155
155
155
155
155
155
155
155
155
155
155
155
155
155
155
155
157
157
157
157
157
157
157
157
157
158
158
158
158
158
158
158
158
158
158
158
158
158
158
158
158
158
159
159
159
159
159
159
159
159
159
159
160
160
160
160
160
160
160
160
160
161
161
161
161
161
161
161
161
161
162
162
162
162
163
163
163
163
163
163
163
163
163
163
163
164
165
165
165
165
165
165
165
165
166
166
166
166
166
166
167
168
169
169
169
170
177
177
177
177
177
177
177
177
177
179
179
179
179
179
181
181
181
181
181
181
181
181
181
181
181
181
181
181
181
181
181
181
181
181
182
182
182
183
186
186
186
186
186
186
186
186
186
186
186
186
186
186
186
186
186
186
186
186
186
186
186
186
186
186
186
186
187
187
187
187
189
189
189
189
189
189
189
189
189
189
189
189
189
189
189
189
189
189
189
189
190
190
190
190
190
190
190
195
195
195
195
195
195
195
196
196
196
196
196
196
196
196
197
199
199
199
199
199
199
199
199
199
199
201
201
201
201
201
201
201
201
201
201
201
201
201
202
202
203
205
205
205
205
205
205
205
205
205
205
205
214
214
214
214
214
215
215
215
215
215
215
215
215
215
215
215
215
215
215
216
216
216
216
216
216
216
217
217
217
217
217
217
217
217
218
218
218
218
218
218
219
219
219
219
219
219
219
219
219
219
219
219
220
220
220
220
220
220
220
220
220
221
221
221
222
223
226
226
226
226
226
226
226
227
227
228
232
232
232
232
232
232
232
233
233
233
233
233
233
233
233
233
233
233
233
233
233
233
233
233
233
234
234
234
234
235
235
235
235
235
235
235
235
235
235
235
235
235
235
235
235
235
235
235
235
235
235
235
236
236
236
236
236
236
236
239
239
239
239
239
239
239
240
240
240
240
240
240
240
240
241
243
243
243
243
243
243
243
243
243
243
246
246
246
246
246
246
246
246
246
246
246
246
246
247
247
248
250
250
250
250
250
250
250
250
250
250
250
252
252
252
252
252
252
252
253
253
254
258
258
258
258
258
258
258
259
259
259
259
259
259
259
259
260
260
260
261
261
261
261
261
261
261
261
262
263
263
263
263
263
263
265
265
265
265
265
265
265
265
265
265
265
265
265
265
265
267
267
267
268
268
268
268
268
268
268
268
269
269
269
269
269
269
269
269
269
269
270
270
270
270
270
270
270
272
274
274
274
274
274
274
274
275
275
275
275
275
275
275
275
276
278
278
278
278
278
278
278
278
278
278
278
278
278
278
278
278
278
278
278
279
279
279
279
279
279
280
282
282
282
282
282
282
283
283
283
283
284
284
284
284
284
285
285
285
285
285
285
285
286
286
286
286
286
286
286
286
287
287
287
287
287
287
287
287
287
287
287
287
289
289
289
289
289
289
290
290
290
290
290
290
290
290
291
291
291
291
291
291
292
292
292
295
295
295
295
295
295
295
295
295
296
296
296
296
296
296
296
296
297
297
297
297
297
297
297
297
299
299
299
299
299
299
299
299
299
300
300
300
300
301
301
301
301
301
301
302
303
303
303
303
303
303
304
306
306
306
306
306
306
307
307
307
307
307
307
309
309
309
309
309
309
310
310
310
310
310
310
313
313
313
313
313
313
314
314
314
314
314
314
315
317
317
317
317
318
320
320
320
320
320
320
321
321
321
321
323
329
329
329
329
329
329
329
329
329
330
330
330
330
330
330
330
331
331
331
331
331
331
331
331
331
331
331
331
331
331
331
331
331
331
332
332
332
332
333
333
333
333
334
334
334
334
335
335
335
335
335
335
335
335
335
335
335
335
335
335
335
338
338
338
338
338
338
338
338
338
338
338
338
338
338
338
339
339
339
339
339
339
339
340
340
340
340
340
340
340
340
341
341
341
342
342
342
342
342
342
342
342
343
346
346
346
346
347
350
350
350
351
351
351
351
351
352
352
352
352
352
352
353
353
353
353
353
353
353
354
354
354
354
354
354
354
354
354
354
354
356
356
356
357
357
357
357
357
357
357
357
360
360
360
360
360
360
360
361
361
361
361
361
361
362
362
362
363
363
363
363
363
363
364
369
369
369
369
369
369
369
369
369
369
369
369
369
369
369
369
369
369
369
370
370
370
370
370
370
370
370
371
373
373
373
373
373
373
373
373
374
374
374
374
374
374
374
374
378
378
378
378
381
381
381
381
382
382
382
382
382
382
382
382
382
382
382
385
385
385
385
385
386
387
388
397
397
397
397
397
397
397
397
397
397
397
397
397
397
398
398
398
398
398
398
398
399
399
399
400
402
402
402
402
402
402
402
402
402
402
402
402
402
402
402
405
405
405
405
405
405
405
405
405
406
406
406
406
406
406
406
406
406
406
407
407
407
407
407
407
407
408
409
411
411
411
411
411
411
411
411
411
412
412
412
413
415
415
415
415
415
415
415
415
415
416
416
416
416
416
416
417
417
417
417
419
419
419
419
419
421
421
421
421
421
421
422
422
422
422
422
424
424
424
424
424
424
424
424
424
425
425
425
425
425
425
425
425
425
426
428
428
428
428
428
428
428
428
428
428
428
428
428
428
428
428
428
428
428
428
429
429
429
429
429
429
429
429
429
430
430
430
430
430
430
430
430
430
430
430
430
430
430
431
432
434
434
434
434
434
434
434
434
434
434
434
434
434
434
434
434
434
434
434
434
435
435
435
435
435
435
437
437
437
438
447
447
447
447
447
447
447
447
447
447
447
447
447
447
448
448
448
448
448
448
448
448
448
448
448
448
448
448
449
461
461
462
462
462
462
462
462
462
462
462
462
462
463
463
463
463
463
463
463
464
464
464
465
466
466
466
466
466
466
466
466
466
466
466
467
469
470
