18
18
18
18
18
18
18
18
18
18
18
20
20
20
20
20
20
20
21
21
21
21
21
21
21
22
22
22
22
22
22
22
23
23
23
23
23
23
23
25
25
25
25
25
25
25
25
25
25
25
46
46
46
46
46
46
47
49
49
49
49
49
49
49
49
56
56
56
56
56
56
56
56
58
58
58
58
58
58
58
58
58
58
58
58
58
59
59
59
59
59
59
59
59
59
59
59
59
59
66
66
66
66
66
66
66
66
66
66
67
68
68
68
68
68
68
68
68
68
68
68
68
68
68
68
68
68
68
69
81
81
81
81
81
81
81
81
81
81
81
81
81
81
82
83
83
83
83
83
83
83
83
83
83
83
83
83
83
83
83
83
83
84
92
92
92
92
92
92
92
92
92
92
93
94
94
94
94
94
94
94
94
95
111
111
111
111
111
111
111
111
111
111
111
111
111
111
112
113
113
113
114
114
114
114
115
115
115
115
117
117
117
117
117
117
117
117
117
117
117
117
117
117
117
117
118
118
118
118
118
118
118
118
118
118
118
118
120
120
120
120
120
120
120
121
121
121
121
121
121
121
123
123
123
123
124
124
124
124
124
124
124
124
124
124
124
124
124
124
124
124
124
124
124
124
125
125
125
125
125
125
125
125
125
125
125
125
125
125
125
125
125
125
125
125
126
126
126
126
126
126
126
126
126
126
126
126
126
126
126
126
126
126
126
126
127
127
127
127
127
127
127
127
127
127
127
127
127
127
127
129
129
129
130
132
134
