17
17
17
17
17
17
17
17
17
19
19
19
19
19
19
19
19
19
20
20
20
20
20
20
20
20
20
21
21
21
21
21
21
21
21
21
22
22
22
22
22
22
22
22
22
24
24
24
24
24
24
24
25
25
25
25
25
25
25
26
26
26
26
26
26
26
28
28
28
28
28
28
28
28
28
28
28
28
28
28
29
29
29
29
29
29
29
29
29
29
29
29
29
29
31
31
31
32
33
33
34
34
34
34
34
34
34
34
34
34
34
34
34
34
34
35
35
35
35
35
35
35
35
35
35
35
35
35
37
37
37
37
37
37
37
37
37
37
37
38
38
38
38
38
38
38
38
38
38
38
38
38
38
39
40
40
41
41
41
41
41
41
41
41
41
41
41
41
42
44
44
44
44
44
44
44
44
44
44
44
45
47
47
47
47
47
47
47
47
47
47
47
47
47
64
64
64
64
64
64
65
65
65
66
66
66
67
67
67
68
68
68
69
69
69
70
70
70
70
70
70
71
71
71
71
71
71
72
72
72
73
73
73
74
74
75
75
75
75
76
77
