17
17
17
17
17
17
17
17
17
19
19
19
19
19
19
19
19
19
20
20
20
20
20
20
20
20
20
21
21
21
21
21
21
21
21
21
22
22
22
22
22
22
22
22
22
22
22
23
23
23
23
23
23
23
23
23
23
23
24
24
24
24
24
24
24
24
24
24
24
26
26
26
26
26
26
26
27
27
27
27
27
27
27
27
27
28
28
28
28
28
28
28
29
29
29
29
29
29
29
29
29
31
31
31
31
31
31
31
31
31
31
31
31
31
31
36
36
36
36
36
37
38
38
39
39
39
39
39
39
39
39
39
43
43
43
43
43
43
43
43
43
43
43
43
43
43
43
43
43
44
44
44
44
44
44
44
44
44
44
45
46
48
48
48
48
48
49
49
49
49
51
51
52
52
53
54
56
56
56
56
56
56
57
57
57
57
57
58
60
60
61
61
61
61
61
61
61
61
61
61
61
61
61
61
61
61
61
61
61
62
62
62
62
64
64
65
65
65
65
65
65
65
65
65
66
66
66
66
66
66
66
66
67
67
67
68
70
70
70
70
72
72
72
72
74
74
74
74
76
76
76
76
77
78
78
78
78
78
78
80
80
80
80
80
80
80
80
80
80
80
80
80
81
81
81
81
81
81
81
82
82
82
83
85
85
85
86
88
88
89
89
89
89
89
89
89
89
89
89
89
89
89
89
89
89
89
89
90
91
91
91
91
93
93
94
94
94
94
94
94
94
94
94
95
95
95
95
95
95
95
95
96
96
97
99
99
99
99
101
101
101
101
103
103
103
103
103
103
103
103
103
103
103
105
105
105
105
107
107
107
107
107
107
108
109
109
109
109
109
109
110
110
110
110
110
110
110
110
110
110
110
110
110
111
111
111
111
111
111
111
112
113
115
115
115
115
115
115
115
115
115
115
115
115
115
115
115
115
115
115
115
115
116
117
117
117
117
117
117
117
117
117
117
117
117
117
117
117
117
120
120
120
120
120
120
120
120
120
120
120
120
120
120
120
120
120
120
120
121
121
121
121
121
121
121
122
122
122
122
122
122
122
122
122
122
122
122
122
122
122
122
122
123
123
123
123
123
123
123
123
123
123
123
123
123
123
123
123
124
124
124
124
124
124
124
124
124
125
126
126
126
126
126
126
126
126
126
126
126
127
127
127
127
127
128
128
128
128
128
128
128
128
128
128
129
129
129
129
129
129
129
129
129
129
129
129
129
129
129
129
129
130
130
130
130
130
130
130
130
132
135
135
135
135
135
135
135
135
135
135
137
137
137
137
138
138
140
140
140
140
140
140
140
140
140
140
140
140
140
142
142
142
142
142
142
142
143
143
143
143
143
143
143
143
143
143
143
143
143
143
144
144
144
144
145
145
146
146
146
146
146
146
146
146
146
146
147
147
147
147
147
147
147
147
147
147
147
147
148
148
148
148
148
148
148
148
149
149
149
149
149
149
150
150
150
150
150
150
151
151
151
151
151
151
151
151
151
151
151
151
151
151
151
151
151
152
152
153
153
153
153
153
153
154
155
155
158
158
158
158
158
158
158
158
158
158
158
158
158
158
159
159
159
159
160
160
161
161
161
161
161
161
161
161
161
161
162
162
162
162
162
162
162
162
162
162
162
162
163
163
163
163
163
163
163
163
164
164
164
164
164
164
165
165
165
165
165
165
166
166
166
166
166
166
166
166
166
166
166
166
166
166
166
166
166
167
167
168
168
168
168
168
168
169
170
171
171
174
174
174
174
175
176
178
178
178
178
178
179
181
181
181
181
181
181
181
182
182
182
182
182
182
182
183
183
183
183
183
183
183
184
186
186
186
186
186
186
186
186
186
186
186
187
187
187
187
187
187
188
188
188
189
189
189
189
189
189
189
189
189
189
189
190
190
190
190
190
190
190
190
190
190
190
190
190
190
190
191
191
191
191
191
191
191
191
192
192
192
192
193
193
193
193
193
194
194
194
194
194
194
194
194
194
194
194
194
194
194
195
195
195
196
198
198
198
198
198
198
198
198
198
198
198
198
198
199
199
199
199
199
199
199
200
200
200
200
200
200
200
200
201
201
201
201
201
201
201
201
201
201
202
204
204
204
204
204
204
204
204
204
204
204
206
206
206
206
206
207
207
207
207
207
207
207
207
208
208
208
208
208
208
208
208
208
208
208
209
209
209
209
209
209
209
209
209
209
209
209
209
209
209
209
209
210
210
210
210
210
210
210
210
213
215
215
215
216
217
218
