6
6
6
6
6
6
6
6
6
6
6
8
8
8
8
8
8
8
9
9
9
9
9
9
9
10
10
10
10
10
10
10
11
11
11
11
11
11
11
11
11
12
12
12
12
12
12
12
12
12
13
13
13
13
13
13
13
14
14
14
14
14
14
14
15
15
15
15
15
15
15
16
16
16
16
16
16
16
18
18
18
18
18
18
18
18
18
18
18
19
19
19
19
19
19
19
19
19
20
20
20
20
20
20
20
20
20
22
22
22
22
22
23
24
24
24
24
26
26
26
26
26
26
26
26
26
26
26
28
28
28
28
28
28
29
30
30
30
30
30
30
32
32
32
32
32
32
32
32
32
33
35
35
35
35
35
35
36
37
37
37
37
39
39
39
39
39
39
39
39
39
39
39
39
39
39
39
41
41
41
41
41
41
41
41
41
41
41
41
41
41
41
41
41
41
41
43
43
43
43
43
43
43
43
43
43
43
43
43
44
45
45
45
45
45
45
45
45
45
45
45
45
45
45
45
45
45
47
47
47
47
47
47
47
47
47
47
47
47
47
48
49
49
49
49
49
49
49
49
49
49
49
49
49
49
49
49
49
49
51
51
51
51
51
51
51
51
51
51
51
51
51
52
53
53
53
53
53
53
53
53
53
54
55
56
58
58
58
58
58
58
58
58
60
60
60
60
60
60
60
60
60
61
63
63
63
63
63
63
63
63
63
63
63
63
63
63
63
63
64
65
65
65
65
65
67
67
67
67
67
67
67
67
67
67
67
67
68
69
69
69
69
69
69
69
69
69
69
69
69
69
69
69
69
70
71
72
73
73
73
73
73
73
73
73
75
75
75
75
75
75
75
76
77
77
77
77
77
77
77
77
77
77
77
77
77
77
78
80
80
80
80
80
80
80
80
80
80
80
80
80
82
82
82
82
82
82
82
82
82
82
82
82
82
82
82
82
82
82
82
82
82
82
82
82
83
85
85
85
85
85
85
85
85
85
85
85
85
85
87
87
87
87
87
87
87
87
87
87
87
88
88
88
88
88
88
88
88
88
88
88
88
90
90
90
91
93
93
93
93
93
93
93
93
93
93
93
93
93
94
94
95
97
97
97
97
97
97
97
97
97
97
97
97
97
99
99
99
99
99
99
99
99
100
101
102
