6
6
6
6
6
6
6
6
6
6
6
8
8
8
8
8
8
8
8
8
8
8
8
8
8
9
9
9
9
9
9
9
9
9
9
9
9
9
9
10
10
10
10
10
10
10
10
10
10
10
10
10
10
12
12
12
12
12
12
12
13
13
13
13
13
13
13
14
14
14
14
14
14
14
15
15
15
15
15
15
15
15
15
16
16
16
16
16
16
16
16
16
17
17
17
17
17
17
17
17
17
18
18
18
18
18
18
18
18
18
19
19
19
19
19
19
19
20
20
20
20
20
20
20
22
22
22
22
22
22
22
22
22
22
22
23
23
23
23
23
23
23
23
23
23
23
25
25
25
25
25
25
25
26
27
27
27
27
29
29
29
29
29
29
29
29
29
29
29
31
31
31
31
31
31
31
31
32
33
33
33
33
35
35
35
35
35
35
35
35
35
35
35
35
35
35
35
37
37
37
37
37
37
37
37
37
37
37
37
37
38
39
39
39
39
39
39
39
39
39
39
39
39
39
41
41
41
41
41
41
41
41
41
41
41
41
41
42
43
43
43
43
43
43
43
43
43
44
45
47
47
47
47
47
47
47
47
48
50
50
51
51
51
51
51
51
51
51
51
51
51
51
51
51
51
51
51
51
51
51
51
51
52
53
53
53
53
53
53
53
53
53
53
53
53
53
55
55
55
55
55
55
55
55
55
55
55
57
57
57
57
57
57
57
57
57
57
58
59
59
59
59
59
59
59
60
62
62
62
62
62
62
62
62
62
62
63
64
64
64
64
64
64
64
66
66
66
66
66
66
66
66
66
66
67
69
69
69
69
69
69
69
71
71
71
71
71
71
71
71
72
74
74
75
75
75
75
75
75
75
76
77
77
77
77
77
79
80
81
81
81
81
81
81
81
81
81
81
81
81
81
81
81
81
81
81
81
81
81
81
81
81
81
81
83
83
83
83
83
83
83
83
83
84
85
85
85
85
85
85
85
85
85
85
87
87
87
87
87
87
87
88
89
89
89
89
89
89
89
89
89
89
89
89
89
89
89
89
89
89
89
90
90
90
90
90
90
90
90
90
90
90
91
92
93
94
94
94
94
94
95
96
98
98
98
98
98
98
98
98
98
99
99
99
99
99
99
99
99
99
99
99
99
99
99
99
99
99
99
99
99
99
99
99
99
99
99
100
102
102
103
103
103
103
103
103
103
104
105
105
105
105
105
105
106
107
107
