18
18
18
18
18
18
18
18
18
18
18
20
20
20
20
20
20
20
20
20
20
20
20
20
22
22
22
22
22
22
22
23
23
23
23
23
23
23
24
24
24
24
24
24
24
41
41
41
41
41
41
42
43
43
43
43
43
43
43
43
44
44
44
44
44
44
44
44
45
45
45
45
45
45
45
45
47
47
47
47
48
48
48
48
49
49
49
49
56
56
56
56
56
56
56
57
58
58
58
58
58
60
60
60
60
61
61
61
61
62
78
78
79
79
79
79
79
79
79
80
81
81
81
81
82
83
83
83
83
83
84
85
85
85
85
85
85
85
85
85
86
88
89
90
90
90
90
91
91
91
91
92
93
108
108
109
109
109
109
109
109
109
109
110
110
110
110
110
111
111
111
111
111
112
112
112
112
112
113
114
114
114
114
114
114
114
114
114
115
115
115
115
115
115
115
115
115
116
116
116
116
117
117
117
117
117
118
119
119
119
119
119
120
120
120
120
121
121
121
121
121
121
121
122
122
122
122
122
123
123
123
123
123
123
123
123
124
124
124
124
124
124
124
124
124
126
126
126
126
127
127
127
128
129
129
129
129
129
129
129
131
131
131
132
133
133
133
133
133
133
133
134
134
134
134
134
134
134
134
135
135
135
135
135
135
135
135
135
137
137
137
137
138
138
138
139
140
140
140
140
140
140
140
141
141
141
141
142
142
142
142
144
144
144
144
144
145
146
149
149
149
149
150
150
150
151
152
155
155
155
155
155
156
156
156
156
157
157
157
157
157
157
157
158
158
158
158
159
160
161
161
161
161
161
161
161
162
162
162
162
163
164
164
164
165
166
178
178
179
179
179
179
179
179
179
179
179
179
179
179
180
181
181
181
181
181
181
181
181
181
181
181
181
182
198
198
199
199
199
199
199
199
199
199
199
199
199
199
199
199
199
199
199
199
200
201
201
201
201
201
201
202
203
203
203
204
205
205
205
206
206
206
206
207
208
208
208
208
208
208
208
208
208
208
208
208
208
209
210
210
210
210
210
211
213
213
213
213
213
213
215
216
217
217
217
217
217
217
217
217
217
217
217
218
219
219
219
219
219
219
219
219
219
219
219
219
219
219
219
219
219
219
219
221
221
221
221
221
222
223
231
231
232
232
232
232
232
232
232
232
233
233
233
233
233
233
233
233
233
234
234
234
235
235
235
235
235
236
236
236
236
236
236
236
236
236
236
236
236
236
236
237
238
238
238
238
238
238
238
238
238
239
239
239
239
239
239
239
239
239
239
239
239
239
239
239
239
240
241
241
241
241
241
241
241
241
241
241
242
243
244
244
244
244
244
244
244
244
244
244
245
245
245
245
245
245
245
245
245
246
246
246
247
250
250
250
251
252
253
