18
18
18
18
18
18
18
18
18
18
18
18
18
20
20
20
20
20
20
20
21
21
21
21
21
21
21
23
23
23
23
23
23
23
23
23
23
23
24
24
24
24
24
24
24
24
24
24
24
24
24
25
25
25
25
25
25
25
25
25
25
25
25
25
31
31
31
43
43
43
43
43
43
43
43
43
43
43
43
43
43
43
43
44
44
44
45
45
45
45
45
45
45
45
45
45
46
46
46
46
46
46
46
47
47
47
47
47
47
47
48
50
50
50
50
50
50
50
50
50
50
50
50
50
51
51
51
51
51
51
51
51
51
52
52
52
52
52
52
52
52
52
52
52
53
55
55
55
55
55
55
55
55
55
56
56
56
56
56
56
56
56
58
58
58
58
58
58
58
58
58
58
58
60
60
60
60
62
62
62
62
62
62
62
62
62
62
63
63
63
63
63
63
63
63
63
63
64
64
64
64
64
64
64
64
64
65
65
65
65
65
65
65
65
66
66
66
66
66
66
66
66
66
66
66
66
67
67
67
67
67
67
67
68
68
68
69
69
69
69
69
69
69
69
69
70
71
71
71
71
71
71
71
71
71
71
72
72
72
72
72
72
72
72
73
73
73
73
73
73
73
74
76
76
76
76
76
76
76
78
78
78
78
78
78
78
79
79
79
79
79
79
79
80
82
82
82
82
82
82
82
82
82
82
83
83
83
83
83
83
83
83
83
83
83
83
83
83
83
83
83
83
83
85
85
86
86
86
86
86
86
86
87
87
87
87
87
87
87
87
87
88
88
88
88
88
88
88
88
89
89
89
89
89
89
89
89
89
90
92
92
92
92
92
92
92
92
92
92
92
92
92
93
93
93
93
93
93
94
94
94
94
94
94
94
95
97
97
97
98
99
100
