17
17
17
17
17
17
17
17
17
17
17
17
17
19
19
19
19
19
19
19
20
20
20
20
20
20
20
21
21
21
21
21
21
21
23
23
23
23
23
23
23
23
23
23
23
23
23
24
24
24
24
24
24
24
24
24
24
24
24
24
25
25
25
25
25
25
25
25
25
25
25
25
25
26
26
26
26
26
26
26
26
26
26
26
26
26
39
39
39
39
39
39
41
41
41
41
41
41
41
41
41
41
41
42
43
43
43
43
43
43
43
44
44
44
44
44
44
44
44
45
46
46
47
47
47
47
47
47
47
47
47
47
47
47
48
48
48
48
48
48
48
48
49
49
49
49
49
49
50
51
52
52
52
52
52
52
52
52
52
52
53
53
54
54
54
54
54
54
55
55
55
55
55
55
55
55
56
56
56
56
56
56
57
58
59
59
59
59
60
60
60
60
60
61
61
61
61
63
63
63
63
68
68
68
68
69
70
70
70
70
70
70
70
71
80
80
80
80
80
80
80
81
82
82
82
82
82
82
82
83
83
83
83
83
83
84
85
85
85
85
85
85
86
93
93
93
93
93
93
93
94
95
95
95
95
95
95
96
97
97
97
97
97
97
97
97
99
99
99
99
99
99
99
100
100
100
100
100
100
100
100
101
102
102
102
102
102
102
102
102
102
102
102
102
102
103
104
106
106
106
106
106
107
108
108
108
109
120
120
120
120
120
120
120
120
120
120
120
120
120
120
121
122
122
122
122
122
122
122
122
122
123
123
123
123
123
123
123
124
124
124
124
124
124
124
124
124
124
124
124
124
124
124
124
124
124
125
125
125
125
125
125
125
125
125
125
125
125
126
126
126
126
126
126
126
126
126
126
126
126
126
127
127
127
127
127
127
127
127
127
129
129
129
129
129
129
129
130
130
130
130
130
130
130
130
130
131
131
131
131
131
131
131
131
131
132
132
132
132
132
132
132
132
133
133
133
133
133
133
133
134
134
134
134
134
134
134
135
135
135
135
135
135
135
135
135
135
135
135
135
135
138
138
138
138
138
138
138
138
138
138
138
140
140
140
140
140
140
140
140
140
140
140
140
141
141
141
141
141
141
141
141
141
141
141
142
142
142
142
142
142
142
145
145
145
145
145
145
145
145
145
145
145
145
145
145
145
145
147
147
147
147
147
147
147
147
147
147
148
148
148
148
148
148
148
148
148
148
148
149
149
149
149
149
149
149
149
149
149
149
150
150
150
150
150
150
150
151
153
160
160
160
160
160
161
162
162
162
163
170
170
170
170
170
171
172
172
172
173
178
178
179
179
179
179
179
180
181
181
181
181
182
182
182
182
182
182
182
182
182
182
182
182
183
183
183
183
183
183
183
183
183
183
183
183
183
183
184
184
185
185
186
186
186
186
186
186
186
187
187
187
187
187
187
187
187
187
187
188
188
188
188
188
188
188
189
189
189
189
189
189
189
189
190
190
190
190
191
192
192
192
192
192
192
193
195
196
196
196
196
196
196
197
204
204
204
204
204
204
204
205
206
206
206
206
206
206
207
208
208
208
208
209
210
210
210
210
210
211
212
212
212
212
213
213
213
213
213
213
213
213
213
213
214
215
220
220
220
220
220
221
222
222
222
222
223
223
223
223
223
223
224
225
225
225
225
225
225
226
226
226
226
227
228
228
228
228
229
231
232
