1
1
1
1
1
1
1
3
3
3
3
3
3
3
4
4
4
4
4
4
4
5
5
5
5
5
5
5
5
5
6
6
6
6
6
6
6
6
6
8
8
8
8
8
8
8
8
8
8
8
11
11
11
11
11
13
13
13
13
13
13
13
13
15
15
15
15
15
15
15
15
15
16
16
16
16
16
16
17
19
19
19
19
19
19
19
20
20
20
20
20
20
20
20
20
20
20
20
21
23
23
23
23
23
23
24
24
24
24
24
24
24
24
24
24
24
24
25
27
27
27
27
27
29
29
29
29
29
29
29
31
31
31
31
31
31
31
31
31
32
32
32
32
32
32
33
35
35
35
35
35
35
35
36
36
36
36
36
36
37
37
37
37
37
37
37
37
37
37
37
37
37
37
37
37
37
37
37
38
38
38
38
38
38
38
38
38
38
39
39
39
39
39
39
39
39
39
39
40
40
40
40
40
40
40
41
41
41
41
41
41
41
41
41
41
41
41
41
41
41
42
42
42
42
42
42
42
42
42
42
42
42
42
42
42
42
42
42
42
43
43
43
43
44
44
45
45
45
45
45
45
45
45
45
45
45
45
45
45
45
46
46
46
46
46
46
46
46
46
46
46
46
46
46
46
46
46
46
46
47
47
47
47
48
48
49
49
49
49
49
49
49
49
49
49
49
49
49
50
50
50
50
50
50
50
50
50
50
50
50
50
50
50
51
51
51
51
52
52
53
54
55
55
55
55
55
55
55
55
56
56
56
56
56
56
56
56
56
56
56
56
56
57
57
57
57
57
57
57
57
57
57
57
57
57
57
57
58
58
58
58
58
58
58
58
58
58
59
59
59
59
59
59
59
59
59
59
59
59
60
60
60
60
60
60
60
60
60
60
60
60
60
60
60
60
60
62
62
62
62
62
62
62
62
62
62
62
62
62
62
62
62
62
62
62
62
62
62
62
63
63
63
63
63
63
63
63
63
64
65
66
68
68
68
68
68
69
69
69
69
69
69
69
70
71
73
73
73
73
73
73
73
73
73
74
74
74
75
77
77
77
77
77
77
77
77
77
77
77
78
78
78
78
78
78
78
78
78
78
78
80
80
80
80
80
80
80
80
80
80
80
80
80
80
80
81
81
81
81
81
81
81
82
83
83
83
83
83
83
83
84
86
86
86
86
86
86
86
86
87
87
87
87
87
87
87
87
87
88
88
88
88
88
88
88
89
89
89
90
90
90
93
93
93
93
93
94
94
94
94
94
94
94
94
94
94
94
94
94
94
94
95
95
95
95
95
95
95
95
96
97
97
97
98
99
101
101
101
101
101
101
103
103
103
103
103
103
104
105
105
105
105
105
105
105
106
106
106
106
106
106
106
106
106
106
106
106
106
106
106
106
106
106
106
107
107
107
107
107
107
107
107
107
107
107
107
107
107
107
107
107
107
107
107
107
107
107
107
107
107
107
108
108
108
108
108
108
108
109
109
109
109
110
110
110
110
110
110
111
112
113
114
114
114
114
114
114
114
114
115
115
115
115
115
115
115
115
115
115
115
115
115
115
115
115
115
115
115
115
116
116
116
116
116
116
116
116
116
116
116
116
116
116
116
117
117
117
117
117
117
117
117
117
117
117
117
118
119
119
119
119
119
119
119
119
120
120
120
120
120
120
120
120
120
120
120
120
120
120
120
120
120
120
120
120
120
120
120
120
120
120
121
121
121
121
121
121
121
121
121
121
121
121
121
121
121
121
121
121
121
121
121
122
122
122
122
122
122
122
122
122
122
122
122
123
124
124
124
124
124
124
124
125
125
125
126
126
126
127
128
130
130
130
130
130
130
131
131
131
131
131
131
131
132
134
134
134
134
134
134
134
134
134
135
135
135
135
135
135
135
136
138
138
138
138
138
138
139
139
140
140
140
140
141
141
141
141
141
141
141
141
141
141
141
141
141
141
141
141
141
141
141
142
142
142
142
142
142
142
142
142
142
142
142
142
142
142
142
142
142
143
143
143
143
143
143
144
146
147
