17
17
17
17
17
17
17
17
17
19
19
19
19
19
19
19
19
19
20
20
20
20
20
20
20
20
20
22
22
22
22
22
22
22
23
23
23
23
23
23
23
24
24
24
24
24
24
24
24
24
25
25
25
25
25
25
25
25
25
26
26
26
26
26
26
26
26
26
27
27
27
27
27
27
27
27
27
45
45
45
45
45
45
46
47
47
47
47
47
48
48
48
48
48
49
49
49
49
49
51
51
51
51
51
52
53
53
54
54
54
54
54
54
54
55
56
56
56
56
56
56
57
59
59
60
60
60
60
60
60
60
61
62
62
62
62
62
63
64
66
66
66
66
66
67
68
68
69
69
69
69
69
69
69
69
69
69
69
69
69
70
71
71
71
71
71
71
71
71
71
72
73
75
75
75
75
75
76
77
77
78
78
78
78
78
78
78
78
78
78
78
78
78
79
80
80
80
80
80
80
80
80
80
81
82
91
91
91
91
91
91
92
93
93
93
93
93
93
93
93
93
93
93
93
93
93
93
93
93
93
93
93
93
94
111
111
111
111
111
111
111
111
111
111
111
111
112
113
113
113
113
113
113
113
113
113
113
113
113
113
113
113
114
114
114
114
114
114
114
114
114
114
114
114
114
114
114
115
115
115
115
115
115
115
115
115
115
115
115
115
115
115
116
125
125
125
125
125
125
125
126
127
127
127
128
136
136
136
136
136
136
136
137
138
149
149
149
149
149
149
149
149
149
149
149
149
149
150
152
152
152
152
152
152
152
152
152
152
152
153
164
164
164
164
164
164
164
164
164
164
164
164
164
165
167
167
167
167
167
167
167
167
167
167
167
168
171
171
172
172
172
172
172
172
172
173
174
177
177
178
178
178
178
178
178
178
179
180
183
183
184
184
184
184
184
184
184
185
186
189
189
190
190
190
190
190
190
190
190
190
190
190
191
192
192
192
192
192
192
192
192
192
193
196
196
197
197
197
197
197
197
197
197
197
197
197
198
199
199
199
199
199
199
199
199
199
200
203
203
204
204
204
204
204
204
204
204
205
206
206
206
206
206
206
206
206
207
208
209
