26
26
26
26
26
26
26
26
26
35
35
36
37
37
37
37
38
39
44
44
44
44
44
44
44
44
44
44
44
45
46
46
46
46
46
46
46
46
46
47
47
47
47
47
47
47
48
48
49
50
50
50
50
50
50
50
53
53
53
53
53
55
55
55
55
55
55
55
55
55
55
55
55
55
55
55
55
55
55
55
56
56
56
56
56
56
56
56
56
56
58
58
58
58
58
58
58
59
59
59
60
61
61
62
62
62
62
62
62
62
64
64
64
64
64
64
64
64
64
64
64
64
64
64
64
65
65
65
65
65
65
65
66
68
68
68
68
68
68
68
69
70
70
70
70
71
73
73
73
73
73
73
73
74
77
77
77
77
77
77
77
77
77
77
77
77
77
77
77
78
78
78
78
78
78
78
79
81
81
81
81
81
81
81
82
95
95
95
95
95
95
95
95
96
97
97
97
97
97
97
97
97
97
97
97
97
97
97
97
97
97
98
98
98
98
98
98
98
99
99
99
99
99
99
99
100
102
102
102
102
102
102
102
102
103
104
104
104
104
104
104
104
104
104
104
104
105
105
105
106
108
108
108
108
108
108
108
108
108
108
108
108
108
108
108
108
108
108
108
109
109
109
109
109
109
109
109
109
109
110
110
110
110
110
110
110
110
110
110
110
110
110
110
110
111
111
111
112
113
115
115
115
116
117
118
