17
17
17
17
17
17
17
17
17
19
19
19
19
19
19
19
19
19
19
19
19
19
19
20
20
20
20
20
20
20
20
20
20
20
20
20
20
21
21
21
21
21
21
21
21
21
21
21
21
21
21
22
22
22
22
22
22
22
22
22
22
22
22
22
22
24
24
24
24
24
24
24
25
25
25
25
25
25
25
26
26
26
26
26
26
26
27
27
27
27
27
27
27
27
27
28
28
28
28
28
28
28
28
28
29
29
29
29
29
29
29
29
29
31
31
31
31
31
31
31
31
31
32
32
32
32
32
32
32
32
32
33
33
33
33
33
33
33
33
33
33
33
34
34
34
34
34
34
34
34
34
34
34
35
35
35
35
35
35
35
35
35
35
35
36
36
36
36
36
36
36
36
36
36
36
36
36
37
37
37
37
37
37
37
37
37
37
37
37
37
42
42
42
42
42
42
42
42
43
46
46
46
46
46
46
46
46
47
47
47
47
47
47
47
47
48
48
48
48
48
48
50
50
50
50
50
53
53
53
53
53
53
54
54
54
54
54
54
54
55
55
55
55
55
55
55
57
57
58
58
58
58
58
58
58
58
59
61
61
61
62
63
63
63
63
63
64
66
66
66
66
66
67
68
68
68
68
68
68
70
70
70
70
70
71
71
71
71
72
74
74
74
74
74
74
75
76
76
76
76
76
78
78
78
78
78
78
78
78
79
79
79
79
79
79
79
80
80
80
80
80
80
80
81
83
83
83
83
83
83
83
83
83
83
84
84
84
84
84
84
84
84
84
84
85
85
85
85
85
85
85
85
85
85
85
85
85
85
85
85
85
88
88
88
88
88
88
88
88
88
88
88
88
88
88
88
88
88
88
88
88
88
88
88
88
88
88
88
88
88
88
88
88
89
89
89
89
89
89
89
90
96
96
97
97
97
97
97
97
97
98
99
99
99
99
99
100
100
101
103
103
103
103
103
103
103
103
103
104
104
104
104
104
104
104
104
104
104
106
106
106
106
106
106
106
106
106
108
108
108
108
108
109
109
109
109
109
110
110
110
110
110
111
111
112
112
112
112
112
112
112
112
112
112
112
112
113
113
113
113
113
113
113
113
113
113
113
113
114
114
114
114
114
114
114
114
114
114
114
114
117
117
117
117
117
117
117
117
117
117
117
117
117
117
117
117
117
117
117
117
119
119
119
119
119
119
119
119
119
119
119
119
119
119
119
119
119
119
119
119
119
119
119
119
119
119
119
119
120
120
120
120
120
120
120
120
120
120
120
120
120
120
120
120
120
122
122
122
122
122
122
122
122
122
122
122
122
122
122
122
122
122
122
122
122
122
122
122
122
122
122
122
122
123
123
123
123
123
123
123
123
123
123
123
123
123
123
123
123
123
123
123
123
123
123
123
123
123
123
123
123
125
125
125
125
125
125
125
125
125
125
125
125
125
125
125
125
125
125
125
125
125
125
125
125
125
125
125
125
125
125
125
125
127
127
127
127
127
127
127
128
128
128
129
129
129
129
129
129
129
130
130
130
130
130
130
130
130
130
130
131
132
132
132
132
132
132
132
133
133
133
133
133
133
133
133
133
133
134
135
135
135
135
135
135
135
136
136
136
136
136
136
136
136
136
136
137
138
139
141
141
141
141
141
141
141
141
141
141
141
141
142
146
146
146
146
146
146
146
146
146
146
146
146
146
146
146
147
147
147
147
147
147
147
147
147
148
149
149
149
149
149
149
149
149
149
149
149
149
149
149
149
149
149
149
149
149
149
149
149
149
149
149
149
149
149
149
149
149
149
149
150
150
150
150
150
150
150
150
150
150
150
150
150
150
150
151
151
151
151
151
151
151
151
151
152
153
153
153
153
153
153
153
154
154
154
154
154
154
154
154
154
154
154
154
154
154
154
154
154
154
154
154
155
156
156
159
159
159
159
159
159
159
159
160
160
160
160
160
160
160
160
160
160
160
160
160
160
160
161
161
161
161
161
161
161
161
161
161
161
161
161
161
162
162
162
162
162
162
162
163
163
163
163
163
163
163
163
163
163
163
163
163
163
163
163
164
165
166
166
166
166
166
166
166
166
166
166
166
167
167
167
167
167
167
167
167
167
167
167
168
169
170
172
172
173
173
173
173
173
173
173
174
175
175
175
175
175
176
176
177
179
179
180
180
180
180
180
180
180
181
182
182
182
182
182
182
183
183
184
186
186
186
186
186
186
186
186
186
186
186
187
189
189
190
190
190
190
190
190
190
191
192
192
193
193
193
193
193
193
193
194
195
195
195
195
195
195
197
199
199
199
199
199
199
199
199
199
199
199
200
202
202
203
203
203
203
203
204
205
205
205
206
206
206
206
206
206
206
206
206
213
213
213
213
213
213
213
216
216
216
216
216
216
216
216
217
217
217
217
217
217
217
217
217
217
217
217
217
217
217
218
219
219
221
221
221
221
222
224
224
224
224
224
224
224
224
224
224
224
224
224
224
224
224
224
224
224
224
224
224
224
224
224
224
224
224
224
225
225
225
225
225
225
225
225
226
226
226
226
226
226
226
227
229
229
229
229
229
229
229
230
230
230
231
236
236
236
236
236
236
236
236
236
236
236
236
236
236
236
237
237
237
237
237
237
237
237
237
238
238
238
238
238
238
238
238
239
240
240
240
241
248
248
249
249
249
249
249
250
251
251
251
251
251
251
251
252
254
254
254
254
254
254
254
255
256
256
256
256
256
256
256
256
256
256
256
257
257
257
257
257
257
257
257
257
257
258
258
258
258
258
258
258
258
258
258
258
258
258
258
258
258
258
260
260
260
260
260
260
260
260
260
261
261
261
261
262
262
262
262
263
263
264
266
266
266
266
266
266
266
266
266
266
267
267
267
267
267
267
267
268
268
268
268
268
268
268
268
268
269
269
269
269
269
269
269
270
270
271
272
274
274
274
274
274
274
274
274
275
276
276
276
276
276
276
276
276
276
276
276
277
277
278
278
278
278
278
278
278
278
278
278
278
278
278
279
279
279
279
279
279
279
280
280
280
280
280
280
280
280
280
281
281
281
281
281
281
281
281
281
281
281
281
281
281
281
282
282
282
282
282
282
282
282
282
282
283
284
284
285
286
286
286
287
287
287
287
287
287
287
287
287
287
288
290
290
291
291
291
291
291
291
291
291
291
291
291
291
291
292
292
292
292
292
292
292
293
293
293
293
293
293
293
293
293
294
294
294
294
294
294
294
294
294
294
294
294
294
294
294
295
295
295
295
295
295
295
295
295
295
296
297
298
298
298
299
299
299
299
299
299
299
299
299
299
300
301
302
302
302
302
302
302
302
302
302
303
304
304
305
305
305
305
305
305
305
305
305
305
305
305
305
306
306
306
306
306
306
306
307
307
307
307
307
307
307
307
307
307
307
308
308
308
309
309
309
309
309
309
309
310
310
310
310
310
310
310
310
310
310
310
311
312
312
313
313
313
313
314
315
315
315
315
315
315
319
319
319
319
319
319
319
319
319
319
319
319
319
319
319
319
319
319
319
319
320
320
320
320
320
320
320
320
320
320
320
320
320
320
320
320
320
320
320
320
320
320
320
320
320
321
321
321
321
321
321
321
321
321
321
321
321
322
322
322
322
322
322
322
323
324
325
325
325
326
326
326
326
326
326
326
326
326
326
327
328
329
329
329
329
329
329
329
329
329
329
329
329
329
329
329
330
331
331
331
331
331
332
332
332
332
332
332
332
332
332
332
332
333
333
333
333
333
333
333
333
334
334
334
334
334
334
334
335
335
335
335
335
335
335
336
336
336
336
336
336
336
336
336
337
338
338
339
339
339
339
339
339
339
340
341
342
342
342
342
342
342
342
342
342
343
343
343
343
343
343
343
343
343
343
344
345
345
346
346
346
346
346
346
346
347
348
349
355
355
355
355
355
356
357
357
357
357
357
357
357
357
357
357
357
357
357
359
359
359
359
359
359
359
360
360
360
360
360
360
360
360
361
361
361
361
361
361
361
361
361
361
362
363
365
365
365
365
365
366
366
366
366
366
367
368
368
368
368
368
368
368
368
368
368
368
368
368
370
370
370
370
370
370
370
370
370
371
371
371
371
371
371
371
371
371
371
375
375
375
375
375
375
375
375
375
375
375
375
375
375
375
375
375
375
375
375
375
375
375
375
376
376
376
376
376
377
377
377
377
377
377
377
377
377
377
377
377
377
377
377
377
377
377
377
378
378
378
378
378
378
378
378
378
378
379
379
380
380
380
380
380
380
380
380
380
380
380
380
380
381
381
381
381
381
381
381
381
382
382
382
382
382
382
382
382
382
382
382
382
382
382
382
382
382
382
382
382
382
382
382
382
382
383
383
383
383
383
383
383
383
383
383
383
383
384
384
384
385
386
386
386
387
387
387
387
387
387
387
387
387
387
388
389
390
390
390
390
390
390
390
391
392
394
394
394
394
394
394
394
395
396
396
396
396
396
396
396
396
396
396
396
396
396
396
396
396
396
396
396
396
399
399
399
399
399
399
399
399
399
399
399
400
400
400
400
400
400
400
400
400
400
400
400
401
401
401
401
401
401
401
401
401
402
402
402
402
402
402
402
402
402
402
402
403
403
403
403
403
403
404
405
406
407
408
