18
18
18
18
18
18
18
18
18
20
20
20
20
20
20
20
20
20
20
20
20
20
20
22
22
22
22
22
22
22
23
23
23
23
23
23
23
24
24
24
24
24
24
24
25
25
25
25
25
25
25
26
26
26
26
26
26
26
27
27
27
27
27
27
27
37
37
37
37
37
37
44
44
44
44
44
44
49
49
49
49
49
49
49
49
49
49
58
58
58
58
58
58
58
58
58
59
59
59
59
59
59
59
60
60
60
61
70
70
70
70
70
70
70
70
70
71
71
71
71
71
71
71
72
72
72
73
75
75
75
75
75
75
76
76
76
77
78
81
81
81
81
81
81
81
81
84
84
84
84
84
84
84
84
84
84
84
84
84
84
84
87
87
87
87
87
87
87
87
87
87
87
87
87
87
87
92
92
92
92
92
94
101
101
101
101
101
101
101
101
101
102
102
102
102
102
102
102
103
110
110
110
110
110
110
110
110
110
111
111
111
111
111
111
111
112
119
119
119
119
119
119
119
119
119
120
120
120
121
128
128
128
128
128
128
128
128
129
129
129
129
129
129
129
129
129
129
130
139
139
140
140
140
140
140
140
140
140
140
141
141
141
141
141
141
141
141
141
141
141
142
151
151
152
152
152
152
152
152
152
152
152
153
153
154
154
154
154
154
154
155
155
155
155
155
155
155
155
156
156
156
156
156
156
156
156
156
156
156
156
156
156
156
156
156
156
156
157
157
157
158
159
171
171
171
171
171
171
171
171
171
172
172
172
172
172
172
172
172
172
174
174
174
174
174
174
174
174
174
175
175
175
175
175
175
175
175
175
175
176
176
176
176
176
176
176
176
176
176
176
176
176
177
177
177
177
177
177
177
177
177
177
177
179
179
179
179
179
179
179
179
179
179
179
179
179
179
179
179
179
179
179
180
180
180
180
180
180
180
180
180
180
180
180
180
182
182
182
182
182
182
182
182
182
182
182
182
182
182
183
184
185
187
187
187
188
200
200
200
200
200
200
200
200
200
201
201
201
201
201
201
201
201
201
203
203
203
203
203
203
203
203
203
204
204
204
204
204
204
204
204
204
204
204
204
204
204
204
204
204
204
204
204
204
204
204
204
204
205
205
205
205
205
205
205
205
205
205
205
205
205
206
206
206
206
206
206
206
206
206
206
206
208
208
208
208
208
208
208
208
208
208
208
208
208
208
208
208
208
208
208
209
209
209
209
209
209
209
209
209
209
209
209
209
211
211
211
211
211
211
211
211
211
211
211
211
211
211
212
213
214
216
216
216
217
224
224
224
224
224
224
224
224
225
225
225
225
225
225
225
225
225
225
226
234
234
234
234
234
234
234
234
234
235
235
235
235
235
235
235
235
235
235
235
236
245
245
245
245
245
245
245
245
245
245
245
245
245
246
246
246
246
246
246
246
246
246
246
246
246
246
247
256
256
256
256
256
256
256
256
256
257
257
257
257
257
257
257
258
258
258
259
260
260
260
260
260
260
260
260
260
260
260
261
261
261
261
261
261
261
261
261
261
261
261
262
272
272
272
272
272
272
272
272
272
272
272
272
272
273
273
273
273
273
273
273
273
273
274
274
274
274
274
274
274
274
274
275
283
283
283
283
283
283
283
283
283
284
284
284
284
284
284
284
284
284
285
294
294
294
294
294
294
294
294
294
294
294
294
294
295
295
295
295
295
295
295
295
295
295
295
296
304
304
304
304
304
304
304
304
304
304
304
305
305
305
305
305
305
305
305
305
305
305
306
315
315
315
315
315
315
315
315
315
315
315
316
316
316
316
316
316
316
316
316
316
316
316
316
316
318
318
318
318
318
318
318
318
318
319
319
319
319
319
319
319
319
319
319
320
320
320
320
320
320
320
320
320
320
320
321
322
324
324
324
324
324
324
324
324
324
324
324
324
324
324
324
324
325
333
333
333
333
333
333
333
333
333
333
333
334
334
334
334
334
334
334
334
334
335
346
346
346
346
346
346
346
346
346
346
346
347
347
347
347
347
347
347
347
347
347
347
348
359
359
359
359
359
359
359
359
359
359
359
360
360
360
360
360
360
360
361
361
361
362
363
363
363
363
363
363
363
363
363
364
364
364
364
364
364
364
365
365
365
366
367
367
367
367
367
367
367
367
367
367
367
367
367
367
368
379
379
379
379
379
379
379
379
379
379
379
380
380
380
380
380
380
380
380
380
381
407
407
407
407
407
407
407
407
407
408
408
408
408
408
408
408
408
408
408
408
409
418
418
418
418
418
418
418
418
418
419
419
419
419
419
419
419
419
420
428
428
428
428
428
428
428
428
428
429
429
429
429
429
429
429
429
429
430
437
437
437
437
437
437
437
437
437
438
438
438
438
438
438
438
439
447
447
447
447
447
447
447
447
447
448
448
448
448
448
448
448
448
448
448
448
449
449
449
449
449
449
449
450
450
450
450
450
450
450
450
450
451
451
451
451
451
451
451
451
451
451
451
451
451
451
451
451
451
451
451
451
451
451
451
451
451
452
452
452
453
454
455
456
456
456
457
458
459
