18
18
18
18
18
18
18
18
18
20
20
20
20
20
20
20
21
21
21
21
21
21
21
22
22
22
22
22
22
22
23
23
23
23
23
23
23
24
24
24
24
24
24
24
25
25
25
25
25
25
25
32
32
33
33
33
33
33
33
33
35
35
35
35
38
38
38
38
41
41
41
41
48
48
48
48
48
48
48
48
50
50
50
50
50
50
50
50
50
50
50
50
51
51
51
51
51
51
51
51
51
52
53
64
64
64
64
64
64
64
64
64
64
64
64
64
64
64
64
64
64
64
64
64
66
66
66
66
66
66
67
67
67
68
70
70
70
70
70
70
71
71
71
72
82
82
83
83
83
83
83
83
83
83
83
83
83
83
83
83
83
83
83
84
84
84
84
84
84
84
84
84
84
84
84
85
98
98
99
99
99
99
99
99
99
99
99
99
99
99
99
99
99
99
99
99
99
99
99
100
100
100
100
100
100
100
100
100
100
100
100
101
114
114
114
114
114
114
114
114
114
114
114
114
114
114
114
114
114
114
114
114
114
115
115
115
115
115
115
115
115
115
115
115
115
116
134
134
134
134
134
134
134
134
134
134
134
134
134
134
134
134
134
134
134
134
134
134
134
134
136
136
136
136
136
136
136
136
136
136
136
136
136
137
137
137
137
137
137
138
141
141
141
141
141
141
141
141
141
141
141
141
141
142
142
142
142
142
142
142
143
146
146
146
146
146
148
148
148
148
148
148
148
150
150
150
150
150
152
152
152
152
152
152
152
153
153
153
153
153
153
153
153
154
156
156
156
156
156
156
156
156
156
156
156
156
156
156
156
156
156
156
156
156
156
156
156
158
158
158
158
158
158
158
158
158
158
158
158
158
161
161
161
161
161
161
161
161
161
162
162
162
162
162
162
162
162
162
162
165
165
165
165
165
165
165
165
165
165
166
166
166
166
167
170
170
170
170
170
170
170
170
170
170
170
171
171
171
171
171
172
172
172
172
173
173
173
174
174
174
174
174
174
174
175
176
179
179
179
179
179
179
179
179
179
179
179
180
180
180
180
180
180
180
180
180
180
180
180
180
180
180
181
181
181
181
182
182
182
182
182
182
182
183
183
183
184
184
184
184
184
184
184
185
186
189
189
190
190
190
190
190
190
190
192
192
192
192
192
193
193
193
193
194
195
198
198
198
198
198
199
199
199
199
199
199
199
199
199
200
200
200
200
200
200
200
200
200
200
203
203
203
203
203
203
203
203
203
203
203
204
204
204
204
204
204
204
205
206
207
208
210
210
210
210
210
211
211
211
211
213
213
213
214
225
225
225
225
225
225
225
225
225
225
225
225
225
225
225
225
225
225
227
227
227
227
227
227
227
227
227
228
228
228
228
228
228
228
228
228
228
231
231
231
231
231
231
231
231
231
231
231
231
231
231
231
231
231
231
231
232
232
232
232
232
232
233
233
234
237
237
238
238
238
238
238
238
238
238
238
238
238
238
239
239
239
239
239
239
239
239
240
240
240
240
240
240
241
241
242
243
245
245
245
245
245
245
245
245
245
245
245
245
245
245
245
245
245
245
246
246
246
246
246
246
246
247
248
259
259
259
259
259
259
259
259
259
259
259
259
259
259
259
259
259
259
260
260
260
260
260
260
260
260
260
260
260
260
260
263
263
263
263
263
263
264
264
264
264
264
264
264
264
264
264
264
265
268
268
268
268
268
268
268
268
268
268
268
268
268
268
268
268
268
268
268
268
271
271
271
271
271
274
274
274
274
274
274
274
274
274
275
275
275
275
275
275
275
276
279
279
279
279
279
279
279
280
288
288
288
288
288
288
288
288
288
288
288
289
289
289
289
289
289
289
290
290
291
293
293
293
293
293
293
293
293
293
293
293
293
293
293
293
293
293
293
293
293
293
293
293
294
294
294
294
294
294
294
294
294
294
294
294
294
294
296
296
296
296
296
296
296
296
296
296
296
297
297
297
297
297
297
297
298
298
298
298
298
298
298
298
298
299
302
302
302
302
302
302
302
302
302
302
302
303
303
303
303
303
303
303
303
303
303
303
303
303
303
303
303
305
305
305
305
305
305
305
305
305
305
305
305
305
305
307
307
307
307
307
307
307
307
307
307
307
309
309
309
309
309
309
309
309
309
310
310
310
310
310
310
310
310
310
310
310
310
310
310
310
310
310
310
310
310
310
311
311
312
312
312
312
312
312
312
313
313
313
313
313
313
313
313
315
316
317
317
317
317
317
317
317
317
317
317
317
317
317
317
317
317
317
317
317
317
317
317
317
317
317
317
317
317
317
320
320
321
323
323
323
323
323
323
323
324
324
324
324
324
325
326
327
329
329
329
329
329
329
329
329
329
330
330
330
330
330
330
331
331
331
331
331
331
331
331
331
331
331
331
331
331
331
331
332
339
339
339
339
339
339
339
339
339
339
339
342
342
342
342
342
342
342
342
342
343
343
343
343
343
343
343
343
343
343
343
343
343
344
348
348
348
348
348
348
348
348
348
348
348
348
348
348
349
349
349
349
349
349
349
349
349
349
349
349
349
351
351
351
351
351
351
351
351
351
352
352
352
352
352
352
352
352
352
353
355
355
355
355
355
355
355
356
357
358
359
