18
18
18
18
18
18
18
18
18
18
18
18
18
20
20
20
20
20
20
20
21
21
21
21
21
21
21
22
22
22
22
22
22
22
23
23
23
23
23
23
23
24
24
24
24
24
24
24
25
25
25
25
25
25
25
26
26
26
26
26
26
26
28
28
28
28
28
28
28
28
28
28
28
29
29
29
29
29
29
29
29
29
29
29
29
29
30
30
30
30
30
30
30
30
30
30
30
30
30
31
31
31
31
31
31
31
31
31
31
31
31
31
32
32
32
32
32
32
32
32
32
32
32
32
32
41
41
41
41
42
44
44
44
44
44
44
44
44
44
44
44
45
46
46
46
46
47
47
47
47
48
48
48
49
49
49
49
50
50
50
50
51
51
51
51
52
52
52
52
53
53
53
53
54
54
54
54
54
55
55
55
55
56
56
56
56
58
58
58
58
58
58
58
58
59
60
60
60
60
60
60
60
60
60
61
61
61
61
61
61
61
62
64
64
64
64
64
64
64
66
66
66
66
66
66
66
66
66
66
66
66
66
66
68
69
70
70
70
70
70
70
70
70
70
71
71
71
71
71
71
71
71
73
73
73
73
73
73
73
73
75
75
75
75
75
75
75
75
75
76
76
76
76
76
76
76
76
78
78
78
78
78
78
78
78
80
80
80
80
80
80
80
80
80
80
82
82
82
82
82
82
82
82
82
83
83
83
83
83
83
83
83
85
85
85
85
85
85
85
85
86
86
86
86
86
86
86
88
88
88
88
89
90
90
90
90
90
90
90
90
90
91
91
91
91
91
91
91
91
93
93
93
93
93
93
93
93
94
94
94
94
94
94
94
95
95
96
98
98
98
98
98
98
98
98
100
100
100
100
100
100
100
100
100
101
101
102
104
104
104
104
104
104
104
105
107
107
107
107
107
107
107
107
107
108
108
108
108
108
108
108
108
110
110
110
110
110
110
110
110
112
112
112
112
112
112
112
112
112
113
113
113
113
113
113
113
113
115
115
115
115
115
115
115
115
117
117
117
117
117
117
117
117
117
117
117
117
117
117
118
118
118
118
118
118
118
118
118
119
121
121
121
121
121
121
121
121
121
121
121
121
121
121
122
122
122
122
122
122
122
122
122
123
125
125
125
125
125
125
125
125
125
127
127
127
127
127
127
127
127
127
128
128
128
128
128
128
128
128
130
130
130
130
130
130
130
130
132
133
134
134
134
134
134
134
134
134
135
136
136
136
136
136
136
137
138
138
138
138
138
138
138
138
138
138
138
138
138
138
138
139
139
139
139
139
139
139
140
142
142
142
142
142
142
142
143
143
143
143
143
143
143
144
144
144
144
144
144
144
144
144
144
144
144
146
146
146
146
146
146
146
148
148
148
148
148
148
148
148
148
148
148
148
148
148
149
150
150
150
150
150
150
151
151
151
151
151
151
151
151
151
152
152
152
152
152
152
152
153
155
155
155
155
155
155
155
155
156
157
157
157
157
157
157
157
157
157
157
159
159
159
159
159
159
160
161
161
161
161
161
161
161
161
161
161
161
162
162
162
162
162
162
162
162
162
163
163
163
163
163
163
164
164
164
164
164
164
165
166
168
168
168
168
168
168
168
169
169
169
169
169
169
170
172
172
172
172
172
172
174
174
174
174
174
174
175
176
176
176
176
176
176
177
178
178
178
178
178
178
179
179
179
179
179
179
179
180
181
182
185
