18
18
18
18
18
18
18
18
18
18
18
20
20
20
20
20
20
20
21
21
21
21
21
21
21
22
22
22
22
22
22
22
23
23
23
23
23
23
23
44
44
44
44
44
45
46
46
46
46
46
46
46
46
48
48
48
48
49
49
49
49
50
50
50
50
51
51
51
51
51
51
52
52
52
52
57
57
57
57
58
59
59
59
59
59
59
59
60
68
68
68
68
68
68
68
69
70
70
70
70
70
70
70
71
78
78
78
78
78
78
78
79
80
80
80
80
80
80
80
81
91
91
91
91
91
91
91
91
91
91
91
92
94
94
94
94
94
96
96
96
96
96
96
97
97
97
97
97
97
98
98
98
98
98
98
99
106
106
107
107
107
107
107
107
107
108
109
109
109
109
109
109
110
110
110
110
110
110
110
110
110
110
110
110
110
110
111
111
111
111
112
113
113
113
113
113
113
114
121
121
121
121
121
121
121
121
122
122
122
122
122
122
122
122
123
132
132
133
133
133
133
133
133
133
133
134
134
134
134
135
136
136
136
136
136
136
136
137
140
140
140
140
140
140
141
142
142
142
142
142
142
142
143
143
144
145
145
146
146
146
146
146
146
147
147
147
148
148
148
148
149
150
160
160
161
161
161
161
161
161
161
161
162
162
162
162
163
164
164
164
164
164
164
164
165
174
174
175
175
175
175
175
175
175
176
177
177
178
178
178
178
178
178
178
179
179
179
179
179
179
180
181
181
181
181
181
181
181
182
182
182
182
182
182
183
184
184
184
185
185
185
185
186
186
186
186
187
187
187
187
187
187
188
189
191
191
191
191
191
191
192
193
193
193
193
193
193
193
194
194
194
194
194
194
194
195
196
196
196
196
196
196
197
206
206
206
206
206
207
208
208
208
209
218
218
218
218
218
218
218
218
219
221
221
221
221
221
221
221
221
221
221
221
223
234
234
234
234
234
235
236
236
236
237
244
244
244
244
244
245
246
246
246
247
256
256
256
256
256
256
256
256
257
259
259
259
259
259
259
259
259
259
259
259
261
267
267
267
267
267
268
268
268
268
269
269
269
269
269
270
270
270
270
270
270
271
272
272
272
272
272
272
272
273
273
273
273
273
273
274
275
299
299
299
299
299
299
299
299
299
300
301
301
301
301
301
301
302
310
310
311
311
311
311
311
311
311
311
312
313
313
313
313
313
313
313
314
324
324
324
324
324
324
324
324
325
326
326
326
326
326
326
326
327
340
340
340
340
340
340
340
340
341
341
341
341
341
341
342
343
343
343
343
343
343
344
361
361
361
361
361
361
361
361
362
362
362
362
363
364
364
364
364
364
365
384
384
384
384
384
384
384
384
384
384
385
385
385
385
386
387
387
387
387
387
387
387
387
387
388
388
388
388
388
388
388
389
390
390
390
390
390
391
419
419
419
419
419
419
419
419
420
421
421
421
421
422
428
428
428
428
428
429
430
430
430
430
430
430
431
439
439
439
439
439
439
440
441
441
441
441
441
441
442
448
448
449
449
449
449
449
450
451
451
451
451
451
451
452
453
454
