18
18
18
18
18
18
18
18
18
20
20
20
20
20
20
20
32
32
32
32
32
32
33
33
33
33
33
33
33
33
35
35
35
35
35
36
36
36
36
36
37
37
37
37
37
37
37
49
49
49
49
49
49
49
49
49
49
49
49
49
49
49
49
50
50
50
50
50
51
51
51
51
51
51
52
52
52
52
52
52
53
53
53
53
53
53
54
54
54
54
54
54
55
65
65
65
65
65
65
65
65
65
65
65
65
65
65
65
65
66
66
66
66
66
67
67
67
67
67
67
68
68
68
68
68
68
69
69
69
69
69
69
70
70
70
70
70
70
71
78
78
78
78
78
78
79
79
79
80
87
87
87
87
87
87
88
88
88
89
96
96
96
96
96
96
97
97
97
98
105
105
105
105
105
105
106
106
106
107
114
114
114
114
114
114
115
115
115
115
115
115
116
117
118
