18
18
18
18
18
18
18
18
18
18
18
29
29
29
29
30
33
33
33
33
33
33
33
33
34
34
34
34
34
34
34
34
35
35
35
35
35
35
35
35
36
36
36
36
36
36
36
36
37
37
37
37
37
37
37
37
38
38
38
38
38
38
38
38
39
39
39
39
39
39
39
39
40
40
40
40
40
40
40
40
41
41
41
41
41
41
41
41
42
42
42
42
42
42
42
42
43
43
43
43
43
43
43
43
44
44
44
44
44
44
44
44
45
45
45
45
45
45
45
45
46
46
46
46
46
46
46
46
52
52
52
52
52
52
52
52
58
58
58
58
58
58
58
58
60
60
60
60
60
60
60
60
60
60
62
62
62
62
62
62
62
62
63
63
63
63
63
63
63
63
64
64
64
64
64
64
64
64
65
65
65
65
65
65
65
65
66
66
66
66
66
66
66
66
67
67
67
67
67
67
67
67
68
68
68
68
68
68
68
68
69
69
69
69
69
69
69
69
70
70
70
70
70
70
70
70
71
71
71
71
71
71
71
71
72
72
72
72
72
72
72
72
77
77
77
77
77
77
77
77
79
79
79
79
79
79
79
79
79
80
80
80
80
80
80
80
80
80
80
80
80
81
81
81
81
81
81
81
81
81
81
81
81
81
81
81
81
82
82
82
83
83
85
85
86
86
86
86
86
86
86
86
86
87
87
87
87
87
87
87
88
89
100
100
100
100
100
100
100
100
100
101
102
102
102
102
102
102
103
106
106
106
106
107
107
109
110
