18
18
18
18
18
18
18
18
18
20
20
20
20
20
20
20
21
21
21
21
21
21
21
22
22
22
22
22
22
22
23
23
23
23
23
23
23
24
24
24
24
24
24
24
25
25
25
25
25
25
25
32
32
33
33
33
33
33
33
33
35
35
35
35
38
38
38
38
41
41
41
41
48
48
48
48
48
48
48
48
50
50
50
50
50
50
50
50
50
50
50
50
51
51
51
51
51
51
51
51
51
52
53
64
64
64
64
64
64
64
64
64
64
64
64
64
64
64
64
64
64
64
64
64
71
71
71
71
71
71
72
72
72
73
80
80
80
80
80
80
81
81
81
82
92
92
93
93
93
93
93
93
93
93
93
93
93
93
93
93
93
93
93
94
94
94
94
94
94
94
94
94
94
94
94
95
108
108
109
109
109
109
109
109
109
109
109
109
109
109
109
109
109
109
109
109
109
109
109
110
110
110
110
110
110
110
110
110
110
110
110
111
124
124
124
124
124
124
124
124
124
124
124
124
124
124
124
124
124
124
124
124
124
125
125
125
125
125
125
125
125
125
125
125
125
126
144
144
144
144
144
144
144
144
144
144
144
144
144
144
144
144
144
144
144
144
144
144
144
144
146
146
146
146
146
146
146
146
146
146
146
146
146
147
147
147
147
147
147
148
151
151
151
151
151
151
151
151
151
151
151
151
151
152
152
152
152
152
152
152
153
156
156
156
156
156
158
158
158
158
158
158
158
160
160
160
160
160
162
162
162
162
162
162
162
163
163
163
163
163
163
163
163
164
166
166
166
166
166
166
166
166
166
166
166
166
166
166
166
166
166
166
166
166
166
166
166
168
168
168
168
168
168
168
168
168
168
168
168
168
171
171
171
171
171
171
171
171
171
172
172
172
172
172
172
172
172
172
172
175
175
175
175
175
175
175
175
175
175
176
176
176
176
177
180
180
180
180
180
180
180
180
180
180
180
181
181
181
181
181
182
182
182
182
183
183
183
184
184
184
184
184
184
184
185
186
189
189
189
189
189
189
189
189
189
189
189
190
190
190
190
190
190
190
190
190
190
190
190
190
190
190
191
191
191
191
192
192
192
192
192
192
192
193
193
193
194
194
194
194
194
194
194
195
196
199
199
200
200
200
200
200
200
200
202
202
202
202
202
203
203
203
203
204
205
208
208
208
208
208
209
209
209
209
209
209
209
209
209
210
210
210
210
210
210
210
210
210
210
213
213
213
213
213
213
213
213
213
213
213
214
214
214
214
214
214
214
215
216
217
218
220
220
220
220
220
221
221
221
221
223
223
223
224
235
235
235
235
235
235
235
235
235
235
235
235
235
235
235
235
235
235
237
237
237
237
237
237
237
237
237
238
238
238
238
238
238
238
238
238
238
241
241
241
241
241
241
241
241
241
241
241
241
241
241
241
241
241
241
241
242
242
242
242
242
242
243
243
244
247
247
248
248
248
248
248
248
248
248
248
248
248
248
249
249
249
249
249
249
249
249
250
250
250
250
250
250
251
251
252
253
255
255
255
255
255
255
255
255
255
255
255
255
255
255
255
255
255
255
256
256
256
256
256
256
256
257
258
269
269
269
269
269
269
269
269
269
269
269
269
269
269
269
269
269
269
270
270
270
270
270
270
270
270
270
270
270
270
270
273
273
273
273
273
273
274
274
274
274
274
274
274
274
274
274
274
275
278
278
278
278
278
278
278
278
278
278
278
278
278
278
278
278
278
278
278
278
281
281
281
281
281
284
284
284
284
284
284
284
284
284
285
285
285
285
285
285
285
286
289
289
289
289
289
289
289
290
298
298
298
298
298
298
298
298
298
298
298
299
299
299
299
299
299
299
300
300
301
303
303
303
303
303
303
303
303
303
303
303
303
303
303
303
303
303
303
303
303
303
303
303
304
304
304
304
304
304
304
304
304
304
304
304
304
304
306
306
306
306
306
306
306
306
306
306
306
307
307
307
307
307
307
307
308
308
308
308
308
308
308
308
308
309
312
312
312
312
312
312
312
312
312
312
312
313
313
313
313
313
313
313
313
313
313
313
313
313
313
313
313
315
315
315
315
315
315
315
315
315
315
315
315
315
315
317
317
317
317
317
317
317
317
317
317
317
319
319
319
319
319
319
319
319
319
320
320
320
320
320
320
320
320
320
320
320
320
320
320
320
320
320
320
320
320
320
321
321
322
322
322
322
322
322
322
323
323
323
323
323
323
323
323
325
326
327
327
327
327
327
327
327
327
327
327
327
327
327
327
327
327
327
327
327
327
327
327
327
327
327
327
327
327
327
330
330
331
333
333
333
333
333
333
333
334
334
334
334
334
335
336
337
344
344
344
344
344
344
344
344
344
345
345
345
345
345
345
346
346
346
346
346
346
346
346
346
346
346
346
346
346
346
346
347
354
354
354
354
354
354
354
354
354
354
354
357
357
357
357
357
357
357
357
357
358
358
358
358
358
358
358
358
358
358
358
358
358
359
363
363
363
363
363
363
363
363
363
363
363
363
363
363
364
364
364
364
364
364
364
364
364
364
364
364
364
366
366
366
366
366
366
366
366
366
367
367
367
367
367
367
367
367
367
368
370
370
370
370
370
370
370
371
372
373
374
