17
17
17
17
17
17
17
17
17
19
19
19
19
19
19
19
20
20
20
20
20
20
20
22
22
22
22
22
22
22
22
22
23
23
23
23
23
23
23
23
23
24
24
24
24
24
24
24
24
24
25
25
25
25
25
25
25
25
25
27
27
28
29
29
29
29
29
29
30
30
30
30
30
30
31
31
31
31
31
31
33
33
34
34
34
34
34
34
34
34
35
35
35
35
35
35
35
35
35
36
36
36
36
36
36
36
36
36
37
37
37
37
37
37
37
37
38
40
40
40
40
40
42
42
42
42
43
43
43
43
43
43
43
43
44
46
46
46
46
46
47
47
47
47
47
47
47
47
48
50
50
50
50
50
50
50
50
51
51
51
51
51
51
51
51
51
52
54
54
54
54
54
54
54
54
55
55
55
55
55
55
55
55
55
56
58
58
58
58
58
59
59
59
59
59
59
59
59
60
62
62
62
62
62
63
63
63
64
66
66
66
66
66
67
67
67
68
70
70
70
70
70
70
71
85
85
85
85
86
86
86
86
88
88
88
88
92
92
92
92
92
94
94
94
94
94
94
94
95
95
95
95
95
95
95
96
98
98
98
98
98
98
99
100
100
100
100
100
100
101
103
103
103
103
103
104
104
105
105
105
105
105
105
105
105
105
106
106
106
106
106
106
106
106
106
106
107
119
119
119
119
119
120
120
120
120
120
120
120
125
125
125
125
126
126
126
126
127
127
127
127
128
129
130
131
