1
1
1
1
1
1
1
1
1
1
1
21
21
21
21
21
21
21
22
22
22
22
22
22
22
23
23
23
23
23
23
23
24
24
24
24
24
24
24
25
25
25
25
25
25
25
26
26
26
26
26
26
26
44
44
44
44
44
44
44
44
44
44
44
44
44
44
45
46
46
46
46
46
46
46
46
51
51
51
51
51
51
51
51
56
56
56
56
56
56
56
56
56
62
62
62
62
62
62
62
62
70
70
70
70
70
70
70
70
70
70
70
70
70
71
72
72
72
72
72
72
72
72
72
72
72
73
73
73
73
73
73
73
73
73
73
73
73
73
73
73
73
73
73
73
74
74
74
74
74
74
74
75
76
76
76
76
76
76
76
77
87
87
87
87
87
87
87
87
87
88
88
89
90
90
90
90
90
90
90
91
91
91
91
91
91
91
92
93
93
93
93
93
93
93
93
93
93
93
94
94
94
94
94
94
94
94
95
95
95
95
95
95
95
95
95
96
96
96
97
98
98
98
98
98
98
98
98
98
98
98
98
98
99
101
101
101
101
101
101
101
101
101
101
101
101
101
101
101
101
101
101
101
101
102
102
102
102
102
102
102
102
102
102
102
102
102
102
102
102
103
111
111
111
111
111
111
112
113
113
113
113
113
113
113
113
113
113
114
140
140
140
140
140
140
140
140
140
141
142
142
142
142
142
142
142
142
142
142
143
158
158
158
158
158
158
158
158
158
159
160
160
160
160
160
160
160
160
160
160
160
160
160
160
161
161
161
161
161
161
161
164
164
164
164
164
164
164
164
164
164
164
164
164
175
175
175
175
175
175
175
175
176
176
176
176
176
176
176
178
178
178
178
178
178
178
178
178
178
178
179
181
181
181
181
181
181
181
181
181
181
181
182
192
192
192
192
192
192
192
192
192
193
193
194
195
195
195
195
195
195
195
195
195
195
196
204
204
204
204
204
204
204
204
204
205
206
206
206
206
206
206
206
206
207
207
207
207
208
208
208
208
208
209
209
209
209
209
209
210
210
210
212
212
212
212
212
212
213
215
215
215
215
215
215
215
216
216
216
216
216
216
216
216
216
216
216
216
216
216
216
216
218
218
218
218
218
219
219
219
219
220
222
222
222
222
222
222
222
222
223
235
235
235
235
235
235
235
235
235
236
237
237
237
237
237
237
237
237
237
239
239
239
239
239
239
239
239
239
239
239
239
239
239
239
242
242
242
242
242
242
242
243
243
243
243
243
243
243
243
243
245
245
245
245
245
245
245
246
253
253
253
253
253
255
255
255
255
257
257
257
257
265
265
265
265
265
265
265
266
267
267
267
267
267
267
267
267
267
267
267
267
267
267
267
267
267
268
275
275
275
275
275
275
275
276
277
277
277
277
277
277
278
288
288
288
288
288
288
288
288
288
289
290
290
290
290
290
290
290
291
304
304
305
305
305
305
305
305
305
305
306
307
307
307
307
307
307
307
307
308
308
308
308
308
308
308
308
309
309
309
309
309
309
309
309
309
309
309
309
310
322
322
323
323
323
323
323
323
323
323
324
325
325
325
325
325
325
325
326
326
326
326
326
326
326
326
326
326
326
326
326
326
327
328
328
328
329
336
336
336
336
336
337
338
338
338
338
338
338
338
338
338
338
339
346
346
346
346
346
347
348
348
348
348
348
349
356
356
356
356
356
357
358
358
358
358
358
358
358
358
358
358
358
359
367
367
367
367
367
368
369
369
369
369
369
369
370
383
383
384
384
384
384
384
385
386
386
386
386
386
386
386
386
386
386
386
386
386
386
386
386
387
394
394
394
394
394
395
396
396
396
397
408
408
408
408
408
409
410
410
410
410
410
410
410
411
411
411
411
411
411
411
411
411
411
411
411
412
412
412
412
412
412
412
412
412
412
412
413
414
414
414
414
414
414
414
414
415
415
415
415
415
415
415
415
416
427
427
428
428
428
428
428
429
430
430
430
430
430
430
431
442
442
442
442
442
443
444
444
444
444
444
444
444
445
445
445
445
445
445
445
445
445
446
446
446
446
446
447
447
447
447
447
447
447
447
447
447
447
447
448
449
449
449
449
449
449
449
449
450
450
450
450
450
450
450
450
451
458
458
458
458
458
458
458
458
458
458
458
458
458
458
459
460
460
460
460
460
460
460
461
463
463
463
463
463
463
463
463
463
463
463
463
463
463
463
463
464
465
465
465
465
465
465
465
466
468
469
