18
18
18
18
18
18
18
18
18
18
18
26
26
26
26
27
29
29
29
29
29
29
29
29
31
31
31
31
31
31
31
31
33
33
33
33
33
33
33
33
35
35
35
35
35
35
35
35
37
37
37
37
37
37
37
37
39
39
39
39
39
39
39
39
41
41
41
41
41
41
41
41
43
43
43
43
43
43
43
43
45
45
45
45
45
45
45
45
47
47
47
47
47
47
47
47
49
49
49
49
49
49
49
49
51
51
51
51
51
51
51
51
56
56
56
56
56
56
56
56
61
61
61
61
61
61
61
61
63
63
63
63
63
63
63
63
63
63
65
65
65
65
65
65
65
65
66
66
66
66
66
66
66
66
66
66
66
66
66
66
66
66
66
66
67
67
67
67
67
67
67
67
67
67
68
68
70
70
71
71
71
71
71
71
71
71
71
72
72
72
72
72
72
72
73
74
82
82
82
82
82
82
82
82
82
83
84
84
84
84
84
84
85
88
88
88
88
89
89
90
91
