18
18
18
18
18
18
18
18
18
19
19
19
19
19
19
19
35
35
35
35
35
36
37
37
37
37
37
37
37
37
39
39
39
39
39
40
40
40
40
40
41
41
41
41
41
41
41
57
57
57
57
57
57
57
57
57
57
57
57
57
57
57
58
59
59
59
59
59
60
60
60
60
60
60
61
61
61
61
61
61
62
62
62
62
62
62
63
63
63
63
63
63
64
79
79
79
79
79
79
79
79
79
79
79
79
79
79
79
80
81
81
81
81
81
82
82
82
82
82
82
83
83
83
83
83
83
84
84
84
84
84
84
85
85
85
85
85
85
86
96
96
96
96
96
97
98
98
98
99
108
108
108
108
108
109
110
110
110
111
120
120
120
120
120
121
122
122
122
123
132
132
132
132
132
133
134
134
134
135
144
144
144
144
144
145
146
146
146
146
146
146
147
148
149
