17
17
17
17
17
17
17
17
17
17
17
19
19
19
19
19
19
19
20
20
20
20
20
20
20
21
21
21
21
21
21
21
22
22
22
22
22
22
22
23
23
23
23
23
23
23
24
24
24
24
24
24
24
25
25
25
25
25
25
25
26
26
26
26
26
26
26
27
27
27
27
27
27
27
28
28
28
28
28
28
28
29
29
29
29
29
29
29
30
30
30
30
30
30
30
31
31
31
31
31
31
31
32
32
32
32
32
32
32
33
33
33
33
33
33
33
34
34
34
34
34
34
34
35
35
35
35
35
35
35
36
36
36
36
36
36
36
37
37
37
37
37
37
37
38
38
38
38
38
38
38
39
39
39
39
39
39
39
40
40
40
40
40
40
40
41
41
41
41
41
41
41
42
42
42
42
42
42
42
43
43
43
43
43
43
43
44
44
44
44
44
44
44
45
45
45
45
45
45
45
46
46
46
46
46
46
46
47
47
47
47
47
47
47
47
47
49
49
49
49
49
49
49
49
49
49
49
50
50
50
50
50
50
50
50
50
50
50
50
50
50
50
51
51
51
51
51
51
51
51
51
51
51
51
51
51
51
52
52
52
52
52
52
52
52
52
52
52
52
52
52
52
53
53
53
53
53
53
53
53
53
53
53
53
53
54
54
54
54
54
54
54
54
54
54
54
54
54
55
55
55
55
55
55
55
55
55
55
55
55
55
56
56
56
56
56
56
56
56
56
56
56
56
56
57
57
57
57
57
57
57
57
57
57
57
57
57
58
58
58
58
58
58
58
58
58
58
58
58
58
59
59
59
59
59
59
59
59
59
59
59
59
59
60
60
60
60
60
60
60
60
60
60
60
60
60
61
61
61
61
61
61
61
61
61
61
61
61
61
301
301
301
301
301
301
301
301
303
303
303
303
303
303
303
305
305
305
305
305
306
306
306
306
306
307
307
307
307
307
309
309
309
309
309
309
309
309
309
309
310
310
310
310
311
311
311
311
312
312
312
312
314
314
314
314
314
314
314
314
314
314
314
314
314
314
314
314
314
315
315
315
315
315
315
315
315
315
315
316
316
316
316
316
316
317
317
317
317
317
317
317
317
317
317
318
318
318
318
318
318
318
318
318
318
318
318
319
321
321
322
322
322
322
322
322
322
322
322
323
323
323
323
323
323
323
323
323
323
323
323
323
323
323
323
323
323
323
323
323
324
326
326
327
327
327
327
327
327
327
327
328
328
328
328
328
328
328
328
328
329
329
329
329
329
329
329
329
329
329
330
330
330
330
330
330
330
330
330
331
331
332
332
332
332
332
332
333
333
333
334
334
334
334
334
334
334
334
335
335
335
336
336
336
336
336
336
336
336
337
337
337
339
340
340
340
340
341
342
344
344
344
344
344
344
344
344
344
345
345
345
345
345
345
346
346
347
347
347
347
347
347
347
348
348
348
348
348
348
349
349
349
350
351
351
351
351
351
351
351
351
353
353
353
354
354
354
354
354
354
354
355
356
356
356
356
356
356
356
356
356
356
356
356
356
356
356
357
359
367
367
367
367
368
368
368
368
368
368
368
368
368
369
376
376
376
376
376
376
376
377
377
377
377
377
379
379
379
379
379
379
379
379
380
380
380
380
380
380
381
383
383
384
384
384
384
384
384
384
384
384
384
384
385
385
385
385
385
386
386
386
386
386
386
386
386
386
386
386
388
388
388
388
388
388
388
388
388
389
389
389
389
389
389
389
389
389
389
389
389
390
390
390
390
390
390
390
390
390
390
391
391
391
391
391
391
391
391
392
393
394
394
394
395
396
398
398
398
398
398
400
400
400
400
400
402
402
403
403
403
403
403
403
403
403
403
403
403
403
403
404
404
404
404
404
405
405
405
405
405
405
405
406
406
406
406
406
406
406
407
407
408
408
408
408
408
408
408
409
409
409
409
409
409
409
409
411
411
411
412
412
413
413
413
413
413
413
414
414
414
414
414
414
414
414
416
417
418
419
419
419
419
420
422
430
430
430
430
430
430
430
430
438
438
438
438
438
438
438
438
454
454
454
454
454
454
454
454
463
463
463
463
463
463
463
463
471
471
471
471
471
471
471
471
479
479
479
479
479
479
479
479
488
488
488
488
488
488
488
488
491
491
491
491
491
491
491
491
491
491
491
491
493
493
494
494
494
494
494
494
494
494
494
494
494
494
495
495
495
496
498
498
498
498
498
498
498
499
499
499
499
499
500
519
519
519
519
519
519
519
519
520
521
521
521
521
521
521
521
521
521
521
521
521
521
522
522
522
522
522
522
522
522
522
522
523
523
523
523
523
523
523
523
523
524
524
524
524
524
526
526
526
526
526
526
526
526
526
526
526
526
526
526
526
526
526
526
526
527
527
527
527
527
527
527
527
527
527
527
528
528
528
528
528
528
528
529
529
529
529
529
530
530
530
530
530
530
530
531
531
531
531
532
532
532
534
534
534
534
535
536
536
536
537
537
537
537
537
538
538
538
538
538
538
538
539
540
540
540
540
540
540
540
541
542
543
543
543
543
543
544
544
544
544
544
544
544
545
546
548
548
548
549
551
551
551
551
552
552
552
552
554
554
554
554
555
555
555
555
556
556
556
556
556
557
557
557
557
558
558
558
558
559
559
559
559
562
562
562
562
565
565
565
565
566
566
566
566
567
567
567
567
567
568
568
568
568
569
569
569
569
569
570
570
570
570
571
571
571
571
571
572
572
572
572
574
574
574
574
576
576
576
576
578
578
578
578
580
580
580
580
582
582
582
582
584
584
584
584
586
586
586
586
588
588
588
588
592
592
592
592
596
596
596
596
599
599
599
599
601
601
601
601
604
604
604
604
607
607
607
607
607
607
607
607
611
611
611
611
611
611
611
611
611
611
611
614
614
614
614
614
614
620
620
620
620
620
620
620
620
620
620
623
623
623
623
626
626
626
626
626
626
626
626
626
626
626
626
646
646
646
646
647
648
648
648
648
649
649
649
649
649
649
649
649
649
649
650
650
650
650
651
651
651
651
651
651
651
652
652
652
652
653
653
653
653
654
654
654
654
655
655
655
655
655
655
655
656
656
656
656
657
659
659
660
660
660
660
660
660
660
660
661
661
661
661
661
662
669
669
670
670
670
670
670
670
670
670
670
670
670
671
671
671
671
671
671
671
672
672
672
672
675
675
675
675
675
676
676
676
676
676
676
676
676
676
676
676
676
676
676
676
677
677
677
677
677
677
678
678
678
678
678
678
678
678
678
678
678
678
679
680
680
680
680
680
681
681
681
681
681
681
681
681
681
681
681
681
681
681
681
681
682
682
682
682
682
682
682
682
682
682
682
682
682
682
682
682
683
685
685
685
685
685
685
686
686
686
686
686
686
686
687
687
687
687
688
688
688
688
689
690
711
711
711
711
711
711
711
711
711
711
711
711
712
712
713
714
714
714
714
714
714
714
714
714
714
714
714
715
736
736
737
737
737
737
737
737
737
737
737
737
737
737
737
737
737
738
738
738
738
738
738
738
738
738
738
738
738
738
739
760
760
760
760
760
760
760
760
760
760
760
760
761
761
762
763
763
763
763
763
763
764
764
764
764
764
765
765
765
766
768
768
768
768
768
768
768
768
768
768
770
770
770
770
772
772
772
772
772
772
772
772
772
772
772
773
773
773
773
773
773
774
777
777
777
777
777
777
777
777
777
777
777
777
777
777
777
777
777
777
777
777
777
777
785
785
785
785
785
786
786
786
786
786
786
786
786
786
786
786
786
786
786
786
786
786
786
786
786
786
786
787
787
787
788
789
789
789
789
789
789
789
789
789
789
789
789
789
789
789
789
789
789
789
789
789
789
789
789
790
790
790
791
793
793
793
793
793
793
793
793
793
793
793
793
793
793
793
794
794
794
795
797
797
797
797
797
797
797
797
797
797
797
797
797
797
797
797
798
798
798
799
805
805
805
805
805
805
805
806
806
806
806
806
806
806
807
808
808
808
808
808
808
808
808
811
811
811
811
811
811
811
812
812
812
812
812
812
812
813
814
814
814
814
814
814
814
815
815
815
815
815
815
815
816
817
817
817
817
817
817
817
818
818
818
818
818
818
818
819
820
821
822
823
832
832
832
832
832
832
832
832
832
832
833
833
833
833
833
833
833
833
833
833
833
833
834
835
835
835
835
835
835
835
835
835
835
836
837
838
839
839
839
839
839
840
840
840
841
843
843
843
843
843
843
843
843
843
843
843
844
844
844
845
846
846
846
846
846
846
846
846
846
846
847
849
849
849
849
849
849
849
849
850
850
850
850
850
850
850
851
851
851
851
851
851
851
852
853
853
853
853
853
853
853
854
854
854
854
854
854
854
855
856
856
856
856
856
856
856
857
857
857
857
857
857
857
857
857
857
857
857
857
858
864
864
864
864
864
864
864
865
865
865
865
865
865
865
866
868
868
868
868
868
868
868
868
868
868
868
868
868
868
868
869
869
869
869
869
869
869
869
869
869
869
869
869
869
870
871
871
871
871
871
871
872
872
872
873
875
875
875
875
875
875
875
875
875
875
875
875
875
875
875
876
877
877
877
877
877
877
878
878
878
879
880
882
882
882
882
882
882
882
882
882
882
883
885
885
885
885
885
885
885
885
885
885
887
887
887
887
887
887
889
889
889
889
890
890
890
890
890
890
890
890
891
891
891
891
891
891
891
891
891
891
891
892
894
894
894
895
897
897
897
897
897
897
897
897
897
897
898
898
898
898
898
898
898
898
898
898
898
898
898
898
898
898
898
898
898
898
898
898
898
898
898
898
898
900
900
900
900
900
900
900
900
900
900
900
901
901
901
901
901
901
901
901
901
901
901
902
902
902
902
902
902
902
902
902
902
902
903
903
903
903
903
903
903
903
903
903
903
903
903
903
903
903
903
905
905
905
905
905
905
905
905
905
905
905
905
905
905
905
905
905
905
905
905
905
906
906
906
906
907
907
907
907
907
908
910
910
910
910
911
911
912
912
912
912
912
912
912
912
912
912
912
912
912
912
912
912
912
912
912
912
912
912
913
913
913
913
913
913
913
913
914
914
914
914
915
915
915
915
915
916
919
919
919
919
919
919
919
919
919
919
919
919
920
920
920
920
920
920
921
928
928
928
928
928
928
928
928
928
928
928
929
929
929
929
929
929
929
929
929
929
929
930
930
930
930
930
930
930
930
930
930
931
931
931
931
932
932
932
932
932
933
935
935
935
935
935
935
935
935
935
935
935
935
935
935
935
935
935
935
935
935
935
935
935
935
935
936
936
936
936
936
936
936
936
936
936
936
936
936
936
936
938
938
939
939
939
939
939
939
939
939
939
939
939
939
939
939
939
939
940
940
940
940
940
940
940
940
940
940
940
940
940
940
940
940
941
941
941
941
941
941
941
941
941
941
941
942
942
942
942
942
942
942
942
943
943
943
943
944
944
944
944
944
945
947
947
947
947
947
947
947
948
948
949
949
949
949
949
949
949
949
949
949
949
949
949
950
950
950
950
950
950
950
950
950
950
950
950
950
951
951
951
951
952
952
952
952
952
952
952
952
952
952
952
952
952
953
953
953
953
953
953
954
955
955
955
955
955
955
955
955
956
956
956
956
957
957
957
957
957
958
959
960
970
970
970
970
970
970
970
970
970
970
970
970
970
970
970
970
971
971
972
973
973
973
973
973
973
973
973
973
973
973
975
975
975
975
975
975
975
976
976
976
977
979
979
979
979
979
980
980
980
980
980
981
981
982
982
983
983
983
983
983
983
983
984
984
984
984
984
984
984
984
984
984
984
984
984
984
984
985
985
985
986
986
986
986
986
986
986
986
986
986
986
987
989
989
989
989
989
989
989
989
989
989
990
990
990
990
990
990
990
990
990
990
990
990
991
994
994
994
994
994
994
994
994
994
994
994
994
994
994
994
994
994
994
994
994
994
995
995
995
996
996
996
997
997
997
997
997
997
997
998
1000
1000
1000
1000
1000
1001
1001
1001
1002
1002
1002
1002
1002
1002
1002
1003
1003
1003
1003
1003
1003
1003
1004
1004
1004
1004
1004
1004
1004
1004
1005
1006
1007
1017
1017
1017
1017
1017
1017
1017
1017
1017
1017
1017
1017
1018
1018
1019
1020
1020
1020
1020
1020
1020
1020
1020
1020
1020
1020
1022
1022
1022
1022
1022
1022
1022
1023
1023
1023
1024
1026
1026
1026
1026
1027
1027
1027
1027
1027
1027
1027
1035
1035
1035
1035
1035
1035
1035
1035
1035
1035
1035
1035
1035
1035
1035
1036
1036
1036
1037
1037
1037
1037
1037
1037
1037
1037
1038
1039
1039
1039
1039
1039
1039
1039
1039
1039
1039
1039
1039
1039
1039
1039
1039
1039
1039
1039
1040
1052
1052
1052
1052
1052
1052
1052
1052
1052
1052
1052
1052
1052
1052
1052
1052
1053
1053
1054
1055
1055
1055
1055
1055
1055
1055
1055
1055
1055
1055
1057
1057
1057
1057
1057
1057
1057
1058
1058
1058
1059
1061
1061
1061
1061
1063
1063
1063
1063
1063
1063
1063
1064
1064
1064
1064
1064
1064
1064
1064
1064
1064
1064
1064
1064
1064
1064
1065
1065
1065
1066
1066
1066
1066
1066
1066
1066
1066
1066
1066
1066
1067
1069
1069
1069
1069
1069
1070
1070
1070
1070
1070
1070
1070
1070
1070
1070
1071
1071
1071
1071
1071
1071
1071
1071
1071
1071
1071
1071
1072
1075
1076
1077
1077
1077
1077
1077
1077
1077
1077
1077
1077
1077
1077
1078
1078
1078
1078
1078
1078
1078
1078
1078
1079
1079
1079
1080
1080
1080
1080
1080
1080
1081
1081
1081
1081
1081
1081
1084
1084
1084
1084
1084
1085
1086
1086
1086
1086
1086
1086
1087
1088
1088
1088
1088
1088
1088
1088
1089
1089
1089
1089
1089
1089
1089
1090
1090
1090
1091
1091
1091
1092
1092
1092
1092
1092
1092
1092
1093
1093
1093
1093
1093
1093
1093
1093
1094
1095
1096
1105
1105
1105
1105
1105
1105
1105
1105
1105
1105
1105
1105
1106
1106
1107
1108
1108
1108
1108
1108
1108
1108
1108
1108
1108
1108
1110
1110
1110
1110
1110
1110
1110
1111
1111
1111
1112
1114
1114
1114
1114
1115
1115
1115
1115
1115
1115
1115
1123
1123
1123
1123
1123
1123
1123
1123
1123
1123
1123
1123
1123
1123
1123
1124
1124
1124
1125
1125
1125
1125
1125
1125
1125
1125
1126
1127
1127
1127
1127
1127
1127
1127
1127
1127
1128
1142
1142
1142
1142
1142
1142
1142
1143
1144
1144
1144
1144
1144
1144
1144
1144
1144
1144
1145
1160
1160
1160
1160
1160
1160
1160
1160
1160
1160
1161
1162
1162
1162
1162
1162
1162
1162
1162
1162
1162
1162
1163
1179
1179
1179
1179
1179
1179
1179
1179
1179
1179
1179
1179
1179
1179
1180
1181
1181
1181
1181
1181
1181
1181
1181
1181
1181
1181
1181
1181
1182
1197
1197
1197
1197
1197
1197
1197
1197
1197
1197
1198
1199
1199
1199
1199
1199
1199
1199
1199
1199
1199
1199
1200
1216
1216
1216
1216
1216
1216
1216
1216
1216
1216
1216
1216
1216
1216
1217
1218
1218
1218
1218
1218
1218
1218
1218
1218
1218
1218
1218
1218
1219
1246
1246
1246
1246
1246
1246
1246
1246
1246
1246
1246
1246
1247
1247
1248
1249
1249
1249
1249
1249
1249
1249
1249
1249
1249
1249
1249
1250
1280
1280
1280
1280
1280
1280
1280
1280
1280
1280
1281
1282
1282
1282
1282
1282
1282
1282
1282
1282
1282
1283
1298
1298
1298
1298
1298
1298
1298
1299
1300
1300
1300
1300
1300
1300
1300
1300
1300
1300
1301
1317
1317
1317
1317
1317
1317
1317
1317
1317
1317
1318
1319
1319
1319
1319
1319
1319
1319
1319
1319
1319
1319
1320
1366
1366
1366
1366
1366
1366
1366
1367
1368
1368
1368
1368
1368
1368
1368
1368
1368
1368
1369
1379
1379
1380
1380
1380
1380
1380
1380
1380
1380
1380
1381
1381
1381
1381
1381
1381
1382
1385
1385
1385
1385
1385
1385
1385
1385
1385
1385
1389
1389
1389
1389
1389
1389
1389
1389
1389
1389
1389
1389
1389
1389
1389
1389
1389
1389
1389
1389
1389
1390
1390
1390
1390
1390
1390
1390
1393
1393
1394
1394
1394
1394
1394
1394
1394
1395
1395
1395
1395
1397
1397
1399
1399
1399
1399
1399
1399
1399
1399
1399
1399
1399
1399
1399
1399
1399
1399
1399
1399
1399
1400
1400
1401
1401
1401
1401
1401
1401
1401
1402
1402
1402
1402
1402
1402
1402
1402
1403
1403
1403
1408
1408
1408
1408
1408
1408
1408
1408
1408
1408
1409
1409
1409
1409
1409
1409
1409
1410
1410
1410
1410
1410
1410
1411
1411
1411
1411
1411
1411
1411
1411
1412
1412
1412
1412
1412
1412
1412
1413
1413
1413
1413
1413
1413
1413
1413
1413
1413
1413
1414
1414
1414
1414
1414
1414
1414
1415
1415
1415
1415
1416
1417
1418
1419
1419
1419
1419
1419
1419
1419
1420
1420
1420
1420
1420
1420
1420
1420
1420
1420
1420
1420
1420
1420
1420
1421
1421
1421
1422
1422
1422
1422
1422
1422
1422
1422
1422
1423
1424
1424
1424
1424
1425
1426
1427
1442
1442
1442
1442
1442
1442
1442
1442
1442
1442
1443
1444
1444
1444
1444
1444
1444
1444
1444
1444
1444
1444
1445
1453
1453
1454
1454
1454
1454
1454
1454
1454
1455
1456
1456
1456
1456
1456
1456
1457
1457
1457
1457
1458
1476
1476
1476
1476
1476
1476
1476
1476
1476
1476
1476
1476
1476
1476
1477
1478
1478
1478
1478
1478
1478
1478
1478
1478
1478
1478
1478
1478
1479
1497
1497
1497
1497
1497
1497
1497
1497
1497
1497
1497
1497
1497
1497
1497
1497
1498
1499
1499
1499
1499
1499
1499
1499
1499
1499
1499
1499
1499
1499
1499
1499
1499
1500
1500
1500
1500
1500
1501
1501
1501
1501
1501
1502
1503
1503
1503
1504
1515
1515
1515
1515
1515
1516
1517
1517
1517
1517
1518
1518
1518
1518
1519
1519
1519
1519
1519
1520
1537
1537
1537
1537
1537
1538
1539
1539
1539
1539
1542
1542
1542
1542
1543
1543
1543
1543
1543
1544
1570
1570
1570
1570
1570
1570
1570
1570
1570
1570
1570
1570
1571
1571
1572
1573
1573
1573
1573
1573
1573
1573
1573
1573
1573
1573
1573
1573
1573
1574
1575
1575
1575
1575
1576
1576
1576
1576
1577
1577
1577
1577
1577
1578
1578
1578
1579
1580
1580
1580
1581
1605
1605
1605
1605
1605
1605
1605
1606
1607
1607
1607
1607
1607
1607
1607
1607
1607
1607
1607
1608
1608
1608
1609
1611
1611
1611
1611
1612
1612
1612
1612
1612
1612
1612
1612
1612
1612
1614
1614
1614
1615
1634
1634
1634
1634
1634
1634
1634
1634
1635
1635
1635
1635
1635
1635
1635
1635
1635
1635
1636
1650
1650
1650
1650
1650
1650
1650
1650
1650
1650
1650
1651
1651
1651
1651
1651
1651
1651
1651
1651
1651
1651
1652
1652
1652
1652
1652
1652
1652
1653
1653
1653
1653
1653
1653
1654
1655
1655
1655
1656
1669
1669
1669
1669
1669
1669
1669
1669
1669
1669
1669
1669
1669
1670
1670
1670
1670
1670
1670
1670
1670
1671
1671
1671
1672
1673
1673
1673
1673
1673
1673
1673
1673
1673
1673
1673
1673
1673
1673
1673
1673
1673
1673
1673
1673
1673
1674
1674
1674
1674
1674
1674
1674
1675
1675
1675
1675
1675
1675
1675
1675
1675
1675
1676
1677
1677
1677
1678
1685
1685
1685
1685
1685
1686
1687
1687
1687
1687
1687
1687
1687
1687
1687
1687
1688
1689
1689
1689
1689
1689
1689
1689
1690
1690
1690
1691
1693
1693
1693
1693
1693
1693
1693
1693
1693
1693
1693
1693
1693
1693
1694
1696
1696
1696
1697
1703
1703
1703
1703
1703
1704
1705
1705
1705
1706
1708
1708
1708
1708
1708
1708
1708
1708
1708
1709
1709
1709
1709
1709
1709
1709
1710
1710
1710
1710
1710
1710
1710
1710
1710
1711
1712
1712
1712
1712
1712
1712
1712
1713
1715
1715
1715
1715
1715
1715
1715
1715
1715
1716
1716
1716
1716
1716
1716
1716
1717
1717
1717
1717
1717
1717
1717
1717
1717
1718
1719
1719
1719
1719
1719
1719
1719
1720
1726
1726
1726
1726
1726
1726
1727
1727
1727
1728
1737
1737
1738
1738
1738
1738
1738
1738
1739
1739
1739
1739
1739
1739
1739
1739
1740
1748
1748
1748
1748
1748
1748
1749
1749
1749
1750
1763
1763
1764
1764
1764
1764
1764
1764
1765
1765
1765
1765
1765
1765
1765
1766
1778
1778
1778
1778
1778
1778
1779
1779
1779
1780
1788
1788
1788
1788
1788
1788
1789
1789
1789
1790
1807
1807
1808
1808
1808
1808
1808
1808
1808
1808
1809
1809
1809
1810
1819
1819
1819
1819
1819
1820
1821
1821
1821
1822
1835
1835
1835
1835
1835
1836
1837
1837
1837
1838
1841
1841
1841
1841
1841
1842
1842
1842
1843
1851
1851
1851
1851
1851
1852
1853
1853
1853
1853
1853
1853
1854
1855
1855
1855
1856
1858
1858
1858
1858
1858
1859
1866
1866
1866
1866
1866
1866
1866
1866
1866
1867
1867
1867
1867
1867
1867
1868
1869
1869
1869
1869
1869
1869
1870
1871
1871
1871
1871
1871
1871
1871
1871
1871
1871
1871
1871
1871
1871
1871
1871
1872
1872
1872
1872
1872
1872
1872
1873
1873
1873
1873
1873
1873
1873
1874
1874
1874
1874
1874
1874
1874
1875
1876
1876
1876
1877
1879
1879
1879
1880
1887
1887
1887
1887
1887
1887
1888
1888
1888
1888
1888
1889
1902
1902
1902
1902
1902
1902
1902
1902
1902
1902
1902
1903
1903
1903
1903
1903
1903
1903
1903
1903
1903
1903
1903
1903
1905
1905
1905
1905
1905
1905
1905
1905
1905
1905
1905
1906
1907
1907
1907
1908
1922
1922
1922
1922
1922
1923
1924
1924
1924
1925
1933
1933
1933
1933
1933
1934
1935
1935
1935
1935
1935
1936
1950
1950
1950
1950
1950
1951
1952
1952
1952
1953
1960
1960
1960
1960
1960
1960
1961
1961
1961
1962
1972
1972
1972
1972
1972
1972
1973
1973
1973
1973
1973
1973
1973
1974
1974
1974
1975
1976
1976
1976
1976
1976
1977
1985
1985
1985
1985
1985
1986
1987
1987
1987
1988
1995
1995
1995
1995
1995
1995
1996
1996
1996
1997
2015
2015
2015
2015
2015
2015
2015
2015
2015
2015
2016
2017
2017
2017
2017
2017
2017
2017
2017
2017
2017
2017
2017
2017
2018
2018
2018
2018
2018
2018
2018
2018
2018
2018
2018
2019
2020
2020
2020
2021
2035
2035
2035
2035
2035
2035
2035
2036
2037
2037
2037
2037
2037
2037
2037
2037
2037
2037
2037
2037
2038
2038
2038
2038
2038
2039
2040
2040
2040
2041
2057
2057
2057
2057
2057
2057
2057
2057
2057
2057
2058
2059
2059
2059
2059
2059
2059
2059
2059
2059
2059
2059
2059
2059
2060
2060
2060
2060
2060
2061
2062
2062
2062
2063
2070
2070
2071
2071
2071
2071
2071
2071
2071
2072
2073
2073
2073
2073
2073
2073
2073
2073
2073
2073
2073
2073
2073
2073
2073
2073
2074
2074
2074
2074
2074
2074
2074
2074
2074
2074
2074
2074
2074
2074
2074
2074
2074
2074
2074
2074
2075
2076
2076
2076
2077
2100
2100
2100
2100
2100
2100
2100
2101
2106
2106
2106
2106
2106
2106
2106
2107
2107
2107
2107
2107
2107
2107
2107
2107
2107
2107
2107
2109
2109
2109
2109
2109
2109
2109
2109
2109
2109
2109
2109
2109
2109
2109
2109
2109
2109
2109
2109
2110
2110
2110
2112
2112
2112
2112
2112
2112
2112
2112
2112
2112
2112
2113
2113
2113
2113
2113
2113
2113
2114
2114
2114
2114
2114
2114
2114
2114
2114
2114
2114
2115
2116
2116
2116
2116
2117
2118
2119
2119
2119
2120
2134
2134
2134
2134
2134
2134
2134
2134
2134
2134
2134
2135
2135
2135
2135
2135
2135
2135
2135
2135
2135
2136
2150
2150
2150
2150
2150
2150
2150
2150
2150
2150
2150
2151
2151
2151
2151
2151
2151
2151
2151
2152
2152
2152
2153
2154
2154
2154
2154
2154
2154
2154
2154
2154
2154
2154
2154
2154
2154
2154
2155
2172
2172
2172
2172
2172
2172
2172
2172
2172
2172
2172
2172
2172
2172
2172
2173
2173
2173
2173
2173
2173
2173
2173
2174
2174
2174
2175
2176
2176
2176
2176
2176
2176
2176
2176
2176
2176
2176
2176
2176
2176
2176
2176
2176
2176
2176
2176
2176
2177
2177
2177
2177
2177
2177
2177
2178
2178
2178
2178
2178
2178
2178
2178
2179
2180
2180
2180
2181
2183
2183
2183
2183
2183
2184
2185
2185
2185
2185
2186
2186
2186
2186
2187
2187
2187
2187
2187
2188
2188
2188
2188
2189
2189
2189
2189
2190
2190
2190
2190
2191
2191
2191
2191
2192
2192
2192
2192
2192
2192
2193
2193
2193
2193
2193
2193
2194
2194
2194
2194
2194
2194
2195
2195
2195
2195
2195
2195
2196
2196
2196
2196
2197
2197
2197
2197
2198
2198
2198
2198
2199
2199
2199
2199
2200
2200
2200
2200
2201
2206
2206
2206
2206
2206
2206
2206
2206
2207
2207
2207
2207
2207
2207
2207
2209
2209
2209
2209
2209
2209
2209
2209
2210
2210
2210
2210
2210
2210
2210
2210
2210
2211
2211
2211
2212
2213
2213
2213
2213
2213
2213
2213
2213
2213
2213
2213
2215
2215
2215
2215
2215
2215
2215
2215
2215
2216
2216
2216
2216
2216
2216
2217
2217
2217
2218
2219
2219
2219
2219
2219
2219
2219
2219
2219
2220
2220
2220
2220
2220
2220
2220
2220
2220
2220
2221
2221
2221
2222
2222
2222
2222
2222
2223
2223
2223
2223
2223
2223
2223
2223
2223
2223
2223
2223
2223
2224
2224
2224
2224
2224
2224
2224
2225
2225
2225
2225
2225
2225
2225
2225
2225
2225
2225
2226
2226
2226
2226
2226
2226
2226
2226
2226
2226
2226
2227
2227
2227
2228
2228
2228
2228
2228
2228
2228
2228
2228
2229
2230
2230
2230
2230
2230
2230
2230
2230
2230
2230
2230
2231
2231
2231
2231
2231
2231
2231
2231
2231
2231
2231
2231
2231
2231
2231
2231
2231
2231
2231
2231
2231
2231
2232
2232
2232
2232
2232
2232
2232
2233
2234
2235
2236
2236
2236
2237
2272
2272
2272
2272
2272
2273
2273
2274
2275
2275
2275
2275
2275
2275
2275
2275
2275
2276
2292
2292
2292
2292
2293
2293
2293
2293
2293
2293
2293
2293
2294
2294
2295
2296
2296
2296
2296
2296
2296
2296
2296
2296
2296
2296
2296
2296
2296
2296
2296
2298
2298
2298
2298
2298
2298
2298
2298
2298
2298
2298
2298
2299
2299
2299
2299
2299
2299
2300
2301
2301
2301
2302
2304
2304
2305
2305
2305
2305
2305
2305
2305
2305
2305
2305
2305
2305
2305
2305
2305
2306
2307
2307
2308
2308
2308
2308
2308
2308
2308
2309
2311
2311
2311
2311
2312
2312
2312
2313
2365
2365
2365
2365
2365
2365
2365
2365
2366
2366
2367
2368
2368
2368
2368
2368
2368
2368
2368
2368
2368
2368
2369
2426
2426
2426
2426
2427
2427
2427
2427
2427
2427
2427
2427
2428
2428
2429
2430
2430
2430
2430
2430
2431
2431
2431
2431
2431
2431
2431
2431
2432
2440
2440
2440
2440
2440
2440
2440
2441
2442
2442
2442
2442
2442
2442
2443
2452
2452
2452
2452
2452
2452
2452
2452
2452
2452
2453
2454
2454
2454
2454
2454
2454
2454
2454
2454
2454
2454
2454
2454
2455
2455
2455
2455
2455
2455
2455
2455
2455
2455
2455
2455
2455
2455
2455
2455
2456
2456
2456
2456
2456
2456
2457
2458
2458
2458
2459
2461
2461
2462
2462
2462
2462
2462
2462
2462
2462
2462
2462
2462
2462
2462
2462
2462
2463
2464
2464
2465
2465
2465
2465
2465
2465
2465
2466
2466
2466
2466
2467
2468
2468
2468
2469
2478
2478
2478
2478
2478
2479
2480
2480
2480
2481
2489
2489
2489
2489
2489
2489
2490
2490
2490
2491
2536
2536
2536
2536
2536
2536
2536
2536
2536
2536
2537
2537
2537
2537
2537
2537
2537
2537
2537
2538
2584
2584
2584
2584
2584
2584
2584
2584
2584
2584
2584
2584
2584
2585
2585
2585
2585
2585
2585
2585
2585
2585
2585
2586
2633
2633
2633
2633
2633
2633
2633
2634
2634
2635
2636
2636
2636
2636
2636
2636
2636
2636
2636
2637
2691
2691
2691
2691
2691
2691
2691
2691
2691
2691
2691
2691
2691
2692
2692
2692
2692
2692
2692
2692
2692
2692
2692
2692
2692
2692
2692
2692
2693
2704
2704
2704
2704
2704
2704
2704
2704
2704
2704
2704
2704
2704
2704
2704
2704
2704
2705
2705
2705
2705
2705
2705
2705
2705
2705
2705
2705
2705
2705
2705
2705
2705
2706
2722
2722
2722
2722
2722
2722
2722
2722
2723
2723
2723
2723
2723
2723
2723
2723
2723
2723
2723
2723
2723
2723
2723
2723
2724
2740
2740
2740
2740
2740
2740
2740
2740
2740
2740
2740
2741
2741
2741
2741
2741
2741
2741
2741
2741
2741
2741
2741
2741
2741
2741
2741
2741
2742
2765
2765
2765
2765
2765
2765
2765
2765
2765
2766
2767
2767
2767
2767
2767
2767
2768
2799
2799
2799
2799
2799
2799
2799
2799
2799
2799
2799
2799
2800
2801
2801
2801
2801
2801
2801
2801
2801
2801
2801
2801
2801
2801
2801
2802
2802
2802
2802
2802
2802
2802
2802
2802
2802
2802
2802
2802
2802
2802
2802
2802
2802
2802
2804
2804
2804
2804
2804
2804
2804
2805
2805
2805
2806
2808
2808
2808
2808
2808
2808
2808
2808
2808
2809
2809
2809
2809
2809
2809
2809
2809
2809
2809
2809
2809
2809
2809
2809
2809
2811
2811
2811
2812
2812
2812
2812
2812
2812
2812
2812
2812
2812
2812
2812
2812
2812
2812
2813
2813
2813
2813
2813
2813
2813
2814
2815
2816
2818
2818
2818
2818
2818
2818
2818
2819
2819
2819
2819
2819
2819
2819
2819
2819
2819
2820
2822
2822
2822
2823
2839
2839
2839
2839
2839
2839
2839
2839
2839
2839
2839
2839
2839
2839
2840
2842
2842
2842
2842
2842
2844
2844
2844
2844
2844
2844
2844
2844
2844
2844
2845
2845
2845
2846
2850
2850
2850
2850
2850
2850
2850
2850
2850
2850
2850
2851
2851
2851
2852
2854
2854
2854
2854
2854
2854
2854
2854
2854
2854
2854
2855
2874
2874
2874
2874
2874
2874
2874
2874
2874
2874
2874
2874
2874
2874
2874
2874
2875
2875
2876
2877
2877
2877
2877
2877
2879
2879
2879
2879
2879
2879
2879
2879
2879
2879
2880
2880
2880
2881
2885
2885
2885
2885
2885
2885
2885
2885
2885
2885
2885
2886
2886
2886
2887
2889
2889
2889
2889
2889
2891
2891
2891
2891
2891
2891
2891
2891
2891
2891
2892
2892
2892
2893
2895
2895
2895
2895
2895
2895
2895
2895
2895
2895
2895
2896
2896
2896
2897
2899
2899
2899
2899
2899
2899
2899
2899
2899
2899
2899
2900
2914
2914
2914
2914
2914
2914
2914
2915
2916
2916
2916
2916
2916
2916
2916
2916
2916
2916
2917
2934
2934
2934
2934
2934
2934
2934
2934
2934
2934
2935
2936
2936
2936
2936
2936
2936
2936
2936
2936
2936
2936
2937
2951
2951
2951
2951
2951
2951
2951
2951
2951
2951
2951
2952
2952
2952
2952
2952
2952
2952
2952
2952
2953
2953
2953
2953
2953
2953
2953
2954
2954
2954
2954
2954
2954
2954
2954
2955
2956
2956
2956
2957
2971
2971
2971
2971
2971
2971
2971
2971
2971
2971
2971
2972
2972
2972
2972
2972
2972
2972
2972
2972
2973
2973
2973
2973
2973
2973
2973
2974
2974
2974
2974
2974
2974
2974
2974
2974
2975
2975
2975
2975
2975
2975
2975
2976
2976
2976
2976
2976
2976
2976
2977
2977
2977
2977
2977
2977
2977
2977
2977
2977
2977
2977
2978
2978
2978
2979
2980
2980
2980
2981
2995
2995
2995
2995
2995
2995
2995
2995
2995
2995
2995
2996
2996
2996
2996
2996
2996
2996
2996
2996
2997
2997
2997
2997
2997
2997
2997
2998
2998
2998
2998
2998
2998
2998
2998
2999
3000
3000
3000
3001
3010
3010
3010
3010
3010
3010
3010
3010
3010
3011
3011
3011
3011
3011
3011
3011
3012
3012
3012
3013
3014
3014
3014
3014
3014
3014
3014
3015
3015
3015
3016
3018
3018
3018
3018
3018
3018
3018
3018
3018
3019
3019
3019
3019
3019
3019
3019
3020
3020
3020
3020
3020
3020
3020
3021
3021
3021
3022
3031
3031
3031
3031
3031
3031
3031
3031
3031
3032
3033
3033
3033
3033
3033
3033
3034
3044
3044
3044
3044
3044
3044
3044
3044
3044
3044
3044
3044
3044
3045
3045
3045
3045
3045
3045
3045
3045
3045
3045
3046
3057
3057
3057
3057
3057
3057
3057
3057
3057
3057
3057
3057
3057
3057
3057
3057
3057
3058
3058
3058
3058
3058
3058
3058
3058
3058
3058
3058
3059
3069
3069
3069
3069
3069
3069
3069
3069
3069
3069
3070
3071
3071
3071
3071
3071
3071
3071
3071
3071
3071
3071
3071
3071
3071
3071
3071
3071
3071
3072
3072
3072
3072
3072
3073
3073
3073
3073
3073
3073
3073
3073
3075
3075
3075
3075
3075
3075
3075
3075
3075
3075
3075
3075
3075
3075
3075
3075
3075
3075
3075
3080
3080
3080
3080
3080
3080
3080
3080
3080
3080
3080
3081
3081
3081
3081
3081
3081
3081
3081
3081
3081
3081
3082
3084
3084
3084
3084
3084
3084
3084
3084
3084
3084
3084
3084
3084
3085
3085
3085
3085
3085
3085
3085
3085
3086
3087
3087
3087
3088
3103
3103
3103
3103
3103
3103
3103
3104
3105
3105
3105
3105
3105
3105
3105
3105
3105
3105
3105
3106
3106
3106
3107
3109
3109
3109
3109
3109
3109
3109
3109
3109
3109
3109
3109
3109
3109
3109
3109
3109
3110
3126
3126
3126
3126
3126
3126
3126
3127
3128
3128
3128
3128
3130
3130
3130
3130
3130
3130
3130
3130
3130
3131
3131
3131
3131
3131
3131
3131
3131
3132
3132
3132
3132
3132
3132
3132
3132
3132
3132
3133
3135
3135
3135
3135
3137
3137
3137
3138
3140
3140
3140
3141
3162
3162
3162
3162
3162
3162
3162
3162
3162
3162
3163
3164
3164
3164
3164
3164
3164
3165
3165
3165
3165
3165
3166
3166
3166
3166
3166
3166
3166
3166
3166
3166
3166
3167
3168
3168
3168
3169
3186
3186
3186
3186
3186
3186
3186
3186
3186
3186
3187
3188
3188
3188
3188
3188
3188
3189
3189
3189
3189
3189
3190
3190
3190
3190
3190
3190
3190
3190
3190
3190
3190
3191
3192
3192
3192
3193
3212
3212
3212
3212
3212
3212
3212
3212
3212
3212
3213
3214
3214
3214
3214
3214
3214
3215
3215
3215
3215
3215
3216
3216
3216
3216
3216
3216
3216
3216
3216
3216
3216
3217
3218
3218
3218
3219
3239
3239
3239
3239
3239
3239
3239
3240
3241
3241
3241
3241
3241
3241
3242
3242
3242
3242
3242
3243
3243
3243
3243
3243
3243
3243
3243
3243
3243
3244
3245
3245
3245
3246
3266
3266
3266
3266
3266
3266
3266
3266
3266
3266
3267
3268
3268
3268
3268
3268
3268
3269
3269
3269
3269
3269
3270
3270
3270
3270
3270
3270
3270
3270
3270
3270
3270
3271
3272
3272
3272
3273
3288
3288
3288
3288
3288
3288
3288
3288
3288
3288
3289
3290
3290
3290
3290
3290
3290
3290
3290
3290
3290
3290
3291
3307
3307
3307
3307
3307
3307
3307
3307
3307
3307
3307
3307
3307
3307
3308
3309
3309
3309
3309
3309
3309
3309
3309
3309
3309
3309
3309
3309
3309
3310
3310
3310
3311
3313
3313
3313
3313
3313
3313
3313
3313
3313
3313
3313
3314
3335
3335
3335
3335
3335
3335
3335
3335
3335
3335
3336
3337
3337
3337
3337
3338
3338
3338
3338
3338
3338
3338
3338
3338
3338
3338
3338
3338
3338
3338
3338
3339
3366
3366
3366
3366
3366
3366
3366
3366
3366
3366
3366
3366
3367
3367
3368
3369
3369
3369
3369
3369
3369
3369
3369
3369
3369
3369
3369
3369
3369
3369
3369
3370
3402
3402
3402
3402
3402
3402
3402
3402
3402
3402
3403
3404
3404
3404
3404
3404
3404
3404
3404
3404
3404
3404
3404
3404
3404
3405
3420
3420
3420
3420
3420
3420
3420
3421
3422
3422
3422
3422
3422
3422
3422
3422
3422
3422
3423
3437
3437
3437
3437
3437
3437
3437
3437
3437
3437
3438
3439
3439
3439
3439
3439
3439
3439
3439
3439
3439
3439
3440
3450
3450
3450
3450
3450
3450
3450
3450
3450
3450
3451
3452
3452
3452
3452
3452
3452
3452
3452
3452
3452
3452
3453
3462
3462
3462
3462
3462
3462
3462
3462
3462
3462
3462
3462
3463
3464
3464
3464
3464
3464
3464
3465
3465
3465
3465
3465
3465
3466
3475
3475
3475
3475
3475
3475
3475
3475
3476
3477
3477
3477
3477
3478
3485
3485
3485
3485
3485
3485
3485
3485
3485
3486
3486
3486
3486
3487
3496
3496
3496
3496
3496
3496
3496
3496
3496
3497
3497
3497
3497
3497
3497
3497
3497
3497
3498
3508
3508
3509
3509
3509
3509
3509
3509
3509
3509
3509
3510
3510
3510
3510
3510
3510
3510
3510
3510
3511
3524
3524
3524
3524
3524
3524
3524
3524
3524
3525
3525
3525
3525
3525
3525
3525
3525
3525
3526
3540
3540
3541
3541
3541
3541
3541
3541
3541
3541
3541
3542
3542
3542
3542
3542
3542
3542
3542
3542
3543
3552
3552
3552
3552
3552
3552
3552
3552
3552
3553
3553
3553
3553
3554
3567
3567
3567
3567
3567
3567
3567
3567
3568
3569
3569
3569
3569
3569
3569
3569
3569
3569
3570
3585
3585
3586
3586
3586
3586
3586
3586
3586
3586
3587
3588
3588
3588
3588
3588
3588
3588
3588
3588
3589
3607
3607
3607
3607
3607
3607
3607
3607
3607
3607
3608
3609
3609
3609
3609
3609
3609
3609
3609
3609
3609
3609
3609
3610
3611
3611
3611
3611
3612
3612
3612
3613
3614
3614
3614
3615
3633
3633
3633
3633
3633
3633
3633
3633
3633
3633
3634
3635
3635
3635
3635
3635
3635
3635
3635
3635
3635
3635
3635
3636
3637
3637
3637
3637
3638
3638
3638
3639
3640
3640
3640
3641
3669
3669
3669
3669
3669
3669
3669
3669
3669
3669
3670
3671
3671
3671
3671
3671
3671
3671
3671
3671
3671
3671
3671
3672
3673
3673
3673
3673
3673
3673
3674
3674
3674
3674
3674
3674
3674
3674
3675
3675
3675
3676
3677
3677
3677
3678
3716
3716
3716
3716
3716
3716
3716
3716
3716
3716
3716
3716
3717
3717
3718
3719
3719
3719
3719
3719
3719
3719
3719
3719
3719
3719
3719
3719
3719
3720
3721
3721
3721
3721
3721
3721
3722
3722
3722
3722
3722
3722
3723
3723
3723
3724
3725
3725
3725
3726
3737
3737
3737
3737
3737
3737
3737
3737
3737
3738
3738
3738
3738
3738
3738
3739
3758
3758
3758
3758
3758
3758
3758
3758
3758
3758
3758
3758
3758
3758
3758
3759
3759
3759
3759
3759
3759
3759
3759
3759
3759
3759
3759
3759
3759
3759
3760
3771
3771
3771
3771
3771
3771
3771
3771
3771
3772
3772
3772
3772
3772
3772
3773
3781
3781
3781
3781
3781
3781
3781
3781
3782
3783
3783
3783
3783
3783
3783
3784
3793
3793
3793
3793
3793
3793
3793
3793
3793
3793
3794
3795
3795
3795
3795
3795
3795
3795
3795
3795
3795
3795
3796
3812
3812
3813
3813
3813
3813
3813
3813
3813
3813
3813
3814
3814
3814
3814
3814
3814
3814
3814
3814
3814
3814
3814
3814
3814
3815
3827
3827
3827
3827
3827
3827
3827
3827
3827
3828
3828
3828
3828
3828
3828
3829
3838
3838
3838
3838
3838
3838
3838
3838
3838
3839
3839
3839
3839
3840
3851
3851
3851
3851
3851
3851
3851
3851
3852
3853
3853
3853
3853
3854
3865
3865
3865
3865
3865
3865
3865
3865
3865
3865
3866
3867
3867
3867
3867
3867
3867
3867
3867
3867
3867
3867
3868
3886
3886
3886
3886
3886
3886
3886
3886
3887
3888
3888
3888
3888
3888
3888
3888
3889
3889
3889
3889
3890
3891
3900
3900
3900
3900
3900
3900
3900
3900
3900
3901
3901
3901
3901
3902
3918
3918
3918
3918
3918
3918
3918
3918
3918
3919
3919
3919
3919
3919
3919
3920
3922
3922
3922
3922
3922
3922
3922
3922
3922
3922
3922
3922
3922
3922
3922
3922
3923
3923
3924
3925
3925
3925
3925
3925
3925
3925
3925
3925
3925
3925
3925
3925
3925
3926
3952
3952
3952
3952
3952
3952
3952
3952
3952
3952
3952
3952
3953
3953
3954
3955
3955
3955
3955
3955
3955
3955
3955
3955
3955
3955
3955
3956
3958
3958
3958
3958
3958
3958
3958
3958
3958
3958
3958
3958
3959
3959
3960
3961
3961
3961
3961
3961
3961
3961
3961
3961
3961
3961
3961
3962
3992
3992
3992
3992
3992
3992
3992
3992
3992
3992
3993
3994
3994
3994
3994
3994
3994
3994
3994
3994
3994
3995
4021
4021
4021
4021
4021
4021
4021
4021
4021
4021
4022
4023
4023
4023
4023
4023
4023
4023
4023
4023
4023
4023
4023
4024
4052
4052
4052
4052
4052
4052
4052
4052
4052
4052
4052
4052
4053
4053
4054
4055
4055
4055
4055
4055
4055
4055
4055
4055
4055
4055
4055
4056
4086
4086
4086
4086
4086
4086
4086
4087
4088
4088
4088
4088
4088
4088
4088
4088
4088
4088
4089
4121
4121
4121
4121
4121
4121
4121
4121
4121
4121
4122
4123
4123
4123
4123
4123
4123
4123
4123
4123
4123
4124
4139
4139
4139
4139
4139
4139
4139
4139
4139
4139
4140
4141
4141
4141
4141
4141
4141
4141
4141
4141
4141
4141
4142
4143
4144
