18
18
18
18
18
18
18
18
18
18
18
18
18
20
20
20
20
20
20
20
22
22
22
22
22
22
22
22
22
22
22
22
22
22
22
23
23
23
23
23
23
23
23
23
23
23
23
23
38
38
38
38
39
41
41
41
41
41
41
41
41
41
41
41
42
43
43
43
43
45
45
45
45
45
45
45
47
48
49
49
49
49
49
49
49
49
49
50
51
51
51
51
51
51
52
53
53
53
53
53
53
54
54
54
54
54
54
54
55
57
57
57
57
57
57
57
57
57
57
57
57
57
57
57
57
58
58
58
58
58
58
58
58
58
60
61
62
62
62
62
62
62
63
64
64
64
64
64
64
65
66
66
66
66
66
66
67
67
67
67
67
67
67
68
70
70
70
70
70
70
70
71
73
76
