18
18
18
18
18
18
18
18
18
18
18
18
18
19
19
19
19
19
19
19
21
21
21
21
21
21
21
21
21
21
21
21
21
22
22
22
22
22
22
22
22
22
22
22
22
22
29
29
29
29
29
31
33
33
33
33
33
34
34
34
38
38
38
38
38
38
39
40
40
41
41
42
42
43
43
43
53
53
53
53
54
55
55
55
55
55
56
70
70
70
70
70
70
70
71
72
72
72
72
72
73
73
73
73
73
74
82
82
83
83
83
83
83
83
84
84
84
84
85
85
85
85
86
86
87
87
87
88
100
100
101
101
101
101
101
101
101
101
102
104
104
104
104
104
104
104
104
104
105
105
105
105
105
105
105
106
107
107
107
107
107
107
107
107
107
108
108
108
108
108
108
108
108
108
109
109
109
109
109
109
109
109
109
110
110
110
110
110
110
110
110
110
110
110
110
110
110
110
110
111
111
111
111
111
111
111
111
111
112
113
114
114
114
114
114
114
114
114
114
114
114
114
115
116
116
116
116
116
116
117
119
123
123
123
123
123
123
123
123
123
123
123
123
123
123
123
123
123
123
123
123
123
123
123
123
124
125
125
125
125
125
125
125
125
125
126
127
128
129
129
129
129
129
129
129
129
129
130
134
134
134
134
134
134
134
134
134
134
134
137
137
137
137
137
137
137
137
137
137
137
137
137
137
137
137
139
139
139
140
141
141
141
143
145
146
