18
18
18
18
18
18
18
18
18
18
18
20
20
20
20
20
20
20
21
21
21
21
21
21
21
22
22
22
22
22
22
22
23
23
23
23
23
23
23
24
24
24
24
24
24
24
25
25
25
25
25
25
25
27
27
27
27
27
27
27
27
27
27
27
27
27
51
51
51
51
51
52
54
54
54
54
54
54
54
54
54
55
56
56
56
56
56
57
57
57
57
59
59
59
59
59
59
59
59
61
61
61
61
61
61
61
61
61
61
62
62
62
63
65
65
65
65
65
65
67
68
69
69
69
69
69
69
69
69
69
69
69
69
69
71
71
71
71
71
71
71
71
71
71
72
72
72
73
75
75
75
75
75
75
75
75
75
75
75
75
75
76
77
77
77
77
77
77
78
79
79
79
80
82
82
82
82
82
82
82
82
82
83
85
85
85
85
85
85
85
85
86
87
87
87
88
88
88
88
90
90
90
90
90
90
90
90
92
92
92
92
92
92
92
92
92
92
93
93
93
94
96
96
96
96
98
99
100
100
100
100
100
100
100
100
100
100
100
100
100
102
102
102
102
102
102
102
102
102
102
103
103
103
104
106
106
106
106
106
106
106
106
107
108
108
108
108
108
108
109
110
110
110
111
113
113
113
113
113
113
113
113
113
114
123
123
123
123
123
123
123
124
125
125
125
125
125
125
125
125
125
125
125
125
125
125
126
126
126
126
127
127
127
128
129
129
129
131
148
148
148
148
148
148
148
148
148
148
149
150
150
150
150
150
150
150
150
150
151
151
151
151
151
151
151
151
151
151
151
151
151
151
152
152
152
152
152
153
154
154
154
155
175
175
175
175
175
175
175
175
175
175
176
177
177
177
177
177
177
177
177
177
178
178
178
179
180
180
180
180
180
180
180
180
180
180
180
180
180
180
180
181
181
181
181
181
181
182
182
182
183
184
184
184
184
184
184
184
184
184
184
184
185
205
205
205
205
205
205
205
205
205
206
207
207
207
207
207
207
207
207
207
208
208
208
209
210
210
210
210
210
210
210
210
210
210
210
210
210
210
211
211
211
212
213
213
213
213
216
216
216
216
216
216
216
216
216
216
216
216
216
216
216
216
216
216
218
218
218
218
218
218
218
218
218
218
218
218
218
218
221
221
221
221
221
221
221
221
221
221
221
221
221
221
221
221
221
222
222
222
222
222
222
222
222
222
222
222
222
222
222
223
225
225
225
226
246
246
246
246
246
246
246
246
247
247
248
249
249
249
249
249
249
249
249
249
250
250
250
251
252
252
252
252
252
252
252
252
252
252
252
252
252
252
252
253
253
253
253
253
253
254
254
254
255
256
256
256
256
256
256
256
256
256
256
256
257
277
277
277
277
277
277
277
277
277
278
279
279
279
279
279
279
279
279
279
280
280
280
281
282
282
282
282
282
282
282
282
282
282
282
282
282
282
283
283
283
284
285
285
285
285
288
288
288
288
288
288
288
288
288
288
288
288
288
288
288
288
288
288
290
290
290
290
290
290
290
290
290
290
290
290
290
290
293
293
293
293
293
293
293
293
293
293
293
293
293
293
293
293
293
294
294
294
294
294
294
294
294
294
294
294
294
294
294
295
297
297
297
298
318
318
318
318
318
318
318
318
318
318
318
318
318
318
319
320
320
320
320
320
320
320
320
320
321
321
321
322
324
324
324
324
324
324
324
324
324
324
324
324
324
324
324
324
325
325
325
326
328
328
328
328
328
328
328
328
328
328
328
328
328
328
328
328
329
329
329
330
332
332
332
332
332
334
334
334
335
370
370
370
370
370
370
370
370
370
370
370
370
370
370
370
371
371
371
371
372
373
373
373
374
374
374
374
374
374
375
375
375
375
376
376
376
376
377
377
377
377
379
379
379
379
379
379
379
379
379
380
380
380
381
383
383
383
383
383
383
383
383
383
384
384
384
384
385
385
385
385
385
385
385
385
385
385
385
385
385
385
385
385
386
386
386
386
386
386
386
386
388
388
388
388
388
388
388
388
388
388
388
388
388
388
388
388
389
389
389
389
389
389
389
389
389
389
389
390
390
390
390
390
390
390
391
391
391
391
391
391
391
392
393
393
393
393
393
393
393
393
393
393
393
393
394
396
396
396
396
396
396
396
396
397
397
397
397
397
397
397
398
398
398
398
398
398
398
399
399
399
399
399
399
399
399
399
399
399
401
401
401
401
401
401
401
401
401
401
401
401
401
401
401
401
401
401
401
401
402
402
402
403
405
405
405
405
405
407
407
407
408
426
426
426
426
426
426
426
427
428
428
428
428
428
428
428
428
428
429
429
429
429
429
430
431
431
431
431
431
431
431
432
432
432
432
432
432
432
433
448
448
448
448
448
448
448
449
450
450
450
450
450
450
450
450
450
451
451
451
451
451
451
451
451
451
451
451
451
452
453
453
453
454
467
467
467
467
467
467
467
468
469
469
469
469
469
469
469
469
469
470
470
470
470
470
470
470
470
470
470
470
470
471
472
472
472
473
501
501
501
501
501
501
501
501
501
501
502
503
503
503
503
503
503
503
503
503
504
504
504
505
506
506
506
506
506
506
506
506
506
506
506
506
506
506
506
506
506
506
506
506
506
507
507
507
508
510
510
510
510
510
510
510
511
542
542
542
542
542
542
542
542
542
542
542
542
543
543
544
545
545
545
545
545
545
545
545
545
545
545
545
545
546
546
546
547
548
548
548
548
548
548
548
548
548
548
548
548
548
548
548
548
548
549
549
549
549
549
549
549
549
549
549
549
549
549
550
550
550
551
553
553
553
553
553
553
553
554
572
572
572
572
572
572
572
573
574
574
574
574
574
574
574
574
574
575
575
575
576
577
577
577
577
577
577
577
577
577
577
577
577
577
577
578
578
578
579
580
580
580
580
580
580
580
580
580
580
580
581
584
586
