6
6
6
6
6
6
6
6
6
8
8
8
8
8
8
8
8
8
8
8
8
8
8
9
9
9
9
9
9
9
9
9
9
9
9
9
9
10
10
10
10
10
10
10
10
10
10
10
10
10
10
11
11
11
11
11
11
11
11
11
11
11
11
11
11
12
12
12
12
12
12
12
12
12
12
12
12
12
12
13
13
13
13
13
13
13
13
13
13
13
13
13
13
14
14
14
14
14
14
14
14
14
14
14
14
14
14
15
15
15
15
15
15
15
15
15
15
15
15
15
15
16
16
16
16
16
16
16
16
16
16
16
16
16
16
17
17
17
17
17
17
17
17
17
17
17
17
17
17
18
18
18
18
18
18
18
18
18
18
18
18
18
18
19
19
19
19
19
19
19
19
19
19
19
19
19
19
21
21
21
21
21
21
21
22
22
22
22
22
22
22
23
23
23
23
23
23
23
24
24
24
24
24
24
24
25
25
25
25
25
25
25
27
27
27
27
27
27
27
27
27
27
27
28
28
28
28
28
28
28
28
28
28
28
29
29
29
29
29
29
29
29
29
29
29
30
30
30
30
30
30
30
30
30
30
30
31
31
31
31
31
31
31
31
31
31
31
32
32
32
32
32
32
32
32
32
32
32
33
33
33
33
33
33
33
33
33
33
33
34
34
34
34
34
34
34
34
34
34
34
35
35
35
35
35
35
35
35
35
35
35
36
36
36
36
36
36
36
36
36
36
36
37
37
37
37
37
37
37
37
37
37
37
38
38
38
38
38
38
38
39
39
39
39
39
39
39
41
41
41
41
41
42
43
43
43
43
43
43
43
43
43
43
43
43
43
43
43
45
45
45
45
45
45
45
45
45
45
45
45
45
45
45
45
45
45
45
45
45
45
46
46
46
46
46
48
48
48
48
48
48
49
50
50
50
50
50
50
51
53
53
54
54
54
54
54
54
54
55
56
56
56
56
56
56
57
58
58
59
61
61
61
61
61
61
61
61
61
62
63
63
64
66
67
68
68
68
68
68
68
68
68
68
69
69
69
69
69
69
69
69
69
69
69
69
69
71
71
71
71
71
71
71
71
71
71
71
72
73
73
73
73
73
73
73
73
73
74
75
76
76
76
76
76
77
78
78
78
78
78
78
78
78
78
79
80
82
82
83
83
83
83
83
84
86
88
88
88
88
88
88
88
89
90
90
90
90
90
90
90
90
90
90
90
90
90
90
90
90
90
90
90
90
90
90
90
91
92
92
92
92
92
92
92
92
92
92
92
92
92
92
92
93
93
93
93
93
93
93
93
93
93
93
93
93
93
94
94
94
94
94
94
94
94
94
94
94
95
96
96
96
96
96
96
96
97
98
99
101
101
101
101
101
101
101
101
102
103
103
103
103
103
103
103
103
103
103
103
103
103
103
103
104
104
104
104
104
105
105
105
105
105
107
107
107
107
107
107
107
107
107
107
107
107
107
107
107
107
107
107
107
107
107
107
108
109
109
109
109
109
109
110
110
110
110
110
110
111
111
111
111
111
111
112
114
114
115
115
115
115
115
115
115
115
115
115
115
115
116
117
117
117
117
117
117
117
118
120
120
120
120
120
120
120
120
120
120
121
122
122
122
122
122
124
124
124
124
124
124
124
124
124
124
124
125
126
126
126
126
126
126
126
126
126
128
128
128
128
128
128
128
128
128
128
128
128
128
128
130
130
130
130
131
132
132
132
133
134
134
134
134
134
134
134
134
134
135
135
136
138
138
138
139
140
140
140
140
140
140
140
140
140
141
141
142
144
144
144
145
146
146
146
146
146
146
146
146
146
146
147
147
147
147
147
147
147
147
147
147
147
147
147
147
147
149
149
149
149
149
149
150
151
151
151
151
151
151
151
151
151
152
152
152
152
152
152
152
152
152
153
155
155
155
155
155
155
155
155
155
155
155
155
155
155
157
157
157
157
157
157
158
159
159
159
159
159
159
159
159
159
160
161
162
163
163
163
163
163
163
163
163
163
164
164
164
164
164
164
164
164
164
164
165
165
165
165
165
165
166
167
167
167
167
167
167
167
167
167
167
168
168
168
168
168
168
168
168
168
168
168
168
168
168
168
168
168
168
168
169
169
169
169
169
169
169
169
169
169
170
170
170
170
170
170
170
170
170
171
172
172
172
172
172
172
172
173
173
173
173
173
173
174
175
175
175
175
177
177
178
180
180
180
181
182
182
183
185
185
185
186
187
187
187
187
187
187
187
188
188
189
191
191
191
192
193
193
193
193
193
193
193
193
193
193
195
195
195
195
195
195
195
195
195
196
197
197
197
197
197
197
197
198
199
200
201
201
201
201
201
201
201
201
201
202
204
204
205
207
207
208
208
208
208
208
209
209
210
211
212
213
215
215
215
215
216
217
217
217
217
218
218
218
218
219
219
219
219
220
220
220
220
220
220
220
220
220
220
220
220
220
220
222
222
222
222
222
222
222
222
222
223
224
224
224
224
224
224
225
225
225
225
225
225
226
228
228
228
228
228
229
230
230
230
231
233
233
233
233
233
233
233
234
235
235
235
235
235
235
235
236
238
238
239
239
239
239
239
239
239
240
241
241
241
241
241
241
242
243
243
243
244
245
245
245
245
245
245
245
245
245
245
245
245
245
245
245
245
246
247
247
247
248
249
249
249
249
249
249
249
249
250
250
250
250
250
250
250
250
250
250
251
253
253
254
254
254
254
254
255
256
256
256
256
256
256
256
257
259
259
260
260
260
260
260
261
262
262
262
263
263
263
263
263
263
264
264
264
264
265
265
265
265
266
266
266
266
267
267
268
269
270
271
