6
6
6
6
6
6
6
6
6
8
8
8
8
8
8
8
8
8
8
8
8
8
8
9
9
9
9
9
9
9
9
9
9
9
9
9
9
10
10
10
10
10
10
10
10
10
10
10
10
10
10
11
11
11
11
11
11
11
11
11
11
11
11
11
11
12
12
12
12
12
12
12
12
12
12
12
12
12
12
13
13
13
13
13
13
13
13
13
13
13
13
13
13
14
14
14
14
14
14
14
14
14
14
14
14
14
14
15
15
15
15
15
15
15
15
15
15
15
15
15
15
17
17
17
17
17
17
17
18
18
18
18
18
18
18
20
20
20
20
20
20
20
20
20
20
20
21
21
21
21
21
21
21
21
21
21
21
22
22
22
22
22
22
22
22
22
22
22
23
23
23
23
23
23
23
23
23
23
23
24
24
24
24
24
24
24
24
24
24
24
26
26
26
27
28
28
28
28
28
28
28
28
28
28
28
29
30
30
30
30
30
30
30
30
32
32
32
32
32
32
32
32
32
32
32
32
33
33
33
33
33
33
33
33
33
33
33
33
34
34
34
34
34
34
34
34
34
34
34
34
35
35
35
35
35
35
35
35
35
35
35
35
36
36
36
36
36
36
36
36
36
36
36
36
37
37
37
37
37
37
37
37
37
37
37
37
38
38
38
38
38
38
38
38
38
38
38
38
39
39
39
39
39
39
39
39
39
39
39
39
40
40
40
40
40
40
40
40
40
40
40
40
41
41
41
41
41
41
41
41
41
41
41
41
42
42
42
42
42
42
42
44
44
44
44
44
44
44
46
46
46
46
46
46
46
46
46
46
46
46
46
46
46
46
48
48
48
48
48
48
48
49
50
50
50
50
50
50
50
50
50
51
53
53
53
53
53
53
53
54
56
56
56
56
56
56
56
56
56
56
56
56
56
56
57
58
58
58
58
58
58
58
58
58
58
58
58
60
60
60
60
60
60
60
61
62
62
62
62
62
62
62
62
62
63
65
65
65
65
65
65
65
65
65
65
65
65
67
67
67
67
67
67
67
68
69
69
69
69
69
69
69
69
69
69
69
70
71
71
71
71
71
71
71
71
71
73
73
73
73
73
73
73
74
75
75
75
75
75
75
75
75
75
75
75
75
75
75
75
75
77
77
77
77
77
77
77
77
77
77
77
77
77
77
77
77
79
79
79
79
79
79
79
79
79
79
79
79
79
79
79
79
79
79
79
81
81
81
81
81
81
81
81
81
81
81
81
81
81
81
81
83
83
83
83
83
83
83
83
83
83
83
83
83
83
83
83
83
83
83
85
85
85
85
85
85
85
85
85
85
85
85
85
85
85
85
85
85
85
87
87
87
87
87
87
87
87
87
87
87
87
87
87
87
87
87
87
87
89
89
89
89
89
89
89
89
89
89
89
89
89
89
89
91
91
91
91
91
91
91
91
91
91
91
91
91
91
91
91
91
91
91
93
93
93
93
93
93
93
93
93
93
93
93
93
93
93
93
93
93
93
95
95
95
95
95
95
95
95
95
95
95
95
95
95
97
97
97
97
97
97
97
98
99
100
101
103
103
103
103
103
103
103
103
104
105
105
105
105
105
107
107
107
107
107
107
107
107
107
109
109
109
109
109
109
110
111
111
111
111
111
111
111
111
112
114
114
114
115
117
117
117
117
117
117
117
117
117
117
117
117
117
117
118
119
119
119
119
119
121
121
121
121
121
121
122
123
123
123
123
123
123
123
123
123
123
123
123
123
123
123
124
126
126
126
127
129
129
129
129
129
129
129
129
129
129
129
129
129
129
130
131
131
131
131
131
133
133
133
133
133
133
134
135
135
135
135
135
135
135
135
135
135
135
135
135
135
135
136
138
138
138
139
141
141
141
141
141
141
141
141
141
141
141
141
141
141
141
141
141
141
141
142
143
143
143
143
143
145
145
145
145
145
145
145
145
145
146
147
147
147
147
147
147
147
147
147
148
150
150
150
151
152
152
