6
6
6
6
6
6
6
6
6
6
6
8
8
8
8
8
8
8
9
9
9
9
9
9
9
9
9
9
9
10
10
10
10
10
10
10
10
10
10
10
10
10
11
11
11
11
11
11
11
11
11
11
11
11
11
12
12
12
12
12
12
12
12
12
12
12
12
12
13
13
13
13
13
13
13
13
13
13
13
15
15
15
15
15
16
17
17
17
17
19
19
19
19
21
21
21
21
21
21
22
23
23
23
23
23
23
23
25
25
25
25
25
25
26
28
28
29
29
29
29
29
30
31
31
31
31
31
31
31
31
32
34
34
34
34
34
34
34
34
34
34
35
36
36
36
36
36
36
36
36
36
38
38
38
38
38
38
38
38
38
38
38
38
40
40
40
40
40
40
40
40
40
40
40
40
40
41
43
43
44
44
44
44
44
44
44
44
44
44
45
46
46
46
46
46
46
46
46
46
46
46
46
48
48
48
48
48
48
48
49
50
50
50
50
50
50
50
50
50
52
52
52
52
53
54
54
54
55
55
55
56
56
56
57
57
57
58
58
58
59
59
59
59
59
59
59
60
60
62
62
63
63
64
65
67
68
69
