6
6
6
6
6
6
6
6
6
8
8
8
8
8
8
8
8
8
8
8
9
9
9
9
9
9
9
10
10
10
10
10
10
10
12
12
12
13
14
14
14
14
14
14
14
14
14
14
14
14
14
14
14
16
16
16
16
16
16
16
16
17
18
18
18
18
18
20
20
20
20
20
20
21
22
22
22
22
22
22
22
22
22
22
24
24
24
24
24
24
24
24
24
24
26
26
26
26
26
26
26
26
26
26
26
26
26
26
26
26
26
26
26
28
28
28
28
28
28
29
30
30
30
30
30
30
30
30
30
30
30
30
30
32
32
32
32
32
32
32
32
32
32
32
32
32
32
34
34
34
34
34
34
34
34
34
35
36
36
36
36
37
38
38
38
38
38
38
38
38
38
38
39
40
40
40
40
41
42
43
44
44
44
44
44
44
44
44
46
46
46
46
46
48
48
48
48
48
48
48
48
48
48
48
48
48
48
48
48
48
48
49
50
50
50
50
50
50
50
50
50
50
52
52
52
52
52
52
52
52
52
53
54
54
54
54
55
55
55
55
55
55
55
56
57
57
57
57
57
58
59
59
60
61
63
64
65
65
65
65
65
65
65
65
65
65
65
65
65
66
67
67
67
67
67
68
69
69
69
69
69
69
69
69
69
70
71
72
73
75
75
75
76
77
78
