17
17
17
17
17
17
17
17
17
17
17
45
45
45
45
47
47
47
47
47
48
48
48
48
48
49
49
49
49
49
50
50
50
50
50
52
52
52
52
52
53
53
53
53
53
54
54
54
54
54
55
55
55
55
55
56
56
56
56
56
57
57
57
57
57
58
58
58
58
58
59
59
59
59
59
60
60
60
60
60
61
61
61
61
61
62
62
62
62
62
63
63
63
63
63
64
64
64
64
64
66
66
66
66
66
67
67
67
67
67
68
68
68
68
68
69
69
69
69
69
70
70
70
70
70
71
71
71
71
71
72
72
72
72
72
73
73
73
73
73
74
74
74
74
74
75
75
75
75
75
76
76
76
76
76
77
77
77
77
77
78
78
78
78
78
79
79
79
79
79
80
80
80
80
80
81
81
81
81
81
82
82
82
82
82
83
83
83
83
83
84
84
84
84
84
85
85
85
85
85
86
86
86
86
86
87
87
87
87
87
88
88
88
88
88
89
89
89
89
89
90
90
90
90
90
91
91
91
91
91
92
92
92
92
92
93
93
93
93
93
94
94
94
94
94
95
95
95
95
95
97
97
97
97
97
104
104
104
104
104
104
104
111
111
111
111
111
111
111
119
119
119
119
119
119
119
119
119
119
127
127
127
127
127
127
127
127
127
136
136
136
136
136
136
136
136
136
136
146
146
146
146
146
146
146
146
146
146
156
156
156
156
156
156
156
156
156
156
166
166
166
166
166
166
166
166
166
166
176
176
176
176
176
176
176
176
176
176
186
186
186
186
186
186
186
186
186
186
196
196
196
196
196
196
196
196
196
196
206
206
206
206
206
206
206
206
206
206
216
216
216
216
216
216
216
216
216
216
226
226
226
226
226
226
226
226
226
226
234
234
234
234
234
234
234
242
242
242
242
242
242
242
252
252
252
252
252
252
252
252
252
252
252
252
262
262
262
262
262
262
262
262
262
262
262
262
271
271
271
271
271
271
271
271
271
280
280
280
280
280
280
280
280
280
288
288
288
288
288
288
288
288
288
296
296
296
296
296
296
296
304
304
304
304
304
304
304
313
313
313
313
313
313
313
323
323
323
323
323
323
323
323
323
323
323
323
323
323
323
332
332
332
332
332
332
332
332
332
332
332
332
342
342
342
343
343
343
344
344
344
344
344
345
345
345
345
345
345
346
347
