17
17
17
17
17
17
17
17
17
17
17
17
17
19
19
19
19
19
19
19
20
20
20
20
20
20
20
21
21
21
21
21
21
21
22
22
22
22
22
22
22
23
23
23
23
23
23
23
25
25
25
25
25
25
25
25
25
25
25
26
26
26
26
26
26
26
26
26
26
26
27
27
27
27
27
27
27
27
27
27
27
28
28
28
28
28
28
28
28
28
28
28
29
29
29
29
29
29
29
29
29
29
29
30
30
30
30
30
30
30
30
30
30
30
30
30
31
31
31
31
31
31
31
31
31
31
31
31
31
32
32
32
32
32
32
32
32
32
32
32
32
32
33
33
33
33
33
33
33
33
33
33
33
33
33
33
33
34
34
34
34
34
34
34
34
34
34
34
34
34
34
34
40
40
40
40
40
40
42
42
42
42
42
42
42
42
42
42
42
42
42
43
43
43
43
43
50
50
50
50
50
50
50
50
50
50
50
50
50
50
51
51
51
51
51
52
52
52
52
52
52
53
59
59
59
59
59
59
60
60
60
61
67
67
67
67
67
67
68
68
68
68
68
69
69
69
69
69
70
70
70
71
71
71
71
71
72
72
72
73
73
73
73
73
74
74
74
75
75
75
75
75
76
76
76
77
77
77
77
77
78
78
78
79
79
79
79
79
80
80
80
81
81
81
81
81
82
82
82
83
83
83
83
83
84
84
84
85
85
85
85
85
86
86
86
87
87
87
87
87
88
88
88
89
89
89
89
89
90
90
90
91
91
91
91
91
92
92
92
93
93
93
93
93
94
94
94
95
95
95
95
95
96
96
96
97
97
97
97
97
98
98
98
99
99
99
99
99
100
100
100
101
101
101
101
101
102
102
102
103
103
103
103
103
104
104
104
105
105
105
105
105
106
106
106
107
107
107
107
107
108
108
108
109
109
109
109
109
110
110
110
111
111
111
111
111
112
112
112
113
113
113
113
113
114
114
114
115
115
115
115
115
116
116
116
117
117
117
117
117
118
118
118
119
119
119
119
119
120
120
120
121
121
121
121
121
122
122
122
123
123
123
123
123
124
124
124
125
125
125
125
125
126
126
126
127
127
127
127
127
128
128
128
129
129
130
130
130
130
130
130
130
131
132
138
138
138
138
138
138
139
139
139
139
139
139
140
146
146
146
146
146
146
147
147
147
147
147
147
148
154
154
154
154
154
154
155
155
155
155
155
155
156
162
162
162
162
162
162
163
163
163
163
163
163
163
164
164
164
165
166
166
166
166
166
167
175
175
176
176
176
176
176
176
177
177
177
177
177
177
177
177
177
178
178
178
179
181
181
181
181
181
182
182
182
182
182
183
183
183
183
183
184
184
184
186
186
186
186
186
187
187
187
187
187
188
188
188
188
188
189
189
189
189
189
190
190
190
190
190
191
191
191
191
191
192
192
192
192
192
193
193
193
193
193
193
193
193
193
193
193
195
195
195
195
195
196
196
196
196
196
196
196
196
196
196
196
198
198
198
198
198
199
199
199
199
199
200
200
200
200
200
201
201
201
201
201
202
202
202
202
202
203
203
203
203
203
204
204
204
204
204
205
205
205
205
205
206
206
206
206
206
207
207
207
207
207
208
208
208
208
208
209
209
209
209
209
210
210
210
210
210
211
211
211
211
211
212
212
212
212
212
213
213
213
213
213
214
214
214
214
214
215
215
215
215
215
216
216
216
216
216
217
217
218
218
218
219
220
222
222
223
223
223
223
223
223
224
224
224
224
224
224
224
224
224
225
225
225
225
225
225
225
225
225
226
226
226
226
226
226
226
227
227
227
227
227
227
227
227
227
227
228
228
228
228
228
228
228
229
229
229
229
229
229
229
229
229
229
229
229
229
229
229
229
229
230
230
230
230
230
230
230
231
231
231
231
231
231
231
232
233
233
233
233
233
233
233
233
233
233
234
235
236
236
236
236
236
236
236
237
237
237
237
237
237
237
238
240
240
241
241
241
241
241
241
241
241
241
242
242
242
242
242
242
243
245
245
246
246
246
246
246
246
246
246
246
247
247
247
247
247
248
248
248
248
248
249
249
249
249
249
249
250
250
250
250
250
251
251
251
251
251
251
252
252
252
252
252
253
253
253
253
253
253
254
254
254
254
254
255
255
255
255
255
255
256
256
256
256
256
257
257
257
257
257
257
258
258
258
258
258
259
259
259
259
259
259
260
260
260
260
260
261
261
261
261
261
261
262
262
262
262
262
263
263
263
263
263
263
264
264
264
264
264
265
265
265
265
265
265
266
266
266
266
266
267
267
267
267
267
267
268
268
268
268
268
269
269
269
269
269
269
270
270
270
270
270
271
271
271
271
271
271
272
272
272
272
272
273
273
273
273
273
273
274
274
274
274
274
275
275
275
275
275
275
276
276
276
276
276
277
277
277
277
277
277
278
278
278
278
278
279
279
279
279
279
279
280
280
280
280
280
281
281
281
281
281
281
282
282
282
282
282
283
283
283
283
283
283
284
284
284
284
284
285
285
285
285
285
285
286
286
286
286
286
287
287
287
287
287
287
288
288
288
288
288
289
289
289
289
289
289
290
290
290
290
290
291
291
291
291
291
291
292
292
292
292
292
293
293
293
293
293
293
294
294
294
294
294
295
295
295
295
295
295
296
296
296
296
296
297
297
297
297
297
297
298
298
298
298
298
299
299
299
299
299
299
300
300
300
300
300
301
301
301
301
301
301
302
302
302
302
302
303
303
303
303
303
303
304
304
304
304
304
305
305
305
305
305
305
306
306
306
306
306
307
307
307
307
307
307
308
308
308
308
308
309
309
309
309
309
309
310
310
311
311
311
312
313
320
320
320
320
320
320
320
320
320
321
321
321
321
321
324
324
324
324
324
324
324
324
324
324
325
325
325
325
325
325
326
326
326
326
326
327
327
327
327
327
327
327
327
327
328
328
328
329
332
332
332
332
332
332
332
333
333
333
333
333
333
333
334
335
335
335
335
335
335
335
335
336
343
343
343
343
343
343
343
343
343
344
344
344
344
344
345
345
345
345
345
345
345
345
345
345
345
345
346
353
353
353
353
353
353
353
353
353
354
354
354
354
354
355
355
355
355
355
355
355
355
356
356
356
356
356
357
357
357
357
357
357
357
357
357
357
358
358
358
358
358
358
358
359
359
359
359
359
359
359
359
359
359
359
359
359
360
361
361
361
361
361
361
361
362
362
362
362
362
362
362
362
362
363
363
363
363
363
363
363
363
363
364
364
364
364
364
364
365
365
365
366
367
368
368
368
368
368
368
368
368
369
369
369
369
369
369
369
369
369
369
369
369
369
370
371
371
371
371
371
371
371
371
372
372
372
372
373
374
374
375
375
375
375
376
377
377
377
377
377
377
377
377
378
385
385
385
385
385
385
385
385
385
386
386
386
386
386
387
387
387
387
387
387
387
387
387
387
387
387
387
387
387
387
387
387
388
388
388
388
388
388
388
388
388
388
388
388
388
389
389
389
389
389
389
389
390
390
390
390
390
391
392
392
392
392
392
392
392
392
392
392
392
392
392
392
392
392
393
400
400
400
400
400
400
400
400
400
401
401
401
401
401
402
402
402
402
402
402
402
402
402
402
402
402
402
402
402
402
402
402
403
403
403
403
403
403
403
403
403
403
404
404
404
404
404
404
404
404
404
404
404
404
404
405
405
405
405
405
405
405
405
405
405
406
413
413
413
413
413
413
413
413
413
414
414
414
414
414
415
415
415
415
415
415
415
415
415
415
415
415
415
415
415
415
415
415
416
416
416
416
416
416
416
416
416
416
416
416
417
417
417
417
417
418
418
418
418
418
418
418
419
419
419
419
419
419
419
420
420
420
420
420
420
420
420
420
421
421
421
421
421
421
421
421
421
421
421
421
421
421
421
421
421
422
423
423
424
424
424
424
424
424
424
424
424
424
424
424
425
426
427
427
427
427
427
427
427
427
427
427
428
428
428
428
428
428
428
428
428
428
428
428
429
429
429
429
429
429
429
429
429
429
429
429
429
430
430
430
430
430
430
430
430
430
431
431
431
431
431
431
431
432
432
432
432
432
432
432
432
432
433
433
433
433
433
433
433
433
433
433
433
433
433
433
433
433
433
434
434
434
434
434
434
434
434
434
434
434
434
434
434
435
436
436
436
436
437
438
438
438
438
438
438
438
438
438
439
446
446
446
446
446
446
446
446
446
447
447
447
447
447
447
447
447
447
448
448
448
448
448
448
448
448
448
448
449
449
449
449
449
449
449
449
449
449
450
450
450
450
450
450
450
450
450
451
452
452
452
452
452
453
453
453
453
453
453
453
453
453
453
453
453
453
454
454
454
454
454
454
454
455
455
455
455
455
455
455
455
455
456
456
456
456
456
456
456
456
456
457
457
457
457
457
457
457
457
457
457
457
457
457
458
458
458
458
458
458
458
458
458
458
459
459
459
459
459
459
459
459
459
460
461
462
462
462
463
470
470
470
470
470
470
470
470
470
471
471
471
471
471
471
471
471
471
472
472
472
472
472
472
472
472
472
472
473
473
473
473
473
473
473
473
473
473
473
474
475
475
475
475
475
476
476
476
476
476
476
476
476
476
476
476
476
476
477
477
477
477
477
477
477
478
478
478
478
478
478
478
478
478
479
479
479
479
479
479
479
479
479
480
480
480
480
480
480
480
480
480
480
480
480
480
481
481
481
481
481
481
481
481
481
481
481
482
483
484
484
484
485
492
492
492
492
492
492
492
492
492
493
493
493
493
493
493
493
493
493
494
494
494
494
494
494
494
494
494
494
495
495
495
495
495
495
495
495
495
495
495
496
497
497
497
497
497
498
498
498
498
498
498
498
498
498
498
498
498
498
499
499
499
499
499
499
499
500
500
500
500
500
500
500
500
500
501
501
501
501
501
501
501
501
501
502
502
502
502
502
502
502
502
502
502
502
502
502
503
503
503
503
503
503
503
503
503
503
503
504
505
506
506
506
507
514
514
514
514
514
514
514
514
514
515
515
515
515
515
515
515
515
515
516
516
516
516
516
516
516
516
516
516
516
516
517
518
518
518
518
518
519
519
519
519
519
519
519
519
519
519
519
519
519
519
519
520
527
527
527
527
527
527
527
527
527
528
528
528
528
528
528
528
528
528
529
529
529
529
529
530
531
531
531
531
531
531
531
531
531
532
532
532
532
532
532
532
532
532
532
533
533
533
533
533
533
533
533
533
534
534
534
534
534
534
534
534
534
534
534
534
534
534
534
534
534
535
536
536
536
536
536
536
536
537
544
544
544
544
544
544
544
544
544
545
545
545
545
545
546
546
546
546
546
546
546
546
546
546
546
546
546
546
546
546
546
546
547
547
547
547
547
547
547
547
547
547
547
547
547
547
547
547
547
547
548
548
548
548
548
548
548
548
548
548
548
548
548
548
548
548
549
557
557
557
557
557
557
557
557
557
558
558
558
558
558
559
559
559
559
559
559
559
559
559
559
559
559
559
559
559
559
559
559
560
560
560
560
560
560
560
560
560
560
560
560
560
560
560
560
560
560
561
561
561
561
561
561
561
561
561
561
561
561
561
561
561
561
562
569
569
569
569
569
569
569
569
569
570
570
570
570
570
571
571
571
571
571
571
571
571
571
571
571
571
571
571
571
571
571
571
572
572
572
572
572
572
572
572
572
572
572
572
572
572
572
572
572
572
573
573
573
573
573
573
573
573
573
573
573
573
573
573
573
573
573
573
573
574
581
581
581
581
581
581
581
581
581
582
582
582
582
582
583
583
583
583
583
583
583
583
583
583
583
583
583
583
583
583
583
583
584
584
584
584
584
584
584
584
584
584
584
584
584
584
584
584
584
584
585
585
585
585
585
585
585
585
585
585
585
586
586
586
586
586
586
586
586
587
587
587
588
589
589
589
589
589
589
589
589
589
589
590
597
597
597
597
597
597
597
597
597
598
598
598
598
598
599
599
599
599
599
599
599
599
599
599
599
599
599
599
599
599
599
599
600
600
600
600
600
600
600
600
600
600
600
600
600
600
600
600
600
600
601
601
601
601
601
601
601
601
601
601
601
602
602
602
602
602
602
602
602
603
603
603
604
605
605
605
605
605
605
605
605
605
605
605
605
605
605
606
613
613
613
613
613
613
613
613
613
614
614
614
614
614
614
615
615
615
615
615
615
616
616
616
616
616
616
616
617
617
617
617
617
617
617
617
619
619
619
619
619
619
619
619
619
619
619
619
619
619
619
619
619
619
620
620
620
620
620
620
620
620
620
620
620
620
620
620
620
620
620
621
621
621
621
621
621
621
621
621
621
622
622
622
623
625
625
625
625
625
625
625
625
625
626
626
626
626
626
626
626
626
626
626
626
626
626
627
627
627
628
629
629
629
629
629
629
629
630
630
630
630
630
630
630
631
631
631
631
632
633
633
633
633
633
633
633
633
633
633
633
633
633
634
635
635
635
636
636
636
636
636
636
636
636
636
636
636
636
636
636
637
637
637
637
637
637
637
637
637
638
638
638
638
638
638
638
639
639
639
640
642
642
642
642
642
642
642
642
643
643
643
643
643
643
643
644
644
644
645
647
647
647
647
647
647
647
647
647
647
647
647
647
648
648
648
648
648
648
648
649
649
649
649
650
651
651
651
651
651
651
651
651
651
651
651
651
651
652
654
654
654
654
654
654
654
655
655
655
655
656
657
657
657
657
657
657
657
657
657
657
657
657
657
657
657
657
657
657
657
657
657
657
658
665
665
665
665
665
665
665
665
665
666
666
666
667
667
667
667
667
667
667
667
667
668
668
668
668
668
668
668
668
668
668
668
668
668
669
670
670
671
671
671
671
671
672
672
672
672
672
672
672
672
672
672
672
672
672
672
672
672
673
674
674
674
674
674
674
674
674
674
674
674
674
675
682
682
682
682
682
682
682
682
682
683
683
683
683
683
684
684
684
684
684
684
684
684
684
684
684
684
684
684
684
684
684
684
685
685
685
685
685
685
685
685
685
685
685
685
686
686
686
686
686
687
687
687
687
687
688
688
688
688
688
688
688
688
688
688
688
688
688
688
688
688
688
689
689
689
689
689
689
689
689
690
690
690
691
691
691
692
692
692
693
693
693
694
694
694
694
694
694
694
695
695
695
695
696
696
696
696
696
696
696
696
697
698
698
699
699
700
700
700
700
700
700
700
700
700
700
700
701
701
701
701
702
703
704
704
704
704
704
704
704
705
705
705
706
707
707
707
707
707
707
707
707
707
707
707
708
715
715
715
715
715
715
715
715
715
716
716
716
716
716
716
717
717
717
717
717
718
718
718
718
718
718
718
718
718
718
718
718
718
718
718
718
718
718
719
719
719
719
719
719
719
719
719
719
719
719
719
719
719
719
719
719
720
720
720
720
720
720
720
720
720
720
720
720
720
720
720
720
720
720
721
721
721
721
721
721
721
721
721
721
721
721
722
722
722
722
722
723
723
723
723
723
723
723
723
723
723
723
723
723
723
723
723
723
724
724
724
724
724
724
724
724
724
725
725
725
725
725
725
725
725
725
725
725
726
726
726
726
726
726
726
726
727
727
727
727
727
727
727
727
727
727
727
728
728
728
728
728
728
728
728
728
728
728
728
728
729
730
731
731
732
732
732
732
732
732
732
732
733
734
735
735
735
735
735
735
735
735
735
735
735
736
743
743
743
743
743
743
743
743
743
744
744
744
744
744
745
745
745
745
745
745
745
745
745
745
745
745
745
745
746
746
746
746
747
747
747
747
747
748
755
755
755
755
755
755
755
755
755
756
756
756
756
756
757
757
757
757
757
757
757
757
757
757
757
757
757
757
758
758
758
758
759
759
759
759
759
760
767
767
767
767
767
767
767
767
767
768
768
768
768
768
769
769
769
769
769
770
777
777
777
777
777
777
777
777
777
778
778
778
778
778
779
779
779
779
779
780
787
787
787
787
787
787
787
787
787
788
788
788
788
788
789
789
789
790
797
797
797
797
797
797
797
797
797
798
798
798
798
798
798
798
798
798
799
799
799
799
799
799
799
799
799
799
799
799
800
801
801
801
801
801
802
802
802
802
802
802
802
802
802
802
802
802
802
802
802
803
810
810
810
810
810
810
810
810
810
811
811
811
811
811
812
812
812
812
812
812
812
812
812
812
812
812
812
813
813
813
813
813
813
813
814
814
814
815
816
816
816
816
816
816
816
817
817
817
817
817
818
818
818
818
818
818
818
818
818
819
819
819
819
819
819
819
819
819
820
820
820
820
820
820
820
820
820
820
820
820
820
821
821
821
821
821
821
821
821
821
822
823
823
823
823
823
823
823
823
824
825
825
825
825
826
826
826
826
826
826
826
826
826
826
826
826
826
827
834
834
834
834
834
834
834
834
834
835
835
835
835
835
836
836
836
836
836
836
836
836
836
836
836
836
836
836
836
836
836
836
837
837
837
837
837
837
837
837
837
837
837
837
837
837
837
837
837
838
838
838
838
838
838
838
838
839
840
840
840
840
840
840
840
840
840
840
840
840
840
841
848
848
848
848
848
848
848
848
848
849
849
849
849
849
850
850
850
850
850
850
850
850
850
850
850
850
850
850
850
850
850
850
851
851
851
851
851
851
851
851
851
851
851
851
851
851
851
851
851
852
852
852
852
852
852
852
852
853
854
854
854
854
854
854
854
854
854
854
854
854
854
855
862
862
862
862
862
862
862
862
862
863
863
863
863
863
864
864
864
864
864
864
864
864
864
864
864
864
864
864
864
864
864
864
865
865
865
865
865
865
865
865
865
865
865
865
865
865
865
865
865
866
866
866
866
866
866
866
866
867
868
868
868
868
868
868
868
868
868
868
868
868
868
869
876
876
876
876
876
876
876
876
876
877
877
877
877
877
877
878
878
878
878
878
878
879
879
879
879
879
879
879
881
881
881
881
882
882
882
882
882
882
882
882
882
882
882
882
882
882
883
883
883
883
884
884
884
884
884
884
884
884
884
884
884
884
884
884
886
886
886
887
887
887
887
887
887
887
887
887
888
888
888
888
889
889
889
889
889
889
889
889
889
889
889
889
889
889
890
890
891
891
891
891
891
891
891
891
891
891
891
892
893
893
894
894
894
894
894
894
894
894
894
894
895
895
895
896
896
896
896
896
896
896
897
897
897
897
897
897
897
897
898
899
899
900
900
900
900
900
900
900
900
900
900
900
900
901
902
902
902
902
902
902
902
902
903
905
905
905
905
905
905
905
905
905
905
905
905
905
906
906
906
906
906
906
906
907
907
907
907
907
907
907
908
908
908
908
908
908
908
908
909
915
915
915
915
915
915
915
915
915
916
916
916
916
916
916
916
917
924
924
924
924
924
924
924
924
924
924
924
924
924
925
925
925
925
925
925
925
925
926
926
926
926
926
926
926
926
926
926
926
927
927
927
927
928
928
928
928
928
929
930
931
932
