17
17
17
17
17
17
17
17
17
17
17
17
17
17
17
19
19
19
19
19
19
19
19
19
19
19
19
19
19
19
20
20
20
20
20
20
20
20
20
20
20
20
20
20
20
21
21
21
21
21
21
21
21
21
21
21
21
21
21
21
22
22
22
22
22
22
22
22
22
27
27
27
27
27
27
28
28
28
28
28
29
29
29
29
29
30
30
30
30
30
31
31
31
31
31
31
32
32
32
32
32
33
33
33
33
33
33
42
42
42
43
43
43
43
44
44
44
44
45
45
45
45
46
46
46
46
46
47
47
47
47
47
47
48
48
48
48
48
48
48
48
48
48
48
48
48
49
49
49
49
49
49
49
50
50
50
50
50
50
50
50
50
50
50
50
50
51
52
52
52
52
52
52
53
53
53
53
53
53
54
56
56
57
57
57
57
57
57
58
58
58
58
58
58
58
59
59
59
59
59
60
61
61
61
61
61
61
61
61
61
61
61
61
61
61
61
62
64
64
65
65
65
65
65
65
66
66
66
67
69
69
70
70
70
70
70
70
70
70
70
71
71
71
71
71
71
71
71
71
72
72
72
72
72
72
72
72
73
73
73
74
75
76
76
76
76
76
76
76
76
76
77
77
77
77
77
77
77
77
78
78
78
79
80
81
81
81
82
88
88
88
88
88
88
89
89
89
90
90
90
90
90
90
91
91
91
91
91
91
91
92
92
92
92
93
94
94
94
94
94
94
94
94
95
95
95
95
95
95
95
95
96
97
97
98
98
98
98
98
98
98
98
99
100
100
100
100
100
100
100
100
100
100
100
100
101
101
101
101
101
101
101
101
102
103
104
104
105
105
105
105
105
105
105
105
106
106
106
106
106
106
106
106
106
106
106
106
107
107
107
107
107
107
107
107
108
109
110
110
110
110
110
111
117
117
117
117
117
117
118
118
118
119
119
119
119
119
119
120
120
120
120
120
120
120
121
121
121
121
121
121
121
122
122
122
122
122
122
122
122
123
124
124
125
125
125
125
125
125
125
125
126
127
128
128
129
129
129
129
129
129
129
129
130
131
131
131
131
131
131
131
131
131
131
131
131
132
132
132
132
132
132
132
132
133
134
135
135
136
136
136
136
136
136
136
137
137
137
137
137
137
137
138
138
138
138
138
138
138
138
139
140
140
141
141
141
141
141
141
141
141
142
143
144
144
145
145
145
145
145
145
145
145
146
147
147
147
147
147
147
147
147
147
147
147
147
148
148
148
148
148
148
148
148
149
150
151
151
151
151
151
152
158
158
158
158
158
158
159
159
159
159
159
159
159
159
159
159
160
161
162
