18
18
18
18
18
18
18
18
18
18
18
20
20
20
20
20
20
20
21
21
21
21
21
21
21
22
22
22
22
22
22
22
52
52
52
53
54
54
54
54
54
55
55
55
55
55
56
56
56
56
56
57
57
57
57
57
58
58
58
58
59
59
59
59
75
75
75
75
75
75
75
75
75
75
75
75
75
75
75
76
77
77
77
77
77
77
77
78
78
78
78
78
78
78
79
80
80
80
80
80
80
81
81
81
81
81
81
82
82
82
82
82
82
83
83
83
83
83
83
83
83
83
84
84
84
84
84
84
85
92
92
92
92
92
92
92
92
93
94
94
94
94
94
94
94
95
95
95
95
95
95
95
96
96
96
97
97
97
97
97
97
97
98
100
100
100
100
100
100
100
101
116
116
116
116
116
116
116
116
116
116
116
116
117
118
118
118
118
118
118
118
118
118
118
118
118
118
119
119
119
119
120
121
121
121
121
121
121
121
122
122
122
122
122
122
122
123
123
123
123
123
123
123
124
124
124
124
124
124
124
125
136
136
137
137
137
137
137
138
139
139
139
139
139
139
139
139
139
141
141
141
141
141
141
142
142
142
142
142
142
142
142
142
142
142
142
142
142
144
144
144
144
144
144
145
145
145
145
145
145
145
145
145
145
145
145
145
145
145
146
147
147
147
147
147
147
147
147
147
147
147
148
148
148
148
148
148
148
148
148
148
148
149
151
151
151
151
151
151
151
151
151
151
151
151
151
151
151
151
151
153
153
153
153
153
153
153
154
154
154
154
154
154
154
154
154
154
154
154
154
154
154
154
154
155
157
157
157
157
157
157
158
159
159
159
159
159
159
159
159
159
159
159
159
159
159
159
159
159
159
159
159
159
160
162
162
162
162
162
162
163
164
164
164
164
164
164
164
164
164
164
164
164
164
164
164
164
164
165
167
167
167
167
167
167
167
169
169
169
169
169
169
169
170
171
175
