18
18
18
18
18
18
18
18
18
18
18
20
20
20
20
20
20
20
21
21
21
21
21
21
21
22
22
22
22
22
22
22
23
23
23
23
23
23
23
25
25
25
25
25
25
25
26
28
28
28
28
28
28
28
28
28
31
31
31
31
31
31
31
31
31
34
34
34
34
34
34
34
34
34
34
34
34
34
34
34
35
35
35
35
35
35
35
35
35
35
35
35
36
36
36
36
36
36
36
36
36
36
36
36
36
36
36
36
38
38
38
38
39
39
39
39
39
40
40
40
40
41
41
41
41
41
41
41
41
41
41
42
42
42
42
42
42
42
43
43
43
43
43
44
44
44
44
44
45
45
45
45
48
48
48
48
48
48
48
49
49
49
49
52
52
52
52
52
54
54
54
54
54
54
54
54
54
54
54
55
55
55
55
55
55
55
55
55
56
58
58
58
58
58
58
58
58
58
58
59
59
59
59
60
61
61
61
61
61
62
62
62
62
62
62
63
63
63
63
63
63
64
64
64
64
64
64
65
65
65
65
65
65
68
68
68
68
68
68
68
68
68
68
69
69
69
69
69
69
70
70
70
70
70
70
71
71
71
71
71
71
71
71
71
71
71
71
72
72
72
72
72
72
73
73
73
73
73
73
74
74
74
74
74
74
75
75
75
75
75
75
76
76
76
76
76
77
77
77
77
77
77
77
77
77
77
78
78
78
79
79
79
79
79
79
80
81
83
83
84
84
84
84
84
84
84
85
87
87
87
87
88
89
89
89
89
89
90
90
90
91
92
92
92
92
92
92
92
92
92
93
94
99
99
100
100
100
100
100
100
100
101
106
106
106
106
106
106
108
108
108
108
109
110
110
110
110
111
111
111
111
113
113
113
113
113
113
113
113
113
113
113
113
114
115
115
115
115
115
115
116
118
118
118
118
118
118
119
121
124
124
125
125
125
125
125
126
127
127
127
128
134
134
134
134
134
134
134
134
134
134
135
138
138
138
138
139
139
139
139
140
141
141
141
141
141
141
142
142
142
142
142
142
142
142
142
142
143
146
146
146
146
146
146
149
149
149
149
149
149
149
150
151
151
151
151
151
151
152
153
154
154
154
154
154
154
155
156
156
156
156
156
156
157
158
158
158
159
160
163
163
163
163
163
163
164
165
165
165
165
165
165
166
168
168
168
168
168
168
168
169
169
169
171
171
171
171
171
171
171
171
171
171
172
172
172
172
173
174
175
175
175
176
179
179
180
180
180
180
180
180
180
181
185
185
185
185
186
188
188
188
188
189
190
190
190
190
190
190
191
192
192
192
192
193
193
193
193
194
194
194
194
195
195
195
196
198
198
198
198
198
198
199
201
201
201
201
201
202
202
202
203
206
206
206
206
207
208
208
208
208
208
208
209
210
211
211
211
211
212
212
212
212
212
212
213
213
213
213
214
215
215
215
215
215
215
216
217
217
217
217
217
217
217
218
219
220
221
223
223
223
223
224
224
224
225
225
225
225
225
227
228
229
230
231
231
231
231
231
231
231
231
231
231
231
231
231
231
232
232
232
232
232
232
232
233
233
233
234
235
236
237
237
237
237
237
237
238
239
239
239
239
240
241
241
241
241
242
242
242
242
242
242
243
244
245
245
245
245
245
245
245
246
247
247
247
247
247
247
248
250
251
252
252
252
253
256
257
258
258
258
258
258
258
259
260
260
260
260
260
261
262
263
263
263
263
263
263
264
265
265
265
265
265
266
266
266
267
268
272
272
272
272
274
276
276
276
276
276
276
276
276
276
276
276
276
276
276
276
276
276
276
276
278
278
278
278
279
280
280
281
282
282
282
282
284
284
284
284
284
284
284
286
286
286
286
286
286
286
286
286
286
287
287
287
287
288
290
290
290
293
293
293
293
293
293
293
293
293
294
294
294
294
294
294
295
297
297
297
298
299
300
316
316
316
316
316
316
316
316
316
316
317
318
318
318
320
320
320
320
321
325
325
325
325
325
325
325
325
325
325
325
325
325
325
326
326
326
327
330
330
330
330
330
330
330
330
330
330
330
330
330
330
330
331
331
331
332
334
334
334
334
334
334
337
337
337
337
338
339
339
339
339
339
339
340
344
344
344
344
344
344
344
347
347
347
347
348
350
350
350
351
351
351
351
351
351
352
354
354
355
362
362
362
363
363
363
363
363
363
363
363
364
365
365
365
365
366
366
367
370
370
370
370
370
370
371
372
372
372
372
373
374
374
374
374
374
374
374
374
374
374
374
374
375
375
375
375
376
376
376
377
377
377
377
378
379
380
380
380
381
381
381
381
382
383
383
385
385
385
386
386
386
386
387
388
388
388
388
388
389
389
389
389
390
390
391
391
391
391
391
392
392
392
392
393
393
394
394
394
394
394
395
395
395
395
396
396
397
397
397
397
397
398
398
398
398
399
399
401
401
401
401
401
402
402
402
402
403
403
403
403
404
404
406
406
406
406
406
407
407
407
407
408
408
409
409
409
409
409
410
410
410
410
411
411
412
412
413
413
413
413
414
414
414
414
414
414
414
415
415
416
417
417
418
418
418
419
419
419
419
420
421
421
421
421
421
421
421
422
422
422
422
422
422
423
424
424
424
424
425
425
426
426
426
427
427
427
427
428
429
429
429
429
429
429
429
430
430
430
430
430
430
431
432
432
432
432
433
433
434
434
434
435
435
435
435
436
437
437
437
437
437
437
437
438
438
438
438
438
438
439
440
440
440
440
441
441
442
442
442
443
443
443
443
444
445
445
445
445
445
445
445
446
446
446
446
446
446
447
448
448
448
448
449
449
451
451
451
452
452
452
452
453
454
454
454
454
454
455
455
455
455
456
456
457
457
459
459
459
459
459
459
459
459
459
460
460
460
460
460
460
460
460
461
462
462
463
464
464
464
464
465
465
466
466
466
467
467
467
467
468
469
469
469
469
469
470
470
470
470
471
472
472
472
472
472
472
472
472
472
473
473
473
473
473
473
474
475
475
475
475
476
476
477
477
477
477
477
478
478
478
478
478
478
478
478
478
479
479
479
479
479
479
479
479
480
481
481
482
482
483
483
484
485
485
485
485
486
486
488
490
490
491
493
493
493
494
508
508
509
509
509
509
509
509
509
509
509
509
509
509
510
511
511
511
511
511
511
511
511
511
511
511
511
512
528
528
529
529
529
529
529
529
529
529
529
529
529
529
529
529
529
529
529
529
530
531
531
531
532
532
532
532
534
534
534
534
534
534
534
535
535
535
536
539
539
539
539
540
541
541
541
541
541
541
541
542
542
542
542
543
544
546
546
546
546
546
546
546
546
546
546
546
546
546
547
547
547
548
550
550
550
550
552
553
554
554
554
554
554
554
554
554
554
554
554
555
556
556
556
556
556
556
556
556
556
556
556
556
556
556
556
556
556
556
559
559
559
559
559
560
563
563
564
564
564
564
564
565
566
566
566
568
569
570
570
571
571
571
571
571
572
573
574
575
575
575
575
575
575
575
575
575
575
575
575
575
575
576
576
577
578
579
579
579
579
579
579
580
581
581
581
581
582
583
583
583
583
584
584
584
584
584
584
585
586
587
587
587
587
587
587
587
588
589
589
589
589
589
589
590
591
591
591
591
591
592
592
592
593
594
595
595
596
597
597
597
597
597
597
597
597
601
601
601
601
601
601
604
604
604
605
608
608
608
608
608
609
610
611
611
611
611
611
611
611
612
613
613
613
613
613
613
614
615
615
615
615
615
616
616
616
617
618
621
621
621
621
621
622
622
622
622
622
622
623
624
625
626
626
626
626
626
626
627
628
628
628
628
629
630
630
630
630
631
632
632
632
632
632
632
633
635
635
635
635
636
637
637
637
637
638
638
638
638
639
639
639
639
639
639
640
642
642
642
642
643
645
645
645
645
646
647
647
647
647
647
647
647
648
648
649
651
651
651
652
652
652
652
657
657
657
657
657
657
657
657
657
657
657
657
657
657
658
658
658
658
658
658
658
658
658
659
659
659
659
659
659
660
661
661
661
661
661
661
661
662
662
662
662
662
662
662
663
663
663
663
663
663
664
664
664
664
665
666
667
