18
18
18
18
18
18
18
18
18
20
20
20
20
20
20
20
21
21
21
21
21
21
21
22
22
22
22
22
22
22
23
23
23
23
23
23
23
24
24
24
24
24
24
24
25
25
25
25
25
25
25
26
26
26
26
26
26
26
28
28
28
28
28
28
28
43
43
43
43
43
44
46
46
46
46
46
51
51
51
51
52
53
53
53
53
53
54
62
62
62
62
62
62
62
63
64
64
64
64
65
76
76
76
76
76
76
76
76
76
76
77
78
78
78
78
78
78
78
79
92
92
92
92
92
92
92
92
92
92
92
92
93
93
94
95
95
95
95
95
95
95
95
95
96
111
111
111
111
111
111
111
111
111
111
111
111
112
112
112
112
113
113
114
115
115
115
115
115
115
115
115
115
115
115
116
125
125
126
126
126
126
126
126
126
127
128
128
128
128
128
128
129
130
130
130
130
130
130
130
131
132
132
132
132
132
132
133
143
143
144
144
144
144
144
144
144
144
144
144
144
144
145
145
146
147
147
147
147
147
147
148
149
149
149
149
149
149
149
149
149
149
150
150
150
150
150
150
150
150
150
150
150
150
150
151
151
151
152
153
153
153
153
153
153
153
153
153
154
167
167
168
168
168
168
168
168
168
168
168
168
168
168
169
169
169
169
169
169
169
169
170
170
171
172
172
172
172
172
172
173
174
174
174
174
174
174
174
174
174
174
175
175
175
175
175
175
175
175
175
175
175
175
175
176
176
176
176
176
176
176
176
176
176
176
176
176
177
177
177
178
179
179
179
179
179
179
179
179
179
179
179
179
179
180
191
191
192
192
192
192
192
192
192
192
192
192
192
192
193
193
193
193
194
195
195
195
195
195
195
196
197
197
197
197
197
197
197
197
197
197
198
198
198
198
198
198
198
198
198
198
198
198
198
199
199
199
200
201
201
201
201
201
201
201
201
201
202
216
216
217
217
217
217
217
217
217
217
217
217
217
217
218
218
218
218
218
218
218
218
219
219
219
219
220
221
221
221
221
221
221
222
223
223
223
223
223
223
223
223
223
223
224
224
224
224
224
224
224
224
224
224
224
224
224
225
225
225
225
225
225
225
225
225
225
225
225
225
226
226
226
227
228
228
228
228
228
228
228
228
228
228
228
228
228
229
230
231
