17
17
17
17
17
17
17
17
17
17
17
17
17
17
17
19
19
19
19
19
19
19
20
20
20
20
20
20
20
21
21
21
21
21
21
21
23
23
23
23
23
23
23
23
23
23
23
23
23
24
24
24
24
24
24
24
24
24
24
24
24
24
24
24
25
25
25
25
25
25
25
25
25
25
25
25
25
25
25
26
26
26
26
26
26
26
26
26
27
27
27
27
27
27
27
27
27
28
28
28
28
28
28
28
28
28
29
29
29
29
29
29
29
29
29
34
34
34
34
34
34
35
35
35
35
36
36
36
36
37
37
37
37
38
38
38
38
38
38
45
45
45
45
45
45
45
45
45
45
46
46
46
46
46
46
47
47
47
47
47
47
48
48
48
48
48
48
48
49
49
49
49
49
49
49
49
49
49
49
49
50
50
50
50
50
50
50
50
50
50
50
50
50
51
51
51
51
51
51
51
51
51
52
52
52
52
52
52
52
52
52
52
52
53
53
53
53
53
53
53
53
53
53
53
53
53
54
54
54
54
54
54
54
55
55
55
55
55
55
55
56
57
58
58
59
59
59
59
59
59
59
59
59
60
60
60
60
60
60
60
60
60
61
61
61
61
61
61
61
61
61
61
61
61
61
61
61
62
62
62
62
62
62
62
62
62
62
62
62
62
63
63
63
63
63
63
63
63
64
64
64
64
64
64
64
65
66
67
68
69
76
76
76
76
76
76
76
76
77
77
77
77
77
77
77
77
77
77
78
78
78
78
78
78
78
78
78
78
80
80
80
80
80
80
80
80
80
80
80
80
80
80
81
81
81
82
84
84
84
84
84
84
84
84
84
84
84
84
84
84
85
85
85
86
88
88
88
88
88
88
88
88
88
89
89
89
89
89
89
89
89
89
89
89
89
89
89
89
89
89
90
90
90
90
90
90
90
90
90
92
92
92
92
92
92
92
92
92
92
92
92
92
92
92
92
93
93
93
94
95
95
95
95
95
95
95
96
96
96
97
98
98
98
98
98
98
98
98
98
98
98
98
98
99
99
99
99
99
99
99
100
101
101
101
102
110
110
110
110
110
110
110
110
110
110
110
111
111
111
111
111
111
111
111
111
112
112
112
112
112
114
114
114
114
114
114
114
115
115
115
115
115
115
115
115
115
115
115
115
115
116
118
118
118
118
118
118
118
119
119
119
119
119
119
119
119
119
119
119
119
119
119
119
119
120
120
120
120
120
120
120
121
121
121
122
127
127
127
127
127
127
127
127
127
128
128
128
128
128
128
128
128
128
128
128
128
128
128
128
128
128
128
128
129
129
129
129
129
129
129
129
129
129
129
129
130
130
130
130
130
130
130
130
131
131
131
132
133
134
134
134
135
136
136
136
136
136
136
136
136
136
136
136
136
137
139
139
139
139
139
139
140
140
140
140
140
140
140
141
141
141
141
141
141
141
141
141
142
142
142
143
144
144
144
144
145
146
146
146
146
146
146
146
147
147
147
147
147
147
147
148
148
148
148
149
150
150
150
150
150
150
150
150
150
150
150
150
150
150
150
150
150
151
153
153
153
153
153
153
154
154
154
155
157
157
157
157
157
157
157
157
158
158
158
158
158
158
159
159
159
159
159
159
159
159
159
159
159
159
159
160
161
162
