17
17
17
17
17
17
17
17
17
17
17
19
19
19
19
19
19
19
26
26
26
26
26
26
27
27
27
27
27
27
27
27
29
29
29
29
30
30
30
30
31
31
31
31
37
37
37
37
37
37
37
38
38
38
38
38
38
39
39
39
39
39
39
39
39
39
39
40
40
40
40
40
40
40
40
40
40
40
40
40
40
40
40
40
41
41
41
41
41
41
41
41
41
41
41
41
41
41
41
41
41
42
49
49
49
49
49
49
49
49
49
49
50
50
50
50
50
50
51
51
51
51
51
51
52
52
52
52
52
52
52
52
52
52
52
52
52
52
52
52
53
59
59
59
59
59
59
60
60
60
61
67
67
67
67
67
67
68
68
68
69
71
71
71
71
71
71
72
72
72
73
75
75
75
75
75
75
76
76
76
76
76
76
76
77
79
79
79
79
79
79
79
79
80
80
80
80
80
80
80
81
81
81
82
83
83
83
83
83
83
83
83
83
83
84
84
84
85
86
86
86
86
86
86
86
86
86
86
86
86
86
86
86
87
88
89
