17
17
17
17
17
17
17
17
17
17
17
17
17
19
19
19
19
19
19
19
19
19
19
19
19
19
23
23
23
23
24
24
24
24
24
25
25
25
25
25
26
26
26
26
26
26
26
34
34
34
34
34
34
34
34
34
34
34
34
34
34
34
34
34
34
35
35
35
35
35
35
36
36
36
36
36
36
37
37
37
37
37
37
38
44
44
44
44
44
44
45
45
45
46
52
52
52
52
52
52
53
53
53
54
60
60
60
60
60
60
60
60
61
61
61
62
68
68
68
68
68
68
69
69
69
69
69
69
69
70
70
70
70
70
70
70
70
70
71
71
71
71
71
71
71
71
71
72
72
72
73
74
75
76
76
76
77
79
79
80
80
80
80
80
80
81
81
81
81
81
81
81
81
81
82
82
82
82
82
82
82
82
83
83
83
83
83
83
83
83
83
84
84
84
84
84
84
84
85
86
86
86
86
86
86
86
86
86
86
87
87
87
87
87
87
87
88
88
88
88
88
88
88
89
90
90
90
90
90
90
90
90
91
91
91
91
92
92
92
92
92
92
92
92
92
92
92
93
93
93
93
93
93
94
94
94
94
94
94
94
95
96
96
96
96
96
96
96
96
97
97
97
97
98
98
98
98
98
98
98
98
98
98
98
99
99
99
99
99
99
100
100
100
100
100
100
100
101
102
102
102
102
102
102
102
102
103
103
103
103
104
104
104
104
104
104
104
104
104
104
104
105
105
105
105
106
106
106
106
106
106
106
106
106
106
106
106
106
106
107
107
107
107
107
107
107
108
109
109
110
110
110
110
110
110
110
110
110
110
111
111
111
111
111
111
111
112
112
112
112
112
112
112
113
114
114
114
114
114
114
114
114
114
114
115
115
115
115
115
115
115
116
116
116
116
116
116
116
116
116
117
117
117
117
117
117
117
118
118
118
118
118
118
118
119
119
119
119
119
119
119
120
121
122
122
122
122
122
122
122
123
132
132
132
132
132
132
132
132
132
132
133
133
133
133
133
134
134
134
134
134
135
135
135
136
136
136
136
136
137
137
137
138
138
138
138
138
139
139
139
140
140
140
140
140
141
141
141
142
142
142
142
142
143
143
143
144
144
144
144
144
145
145
145
146
146
146
146
146
147
147
147
148
148
148
148
148
149
149
149
150
150
150
150
150
151
151
151
152
152
152
152
152
153
153
153
154
154
154
154
154
155
155
155
156
156
156
156
156
157
157
157
158
158
158
158
158
159
159
159
160
160
161
161
161
162
163
164
165
