17
17
17
17
17
17
17
17
17
17
17
19
19
19
19
19
19
19
25
25
25
25
25
25
25
26
26
26
26
26
26
27
27
27
27
27
27
28
28
28
28
28
28
29
29
29
29
29
29
30
30
30
30
30
30
31
31
31
31
31
31
38
38
38
38
38
38
38
38
38
39
39
39
39
39
39
40
47
47
47
47
47
47
48
48
48
49
56
56
56
56
56
56
57
57
57
58
65
65
65
65
65
65
65
65
65
66
66
66
66
66
66
67
74
74
74
74
74
74
74
74
74
75
75
75
75
75
75
76
83
83
83
83
83
83
84
84
84
85
92
92
92
92
92
92
93
93
93
94
101
101
101
101
101
101
101
101
101
102
102
102
102
102
102
103
110
110
110
110
110
110
111
111
111
112
119
119
119
119
119
119
119
119
119
120
120
120
120
120
120
121
128
128
128
128
128
128
129
129
129
130
137
137
137
137
137
137
137
137
137
138
138
138
138
138
138
139
141
141
142
142
142
142
142
142
142
142
142
143
144
