18
18
18
18
18
18
18
18
18
18
18
18
18
20
20
20
20
20
20
20
22
22
22
22
22
22
22
22
22
22
22
22
22
23
23
23
23
23
23
23
23
23
23
23
23
23
23
23
43
43
43
43
44
46
46
46
46
46
46
46
46
46
46
46
47
48
48
48
48
49
49
49
49
50
50
50
50
51
51
51
51
52
52
52
52
54
54
54
54
54
54
54
54
55
56
56
56
56
56
56
57
57
57
58
58
58
58
58
58
58
59
59
60
62
62
62
62
62
62
62
64
64
64
64
64
64
64
65
65
65
65
65
65
65
66
66
66
66
66
66
66
67
67
67
67
67
67
67
69
70
71
71
71
71
71
71
71
72
73
73
73
73
73
73
74
75
75
75
75
75
75
75
75
75
76
76
76
76
76
76
77
77
77
77
77
77
77
78
80
81
82
82
82
82
82
82
82
82
82
82
82
83
84
84
84
84
84
84
85
86
87
88
88
88
88
88
88
89
90
90
90
90
90
90
91
91
92
92
92
92
92
92
93
93
93
93
93
93
93
93
93
94
94
94
94
94
94
94
95
98
98
98
98
98
98
98
98
98
98
98
98
98
98
98
98
99
99
99
99
99
99
99
99
99
101
102
103
103
103
103
103
103
104
105
105
105
105
105
105
106
107
107
107
107
107
107
108
108
108
108
108
108
108
109
111
111
111
111
111
111
111
112
114
116
