18
18
18
18
18
18
18
18
18
18
18
20
20
20
20
20
20
20
21
21
21
21
21
21
21
44
44
44
44
44
44
45
47
47
47
47
47
47
47
47
50
50
50
50
50
50
50
50
53
53
53
56
56
56
56
59
59
59
59
62
62
62
62
62
62
73
73
73
73
73
73
73
73
74
75
75
75
75
75
75
75
75
75
75
75
75
75
75
75
75
75
75
75
77
77
77
77
77
77
77
77
77
77
78
78
78
78
78
78
80
80
80
80
80
80
80
80
80
80
80
80
80
80
81
81
81
81
81
81
81
82
84
84
84
84
84
84
84
84
84
84
84
84
84
84
84
84
84
84
84
84
84
84
84
84
84
84
84
84
84
84
84
84
84
86
86
86
86
86
86
86
86
86
86
86
86
88
88
88
88
88
88
88
88
88
89
89
89
89
89
89
90
91
93
93
93
93
93
93
93
93
93
93
93
93
93
93
93
94
94
94
94
94
94
95
96
96
96
96
96
96
96
96
96
96
96
96
96
96
96
96
96
97
115
115
115
115
115
115
115
115
115
115
115
115
115
115
115
116
116
116
116
116
116
116
116
116
116
116
116
116
116
117
118
118
118
118
118
118
118
118
118
118
118
120
120
120
120
120
120
121
121
121
121
121
121
122
122
122
122
122
122
124
124
124
124
124
124
124
124
124
124
124
124
124
125
132
132
132
132
132
133
134
134
134
135
142
142
142
142
142
142
142
143
144
144
144
145
152
152
152
152
152
153
154
154
154
155
164
164
164
164
164
165
166
166
166
167
181
181
182
182
182
182
182
183
184
184
184
184
184
184
186
186
186
186
186
186
186
186
186
186
187
187
187
187
187
187
187
188
188
188
188
188
188
188
188
188
188
189
189
189
189
189
189
189
189
189
189
189
189
189
189
189
189
189
189
189
190
190
190
190
190
190
190
190
190
190
190
190
190
190
192
192
192
192
192
192
192
192
192
192
192
192
192
192
192
192
192
194
194
194
194
194
194
194
194
194
194
194
194
194
194
194
195
208
208
209
209
209
209
209
209
209
209
209
209
209
209
209
210
211
211
211
211
211
211
211
212
212
212
212
212
212
212
212
212
212
213
213
213
213
213
213
213
213
213
213
213
213
213
213
213
213
213
213
213
214
214
214
214
214
214
214
214
214
214
214
214
214
214
217
217
217
217
217
217
217
217
217
218
218
218
218
218
218
218
218
218
218
218
218
218
218
218
218
218
219
221
221
221
221
221
221
221
222
222
222
222
222
222
222
223
223
223
223
223
223
223
224
224
224
224
224
224
224
224
224
226
226
226
227
232
232
232
232
232
232
232
232
233
234
234
234
234
234
234
235
244
244
244
244
244
244
244
244
244
244
244
244
244
244
244
244
244
244
245
246
246
246
246
246
246
247
247
247
247
247
247
248
248
248
248
248
248
250
250
250
250
250
250
250
250
250
250
250
250
250
251
257
257
258
258
258
258
258
258
259
259
259
259
259
259
259
259
259
259
259
259
259
259
259
260
261
262
