17
17
17
17
17
17
17
17
17
17
17
17
17
17
17
19
19
19
19
19
19
19
21
21
21
21
21
21
21
21
21
21
21
22
22
22
22
22
22
22
22
22
22
22
23
23
23
23
23
23
23
23
23
23
23
23
23
24
24
24
24
24
24
24
24
24
24
24
24
24
25
25
25
25
25
25
25
25
25
25
25
25
25
25
25
26
26
26
26
26
26
26
26
26
26
26
26
26
26
26
27
27
27
27
27
27
27
27
27
27
27
27
27
27
27
28
28
28
28
28
28
28
28
28
28
28
28
28
28
28
29
29
29
29
29
29
29
29
29
29
29
29
29
29
29
30
30
30
30
30
30
30
30
30
30
30
30
30
35
35
35
35
35
35
36
36
36
36
37
37
37
37
39
39
39
39
39
39
39
39
46
46
46
46
46
46
46
46
46
46
47
47
47
47
47
47
47
48
48
48
48
48
48
49
56
56
56
56
56
56
56
56
56
56
57
57
57
57
57
58
58
58
58
58
58
59
61
61
61
61
61
61
62
62
62
63
65
65
65
65
65
65
66
66
66
67
69
69
69
69
69
69
70
70
70
71
73
73
73
73
73
73
74
74
74
74
74
74
74
74
74
74
75
77
77
77
77
77
77
78
78
78
78
78
78
78
79
79
79
79
79
79
79
79
79
79
79
79
79
79
79
79
79
79
79
79
80
82
82
82
82
82
82
83
83
83
83
83
84
86
86
86
86
86
86
87
87
87
87
87
87
87
87
87
87
87
88
88
88
88
88
88
88
88
88
88
89
91
91
91
91
91
91
91
91
92
92
92
92
92
92
92
93
93
93
93
93
93
93
94
95
95
96
96
96
96
96
96
96
96
96
96
96
97
98
100
100
100
100
100
100
100
100
101
101
101
101
101
101
101
102
102
102
102
103
105
105
105
105
105
105
106
106
106
106
106
106
106
107
107
107
107
107
107
107
108
108
108
108
109
110
110
111
111
111
111
111
111
111
112
112
113
113
113
113
113
113
113
113
113
113
113
113
113
114
115
116
116
116
117
119
119
119
119
119
119
119
119
120
120
120
120
120
120
120
120
120
120
120
120
120
120
121
121
121
121
121
121
121
121
121
121
121
121
121
121
121
122
123
123
123
124
126
126
126
126
126
126
126
126
126
126
126
127
127
127
127
127
127
127
127
128
128
128
128
128
128
128
129
129
129
130
132
132
132
132
133
133
133
134
134
134
135
135
135
136
136
136
136
137
137
137
137
137
137
137
137
137
137
138
138
138
138
138
138
138
139
139
139
139
139
139
139
139
139
139
140
142
142
142
142
143
143
143
144
144
144
145
145
145
145
146
146
146
146
146
146
146
146
146
146
147
147
147
147
147
147
147
148
148
148
148
148
148
148
148
149
151
151
151
151
151
151
152
152
152
152
152
152
152
152
152
152
153
155
155
155
155
155
155
155
155
156
156
156
156
156
156
156
157
157
157
158
160
160
160
160
160
160
160
160
160
160
161
161
161
162
164
164
164
164
164
164
164
164
165
165
165
165
165
165
165
165
165
165
165
165
165
166
168
168
168
168
168
168
168
169
169
169
169
169
169
169
170
170
170
170
170
170
170
171
171
171
171
172
172
173
173
174
174
175
175
175
176
177
177
177
177
177
177
177
177
177
177
177
177
177
177
178
180
180
180
180
180
180
180
180
181
181
181
181
181
181
181
181
181
181
181
181
182
182
182
182
182
182
182
182
182
182
183
185
185
185
185
185
185
186
186
186
186
186
186
186
186
186
186
186
186
186
186
186
187
189
189
189
189
189
189
189
189
190
190
190
190
190
190
190
190
190
190
190
190
190
190
190
190
191
193
193
193
193
193
193
193
193
194
194
194
194
194
194
194
195
195
195
195
195
195
195
196
196
196
197
198
198
198
198
198
198
198
199
199
199
200
201
201
201
201
201
201
201
201
201
201
201
201
201
201
201
201
201
201
201
201
202
203
203
203
203
203
203
203
203
203
203
204
206
206
206
206
207
207
207
207
207
207
207
208
208
208
208
208
208
208
208
208
208
208
208
208
209
211
211
211
211
211
211
212
212
212
212
212
212
212
212
213
213
213
213
213
213
213
214
214
214
214
214
214
214
215
215
215
215
215
215
215
215
215
215
215
216
216
216
216
216
216
216
218
218
218
218
218
218
218
218
218
218
218
219
219
219
219
219
219
219
220
221
221
221
221
221
221
221
221
221
221
221
221
221
221
221
221
221
221
221
222
223
224
224
225
225
225
225
225
225
225
226
226
226
226
226
226
226
226
226
226
226
226
226
226
226
226
226
226
226
227
228
228
229
229
229
229
229
229
229
230
231
232
232
232
232
232
232
232
233
234
235
