17
17
17
17
17
17
17
17
17
17
17
17
17
17
17
19
19
19
19
19
19
19
19
19
19
19
20
20
20
20
20
20
20
20
20
20
20
20
20
20
20
21
21
21
21
21
21
21
21
21
21
21
21
21
21
21
27
27
27
27
27
27
28
28
28
28
28
28
29
29
29
29
29
30
30
30
30
30
31
31
31
31
31
31
32
32
32
32
32
32
33
33
33
33
33
33
34
34
34
34
34
35
35
35
35
37
37
37
37
37
37
46
46
46
47
47
47
47
48
48
48
48
49
49
49
49
50
50
50
50
51
51
52
52
52
52
52
52
52
52
52
52
52
52
52
53
53
53
53
53
53
54
54
54
54
54
54
55
55
55
55
55
55
56
56
56
56
56
57
57
57
57
57
57
57
57
58
58
58
58
58
58
58
59
60
60
60
60
60
60
60
61
61
61
61
61
62
62
62
62
62
62
62
62
62
62
63
63
63
63
63
63
63
63
64
65
65
65
65
65
65
65
66
66
66
66
67
68
68
68
68
69
70
70
70
70
71
71
71
71
71
71
71
71
71
71
71
72
72
72
72
72
72
72
72
72
72
73
73
73
73
73
73
73
73
73
73
73
74
74
74
74
74
74
75
76
76
76
76
76
76
77
77
77
77
77
77
77
77
77
77
78
78
78
78
78
78
79
80
81
87
87
87
87
87
87
88
88
88
89
94
94
94
94
94
94
95
95
95
95
96
96
96
96
97
99
99
100
100
100
100
100
100
101
101
101
101
101
101
101
102
102
102
102
102
102
102
103
103
103
103
103
103
104
104
104
104
104
105
107
107
107
107
107
108
108
108
109
110
111
111
112
112
112
112
112
112
112
112
112
113
113
113
114
115
115
115
115
116
117
118
118
119
119
119
119
119
119
119
120
121
121
121
121
121
121
121
122
122
122
122
122
122
122
123
123
123
123
124
124
124
125
125
125
125
125
125
125
126
126
126
126
126
126
126
126
126
126
126
127
127
127
127
127
127
127
127
127
127
127
128
128
128
128
128
128
128
129
130
132
132
133
133
133
133
133
133
134
134
134
135
137
137
138
138
138
138
138
138
138
138
138
139
139
139
139
139
139
139
139
139
139
139
139
139
139
139
140
147
147
147
147
147
147
147
147
147
148
148
148
148
148
148
149
149
149
149
149
149
149
150
150
150
151
153
153
153
153
153
153
154
154
154
154
154
155
157
157
157
157
157
158
158
158
159
161
161
161
161
161
161
161
161
162
162
162
163
163
163
163
163
163
164
164
164
164
164
164
165
165
165
165
165
165
166
166
166
167
168
168
168
168
168
168
168
169
169
169
170
171
172
172
173
173
173
173
173
174
174
174
174
174
174
174
174
175
175
175
175
175
175
176
177
177
177
177
177
177
177
177
178
178
178
178
178
178
179
179
179
180
181
181
181
181
181
181
181
182
182
182
183
184
185
185
185
185
185
185
185
185
185
186
186
186
187
194
194
194
194
194
194
194
194
194
195
195
195
195
195
195
196
196
196
196
196
196
196
197
197
197
198
200
200
200
201
201
201
201
201
201
201
201
201
201
202
202
202
202
202
202
203
203
203
203
203
204
204
204
204
204
204
204
204
204
204
204
204
204
204
204
205
205
205
205
205
205
205
206
206
206
206
206
206
206
207
207
207
207
207
207
207
208
208
208
208
209
209
209
209
209
209
210
210
210
211
212
212
212
212
212
212
212
212
213
213
213
213
213
213
214
214
214
215
216
217
217
218
218
218
218
218
218
219
220
220
220
220
220
220
220
220
220
220
220
220
220
221
221
221
221
221
221
221
222
222
222
223
224
224
224
224
225
226
227
227
228
228
228
228
228
229
229
229
229
229
230
230
230
230
230
230
230
230
230
231
231
231
231
231
231
232
233
233
233
233
233
233
233
233
233
233
233
233
233
233
233
234
234
234
234
234
234
234
235
235
235
235
235
235
235
236
236
236
236
236
236
236
237
237
237
237
237
238
238
238
238
238
238
238
238
239
239
239
239
239
239
240
241
241
241
241
241
241
242
242
242
242
242
242
242
242
243
243
243
243
243
243
244
244
244
245
245
245
246
247
248
248
249
249
249
249
249
249
249
249
249
249
249
249
250
252
252
252
252
252
252
252
252
252
252
252
252
252
253
253
253
253
253
253
253
254
254
254
255
256
256
256
256
257
258
259
259
259
260
266
266
266
266
266
266
266
266
266
267
267
267
267
268
268
268
268
270
270
270
270
270
270
270
270
270
270
270
270
271
271
271
271
271
271
272
272
272
272
272
272
272
272
272
273
273
273
273
274
275
275
275
275
275
275
275
275
275
276
276
276
276
277
278
278
278
278
278
278
278
278
278
278
278
278
278
278
278
278
278
279
279
279
279
279
279
279
279
279
279
279
279
279
280
280
280
280
280
280
280
281
281
281
281
281
281
281
282
282
282
282
283
283
283
283
284
285
285
285
285
286
286
287
288
289
290
290
291
291
291
291
291
291
291
291
291
292
292
292
292
292
292
292
292
293
294
294
294
294
294
294
294
294
294
295
295
295
295
295
296
297
297
297
297
297
297
297
297
297
297
297
297
297
297
297
298
298
298
298
298
298
298
298
298
298
298
298
298
299
299
299
299
299
299
299
300
300
300
300
300
300
300
301
301
301
301
301
302
302
302
302
303
304
304
304
304
305
305
306
307
308
309
315
315
315
315
315
315
316
316
316
317
317
318
318
318
318
318
318
318
318
319
320
320
320
320
320
320
320
321
321
321
321
321
321
321
322
322
322
322
323
324
324
324
325
326
327
