17
17
17
17
17
17
17
17
17
17
17
17
17
19
19
19
19
19
19
19
19
19
19
19
20
20
20
20
20
20
20
20
20
20
20
20
20
21
21
21
21
21
21
21
21
21
21
21
21
21
21
21
22
22
22
22
22
22
22
22
22
22
22
22
22
22
22
28
28
28
28
28
28
29
29
29
29
29
30
30
30
30
30
30
31
31
31
31
38
38
38
38
38
38
38
38
38
38
38
38
39
39
39
39
39
40
40
40
40
40
40
41
43
43
44
44
44
44
44
44
45
45
45
45
45
45
45
46
48
48
49
49
49
49
49
49
50
50
50
50
50
50
50
50
50
50
50
50
50
51
51
51
52
53
53
53
54
56
56
57
57
57
57
57
57
58
58
58
58
58
58
58
58
58
58
59
61
61
62
62
62
62
62
62
63
63
63
63
63
63
64
64
64
64
65
67
67
68
68
68
68
68
68
68
68
68
69
69
69
69
69
69
69
70
70
70
71
72
72
72
72
72
72
72
73
73
73
73
73
73
74
74
74
74
75
75
75
75
75
75
75
75
76
78
78
78
78
78
78
78
79
79
79
80
82
82
82
82
82
82
82
82
82
82
82
82
83
84
85
