19
19
19
19
19
19
19
19
19
19
19
19
19
21
21
21
21
21
21
21
21
21
22
22
22
22
22
22
22
22
22
23
23
23
23
23
23
23
23
23
24
24
24
24
24
24
24
24
24
26
26
26
26
26
26
26
26
26
26
26
26
26
35
35
35
35
35
36
36
41
41
41
41
46
46
46
46
52
52
52
52
69
69
69
69
69
69
69
69
70
70
70
70
70
70
70
71
88
88
88
88
88
88
88
88
88
88
88
88
89
89
89
89
89
89
89
90
102
102
102
102
102
102
102
102
102
102
102
102
102
103
103
104
104
104
104
104
104
104
104
104
104
104
105
105
105
105
105
105
105
105
106
106
106
106
106
106
106
106
106
107
108
116
116
116
116
116
116
117
117
117
117
117
117
117
117
117
118
118
118
119
120
120
120
120
120
120
120
120
120
121
130
130
130
130
130
130
131
131
131
131
131
131
131
131
131
132
132
132
132
132
132
132
132
132
132
132
132
132
132
132
132
132
132
132
132
132
133
133
133
133
133
133
133
133
133
133
133
133
133
133
133
133
133
133
133
133
133
133
133
133
133
133
134
134
134
134
134
134
134
134
135
136
136
136
136
136
136
136
137
149
149
149
149
149
149
149
149
149
150
150
150
150
150
150
150
150
150
151
151
151
152
153
153
153
153
153
153
153
153
153
153
154
164
164
164
164
164
164
164
164
164
165
165
165
165
165
165
166
166
166
166
166
166
166
166
166
167
167
167
167
167
167
167
167
167
168
168
168
168
168
168
168
168
168
168
169
170
170
170
170
170
170
170
171
182
182
182
182
182
182
182
182
182
183
183
183
183
183
183
183
184
184
184
185
196
196
196
196
196
196
196
196
196
196
196
196
196
197
197
197
197
197
197
197
198
198
198
199
200
201
