17
17
17
17
17
17
17
17
17
17
17
17
17
17
17
19
19
19
19
19
19
19
21
21
21
21
21
21
21
21
21
21
21
22
22
22
22
22
22
22
22
22
22
22
23
23
23
23
23
23
23
23
23
23
23
23
23
24
24
24
24
24
24
24
24
24
24
24
24
24
24
24
25
25
25
25
25
25
25
25
25
25
25
25
25
25
25
30
30
30
30
30
30
33
33
33
33
33
33
33
33
35
35
35
35
35
35
36
36
36
37
39
39
39
39
39
39
39
39
39
39
39
39
39
39
40
40
40
40
40
40
40
40
40
40
40
40
40
40
41
41
41
41
41
41
41
41
41
41
41
41
41
42
44
44
44
44
44
44
44
44
44
44
45
45
45
45
46
46
46
46
46
46
46
47
47
47
47
47
47
47
47
47
48
50
50
50
50
50
50
50
50
50
50
50
50
50
50
51
51
51
51
51
51
51
51
51
51
51
51
51
52
53
54
