17
17
17
17
17
17
17
17
17
17
17
19
19
19
19
19
19
19
20
20
20
20
20
20
20
21
21
21
21
21
21
21
22
22
22
22
22
22
22
23
23
23
23
23
23
23
24
24
24
24
24
24
24
26
26
26
26
26
26
26
26
26
26
26
27
27
27
27
27
27
27
27
27
27
27
28
28
28
28
28
28
28
28
28
28
28
29
29
29
29
29
29
29
29
29
29
29
30
30
30
30
30
30
30
30
30
30
30
31
31
31
31
31
31
31
31
31
31
31
32
32
32
32
32
32
32
32
32
32
32
32
32
32
32
33
33
33
33
33
33
33
33
33
33
33
33
33
33
33
34
34
34
34
34
34
34
34
34
34
34
34
34
43
43
43
43
43
43
43
43
43
45
45
45
45
48
48
48
48
51
51
51
51
51
51
53
53
53
53
53
53
54
54
54
54
54
54
55
55
55
55
55
55
56
56
56
56
62
62
62
62
62
62
62
63
63
63
63
63
63
64
66
66
66
66
66
66
67
67
67
67
67
68
70
70
70
70
70
70
71
71
71
71
71
71
71
71
71
72
74
74
74
74
74
74
75
75
75
76
84
84
84
84
84
84
85
85
85
85
85
85
85
85
85
85
85
85
85
85
85
86
94
94
94
94
94
94
97
97
97
97
97
97
97
98
104
104
104
104
104
104
105
105
105
105
105
105
105
106
106
106
106
106
106
106
107
108
108
108
108
108
108
108
108
108
109
109
109
109
109
110
111
111
111
111
111
111
111
111
111
112
112
112
112
113
114
114
114
114
115
121
121
121
121
121
121
122
122
122
122
122
122
122
123
123
123
123
123
123
123
124
126
126
126
126
126
126
126
126
126
127
127
127
127
127
127
127
127
128
128
128
128
128
128
129
130
130
130
130
130
130
130
131
132
132
132
132
132
132
132
132
132
133
133
133
133
134
135
135
135
135
135
136
136
136
136
136
136
137
138
138
138
138
139
139
139
139
139
140
145
145
145
145
145
145
146
146
146
146
147
147
147
147
147
147
147
147
147
147
147
148
148
148
148
149
150
150
151
151
151
151
151
151
151
152
152
152
152
152
152
152
153
153
153
153
154
154
155
156
157
158
158
158
158
159
165
165
165
165
165
165
166
166
166
166
167
167
167
168
174
174
174
174
174
174
175
175
175
175
175
175
175
175
176
176
176
176
176
176
176
176
177
177
177
177
177
177
177
178
178
178
178
178
178
178
179
179
179
179
179
179
179
180
180
180
180
180
180
180
180
180
180
180
181
181
181
181
181
181
181
182
182
182
182
182
182
182
183
184
185
186
186
186
186
186
186
186
186
186
187
187
187
188
190
190
190
190
190
192
192
192
192
192
192
192
192
193
193
193
194
200
200
200
200
200
200
200
200
201
201
201
201
201
201
201
202
202
202
203
203
203
203
203
203
203
204
204
205
205
205
205
206
206
206
206
206
206
206
206
206
206
206
207
207
208
208
209
209
210
211
218
218
218
218
218
218
219
219
219
219
219
220
220
220
220
220
220
220
221
221
221
221
222
223
223
223
223
223
223
223
223
224
224
224
224
224
224
224
225
225
225
225
225
225
225
225
225
226
227
227
227
227
227
227
227
228
228
228
228
228
229
230
230
231
231
231
231
232
233
233
233
234
242
242
242
242
242
242
243
243
243
243
243
243
243
244
244
244
244
245
246
246
247
247
247
247
248
249
249
249
249
249
249
249
249
250
250
250
250
250
250
250
251
251
251
251
251
251
251
252
252
252
252
252
252
252
252
252
252
252
252
252
252
252
252
253
254
256
256
256
257
265
265
265
265
265
265
266
266
266
266
266
267
269
269
269
269
269
269
270
270
270
270
270
270
270
271
271
271
271
271
271
271
271
271
271
271
271
272
272
272
272
272
272
272
272
272
273
280
280
280
280
280
280
281
281
281
281
281
281
281
282
282
282
282
282
282
282
282
283
284
284
284
285
290
290
290
290
290
290
291
291
291
291
292
298
298
298
298
298
298
299
299
299
300
307
307
307
307
307
307
308
308
308
308
309
309
309
309
309
309
309
310
310
310
310
310
310
310
311
311
311
311
311
312
313
314
314
314
315
322
322
322
322
322
322
322
329
329
329
329
329
329
330
330
330
330
335
335
335
335
335
335
336
336
336
336
337
337
337
337
337
337
337
337
337
338
338
338
338
338
338
338
338
338
339
339
339
340
341
342
342
342
343
347
347
347
347
347
347
347
347
347
348
348
348
349
353
353
353
353
353
353
353
353
353
354
354
354
354
354
354
354
354
354
355
355
355
356
357
358
358
358
359
366
366
366
366
366
366
366
376
376
376
376
376
376
376
376
377
377
377
377
377
377
378
378
378
379
380
381
