17
17
17
17
17
17
17
17
17
19
19
19
19
19
19
19
20
20
20
20
20
20
20
21
21
21
21
21
21
21
22
22
22
22
22
22
22
23
23
23
23
23
23
23
24
24
24
24
24
24
24
26
26
26
26
26
26
26
26
26
26
26
26
26
402
402
402
402
402
403
403
403
403
403
403
404
404
404
404
404
404
406
406
406
406
406
406
407
407
407
407
407
407
407
407
410
410
410
410
412
412
412
412
414
414
414
414
416
416
416
416
418
418
418
418
420
420
420
420
422
422
422
422
424
424
424
424
426
426
426
426
427
427
427
427
427
427
428
428
428
428
428
428
435
435
435
435
435
435
435
435
435
436
436
436
436
436
436
436
436
436
436
436
436
437
447
447
447
447
447
448
448
448
449
449
449
449
450
450
450
450
450
450
450
450
450
450
450
450
451
457
457
457
457
457
457
457
458
458
458
458
458
458
458
459
459
459
459
459
459
459
459
460
461
461
461
462
470
470
470
470
470
470
470
470
470
470
471
471
471
471
471
471
472
472
472
472
472
472
473
479
479
479
479
479
479
480
480
480
481
487
487
487
487
487
487
488
488
488
489
495
495
495
495
495
495
495
505
505
505
505
505
505
505
505
505
511
511
511
511
511
511
511
511
512
512
512
512
512
512
513
522
522
522
522
522
522
523
523
523
523
523
523
523
524
524
524
524
524
524
524
525
526
526
526
527
534
534
534
534
534
534
534
534
535
535
535
535
535
535
536
542
542
542
542
542
542
543
543
543
543
543
543
543
544
544
544
545
546
546
546
546
546
546
546
547
547
547
548
549
549
549
550
558
558
558
558
558
558
558
558
559
559
559
559
559
559
560
568
568
568
568
568
568
569
569
569
569
569
569
569
569
569
569
569
570
570
570
570
570
570
570
571
572
572
572
573
582
582
582
582
582
582
582
582
582
583
583
583
583
583
583
584
592
592
592
592
592
592
592
593
593
593
593
593
593
593
594
594
594
594
594
594
594
595
595
595
595
595
595
595
596
597
597
597
597
597
597
597
597
598
599
599
599
600
611
611
611
611
611
611
611
611
612
612
612
612
613
613
613
613
613
613
613
614
614
614
614
614
614
614
615
616
616
616
616
616
616
616
616
616
617
625
625
625
625
625
625
625
625
625
626
626
626
626
626
626
626
627
627
627
627
627
627
627
627
627
627
627
627
627
627
628
629
629
629
629
629
629
629
629
629
629
629
630
642
642
642
642
642
642
642
642
642
643
643
643
643
643
643
644
644
644
644
645
652
652
652
652
652
652
652
653
653
653
653
653
653
653
653
653
653
654
654
654
654
654
654
654
655
656
656
656
657
668
668
668
668
668
668
668
668
668
669
669
669
669
669
669
669
670
670
670
670
670
670
670
670
670
671
672
672
672
672
672
672
672
672
673
681
681
681
681
681
681
681
681
681
693
693
693
693
693
693
693
693
694
694
694
694
694
694
694
694
695
695
695
695
695
695
695
695
695
695
695
695
695
696
704
704
704
704
704
704
704
704
705
705
705
705
705
705
705
705
706
706
706
706
706
706
706
706
707
707
707
707
707
707
707
707
707
708
708
708
708
708
708
708
708
708
708
708
708
709
709
709
709
709
709
709
709
709
709
709
710
711
711
711
712
720
720
720
720
720
720
720
720
720
729
729
729
729
729
729
729
729
729
729
729
729
741
741
741
741
741
741
741
741
741
741
741
741
752
752
752
752
752
752
752
752
752
771
771
771
771
771
771
771
771
771
771
771
771
777
777
777
777
777
777
777
777
777
783
783
783
783
783
783
783
783
783
792
792
792
792
792
792
792
792
792
812
812
812
812
812
812
812
812
812
822
822
822
822
822
822
822
822
822
829
829
829
829
829
829
829
829
830
830
830
830
830
830
831
838
838
838
838
838
838
839
839
839
839
839
839
839
839
839
839
839
840
840
840
840
840
840
840
841
842
842
842
843
851
851
851
851
851
851
851
851
852
852
852
852
852
852
852
853
853
853
853
853
853
853
854
854
854
854
854
854
854
854
854
854
855
856
856
856
856
857
858
858
858
858
859
866
866
866
866
866
866
866
866
867
867
867
867
867
867
868
875
875
875
875
875
875
876
876
876
876
876
876
876
876
876
876
876
877
877
877
877
877
877
877
878
879
879
879
880
888
888
888
888
888
888
888
888
888
888
888
889
889
889
889
889
889
889
890
890
890
890
890
890
890
891
891
891
891
891
891
891
891
891
891
891
891
892
893
893
893
893
894
895
895
895
895
896
904
904
904
904
904
904
904
904
904
904
904
905
905
905
905
905
905
905
906
906
906
906
906
906
906
907
907
907
907
907
907
907
908
908
908
908
908
908
908
908
908
908
909
910
910
910
910
910
911
911
911
911
912
920
920
920
920
920
920
920
920
920
920
920
921
921
921
921
922
922
922
922
922
922
922
923
935
935
935
935
935
935
935
935
936
936
936
936
937
937
937
937
937
937
937
938
946
946
946
946
946
946
946
946
947
947
947
947
948
948
948
948
948
948
948
949
960
960
960
960
960
960
960
960
961
961
961
961
962
962
962
962
962
962
962
963
972
972
972
972
972
972
973
973
973
973
974
974
974
974
974
974
974
975
982
982
982
982
982
982
982
982
983
983
983
983
984
984
984
984
984
984
984
985
986
987
