18
18
18
18
18
18
18
18
18
20
20
20
20
20
20
20
21
21
21
21
21
21
21
22
22
22
22
22
22
22
23
23
23
23
23
23
23
41
41
41
41
41
41
41
41
55
55
55
55
55
55
58
58
58
58
61
61
61
61
64
64
64
64
67
67
67
67
70
70
70
70
73
73
73
73
76
76
76
76
76
76
79
79
79
79
79
79
79
79
79
79
79
82
82
82
82
90
90
90
90
90
90
90
90
90
90
91
91
91
91
91
92
100
100
100
100
100
100
100
100
100
101
101
101
101
101
101
102
102
102
103
111
111
111
111
111
111
112
112
112
112
112
112
112
112
112
112
112
113
113
113
113
113
113
113
114
115
115
115
115
115
115
115
116
124
124
124
124
124
124
124
124
124
125
125
125
125
125
125
126
126
126
127
134
134
134
134
134
134
135
135
135
135
135
135
136
144
144
144
144
144
144
144
144
144
146
146
146
146
146
146
146
146
146
146
147
147
147
148
155
155
155
155
155
155
156
156
156
156
156
156
157
157
157
158
166
166
166
166
166
166
166
166
166
167
167
167
167
167
167
168
168
168
169
177
177
177
177
177
177
177
177
177
178
178
178
178
178
178
179
179
179
180
190
190
190
190
190
190
190
190
190
190
191
191
191
191
191
191
191
191
191
191
191
192
192
192
193
201
201
201
201
201
201
201
201
201
202
202
202
202
202
202
203
203
203
204
211
211
211
211
211
211
212
212
212
212
212
212
213
221
221
221
221
221
221
221
221
221
222
222
222
222
222
222
223
223
223
224
232
232
232
232
232
232
232
232
232
232
232
232
233
233
233
233
233
233
234
234
234
235
242
242
242
242
242
242
243
243
243
243
243
243
244
266
266
266
266
266
266
266
266
266
267
267
267
267
268
268
268
269
270
273
273
273
273
273
273
273
273
273
276
276
276
276
276
276
276
276
276
279
279
279
279
279
279
279
279
287
287
287
287
287
287
287
288
288
288
288
288
288
289
299
299
299
299
299
299
299
299
299
299
300
300
300
300
300
300
300
301
304
304
304
304
304
307
307
307
307
310
310
310
310
313
313
313
313
316
316
316
316
319
319
319
319
322
322
322
322
322
322
325
325
325
325
325
325
325
325
325
325
325
328
328
328
328
328
328
328
328
328
328
328
328
328
328
331
331
331
331
338
338
338
338
338
338
338
338
339
339
339
339
339
339
339
339
340
340
340
340
340
340
340
340
341
341
341
341
341
341
341
341
342
342
342
342
342
342
342
342
343
343
343
343
343
343
343
343
344
344
344
344
344
344
344
344
345
345
345
345
345
345
345
345
346
346
346
346
346
346
346
346
347
347
347
347
347
347
347
347
348
359
359
359
359
359
359
359
359
359
359
359
359
359
359
359
359
359
359
360
360
360
360
360
360
360
360
360
360
360
361
371
371
371
371
371
371
371
371
371
371
371
371
371
371
372
372
372
372
372
372
372
372
372
372
372
373
385
385
385
385
385
385
385
385
385
385
385
385
385
385
385
385
385
385
385
385
385
385
387
387
387
387
387
387
387
387
387
387
387
388
388
388
388
388
388
391
391
391
391
391
392
392
392
392
392
392
393
395
395
395
395
395
395
396
404
404
404
404
404
405
405
405
405
405
405
405
405
405
405
405
405
405
405
405
405
405
405
405
405
405
405
405
405
405
405
405
405
405
406
416
416
416
416
416
416
416
416
416
417
417
417
417
417
417
417
417
418
418
418
418
418
418
418
419
422
422
422
422
422
422
422
423
434
434
435
435
435
435
435
435
435
435
435
436
436
436
436
437
437
437
437
437
438
445
445
445
445
445
445
445
445
446
446
446
446
446
446
446
447
447
447
447
447
447
447
448
449
449
449
449
449
450
458
458
458
458
458
459
459
459
459
459
459
460
471
471
472
472
472
472
472
472
473
473
474
474
474
474
474
474
474
474
474
474
474
474
474
475
475
475
475
475
475
475
475
475
475
475
475
476
476
476
477
477
477
477
477
477
477
477
478
478
478
478
478
478
478
478
478
478
478
478
478
479
480
482
482
483
483
483
483
483
483
483
483
483
484
484
484
484
484
484
484
485
485
485
486
487
487
487
487
487
487
487
487
487
487
488
488
488
489
490
490
490
490
490
490
490
490
490
491
491
491
491
491
491
491
491
491
491
491
491
491
491
491
491
491
491
491
491
491
491
491
492
499
499
499
499
499
499
500
500
500
501
516
516
516
516
516
516
517
517
517
518
525
525
525
525
525
525
526
526
526
527
535
535
535
535
535
535
536
536
536
536
536
536
536
536
536
536
537
544
544
544
544
544
546
546
546
546
546
546
546
546
546
547
554
554
554
554
554
554
555
555
555
556
566
566
566
566
566
566
567
567
567
568
575
575
575
575
575
575
576
576
576
577
584
584
584
584
584
584
585
585
585
585
585
585
585
585
585
585
585
585
585
585
586
597
597
597
597
597
597
597
597
597
597
597
598
598
598
598
598
598
598
598
598
598
598
598
598
598
599
608
608
608
608
608
608
608
608
608
609
609
609
609
609
609
609
609
611
611
611
611
611
611
611
611
611
612
619
619
619
619
619
619
619
619
620
620
620
620
620
620
620
620
620
620
620
620
620
620
620
620
620
620
620
620
620
620
621
628
628
628
628
628
628
629
629
629
630
637
637
637
637
637
637
637
637
637
638
638
638
639
646
646
646
646
646
646
647
647
647
647
647
647
647
647
647
648
655
655
655
655
655
655
656
656
656
656
656
656
656
656
656
656
656
656
657
664
664
664
664
664
664
665
665
665
665
665
665
665
665
665
666
668
668
669
669
669
669
669
669
670
670
670
670
670
670
670
670
670
670
671
678
678
678
678
678
678
679
679
679
679
679
680
687
687
687
687
687
687
688
688
688
688
688
688
688
689
694
694
694
694
694
694
695
695
695
696
704
704
704
704
704
704
705
705
705
705
705
706
713
713
713
713
713
713
714
714
714
715
726
726
726
726
726
726
726
726
728
728
728
728
728
728
728
730
730
730
730
730
730
730
730
733
733
733
733
733
733
733
733
733
733
736
736
736
736
736
736
736
736
738
738
738
738
738
738
738
738
738
738
738
738
738
739
739
740
743
743
743
743
743
743
743
743
743
743
743
743
746
746
746
746
746
746
746
746
746
746
746
749
749
749
749
749
749
749
749
749
750
751
754
754
754
754
754
755
763
763
763
763
763
764
764
764
764
764
765
765
765
766
767
767
767
767
767
767
767
768
768
768
768
768
768
768
769
770
770
770
770
770
771
778
778
778
778
778
778
778
778
778
779
779
779
779
779
779
780
787
787
787
787
787
787
787
787
787
788
788
788
788
788
788
789
797
797
797
797
797
797
797
797
797
798
798
798
798
798
798
799
806
806
806
806
806
806
806
806
806
807
807
807
807
807
807
808
815
815
815
815
815
815
815
815
815
816
816
816
816
816
816
817
824
824
824
824
824
824
824
824
824
825
825
825
825
825
825
826
834
834
834
834
834
834
834
834
834
834
834
834
835
835
835
835
835
835
836
848
848
849
849
849
849
849
849
849
849
849
850
850
850
850
850
850
850
850
850
850
850
851
858
858
858
858
858
858
858
858
858
859
859
859
859
859
859
860
867
867
868
868
868
868
868
868
869
869
869
869
869
869
869
869
869
869
869
869
869
869
871
871
871
871
871
871
871
873
873
873
873
873
873
873
874
874
874
874
874
874
874
874
874
874
874
874
875
877
877
877
877
877
877
877
879
879
879
879
879
879
879
880
880
880
880
880
880
880
881
881
881
881
881
881
881
881
881
882
882
882
882
882
882
882
883
885
885
885
885
885
885
885
885
885
885
885
885
887
887
887
887
887
887
887
888
888
888
888
888
888
888
888
888
888
888
888
889
891
891
891
891
891
891
891
893
893
893
893
893
893
893
894
895
896
