17
17
17
17
17
17
17
17
17
17
17
19
19
19
19
19
19
19
19
19
20
20
20
20
20
20
20
20
20
27
27
27
27
33
33
33
33
33
35
35
35
35
35
35
35
35
37
37
37
37
37
37
39
39
39
39
39
39
39
39
39
40
40
40
40
40
40
41
42
42
42
42
42
42
42
42
42
42
42
42
47
47
47
47
47
47
47
47
47
47
47
48
48
48
48
48
48
48
48
48
49
49
49
49
49
49
49
49
49
49
49
49
49
49
49
49
49
50
50
50
50
50
50
50
50
50
50
51
51
51
51
51
51
51
51
51
51
51
52
52
52
52
52
52
52
53
54
55
55
55
55
55
55
55
56
58
58
58
58
58
58
59
59
59
59
59
59
59
59
59
60
69
69
70
70
70
70
70
70
71
71
71
71
71
71
71
71
72
72
72
72
72
72
72
72
72
73
73
73
73
73
73
73
73
73
74
76
76
76
76
76
76
77
85
85
85
85
85
85
86
86
86
86
86
86
86
86
87
87
87
87
87
87
87
87
88
88
88
88
88
88
88
88
88
88
88
88
88
88
88
88
88
88
88
89
89
89
89
89
89
89
89
89
90
92
92
92
92
92
92
92
92
93
93
93
93
93
93
93
93
94
94
94
94
94
94
94
94
94
94
94
94
95
95
95
95
95
95
95
96
96
96
97
98
98
98
98
98
98
98
98
98
98
98
98
98
98
98
98
98
98
98
98
98
98
98
98
98
98
99
99
99
99
99
99
99
99
99
99
99
99
99
100
101
101
101
102
104
104
104
104
104
104
105
105
105
105
105
105
105
105
105
106
108
108
108
108
108
108
109
109
109
109
109
109
109
109
109
109
109
109
109
109
109
109
110
118
118
118
118
118
118
119
119
119
119
119
119
119
119
119
119
119
120
128
128
128
128
128
128
129
129
129
129
129
129
129
129
129
129
129
130
132
132
132
132
132
132
133
133
133
133
133
133
133
133
133
134
136
136
136
136
136
136
137
137
137
137
137
137
137
137
137
138
140
140
140
140
140
140
141
141
141
141
141
141
141
141
141
141
141
142
144
144
144
144
144
144
145
145
145
145
145
145
145
145
145
145
145
146
148
148
148
148
148
148
149
149
149
149
149
149
149
150
150
150
150
150
150
150
150
150
150
150
150
150
150
150
150
151
162
162
162
162
162
162
162
162
162
163
163
163
163
163
163
163
164
164
164
165
166
166
166
166
166
166
166
166
167
167
167
167
167
167
167
167
167
167
168
168
168
168
168
168
168
168
168
168
169
169
169
169
169
169
169
169
169
170
180
180
180
180
180
180
180
180
180
181
181
181
181
181
181
181
181
181
182
184
184
184
184
184
184
185
185
185
185
185
185
185
186
186
186
186
186
186
186
186
186
186
186
186
186
186
186
186
187
190
190
190
190
190
190
190
190
190
190
190
190
195
195
195
195
195
195
195
195
195
195
195
196
196
196
196
196
196
196
196
196
196
196
196
197
197
197
197
197
197
197
197
197
197
197
197
197
197
197
198
198
198
198
198
198
198
198
198
198
198
198
198
198
198
198
198
198
198
199
200
200
200
201
207
207
208
208
208
208
208
208
209
209
209
209
209
209
209
209
209
210
210
210
210
210
210
210
210
210
210
210
210
210
210
210
210
210
210
211
211
211
211
211
211
211
211
211
211
211
211
211
211
211
211
211
212
212
212
212
212
212
212
212
212
212
212
212
212
212
212
212
212
213
213
213
213
213
213
213
213
213
213
213
213
213
213
213
213
213
214
214
214
214
214
214
214
214
214
214
214
214
214
214
214
214
214
215
215
215
215
215
215
215
215
215
215
215
215
215
215
215
215
215
216
216
216
216
216
216
216
216
216
216
216
216
216
216
216
216
216
216
217
217
217
217
217
217
217
218
219
220
220
220
220
220
220
220
220
221
221
221
221
221
221
221
221
221
221
222
222
222
222
222
222
222
222
222
222
222
222
222
223
223
223
223
223
223
223
223
223
223
223
223
223
225
225
225
225
225
225
225
225
227
227
227
227
227
227
227
227
232
232
232
232
232
232
232
232
232
232
233
233
233
233
233
234
234
234
234
234
234
234
234
234
234
234
234
234
234
234
235
235
235
235
235
235
235
235
235
235
235
235
235
235
235
235
235
235
235
235
235
235
235
236
236
236
236
236
236
236
236
236
236
236
236
236
236
236
236
236
237
238
238
238
239
245
245
245
245
245
245
245
245
245
245
245
245
245
245
245
245
245
245
246
246
246
246
246
246
246
246
246
246
246
247
247
247
248
250
250
250
250
250
250
250
250
250
250
250
250
250
250
250
250
250
250
250
251
255
255
255
255
255
255
255
255
255
255
256
256
256
256
256
256
256
256
256
256
256
257
257
257
257
257
257
257
257
257
258
258
258
258
258
258
259
260
260
260
260
260
260
260
260
260
260
260
260
260
260
261
263
263
263
263
263
266
266
266
266
266
268
268
268
268
268
271
271
271
271
271
274
274
274
274
284
284
284
284
284
284
284
284
285
285
285
285
285
285
285
285
285
285
285
287
287
287
287
287
287
287
287
287
287
288
288
288
288
288
288
288
288
288
288
288
288
288
288
289
290
290
290
290
290
290
290
290
290
294
294
294
294
294
294
294
294
294
294
294
294
294
294
294
294
294
294
294
294
294
294
294
294
294
303
303
303
303
303
303
303
303
303
303
303
303
303
303
306
306
306
306
306
306
306
306
309
309
309
309
309
309
309
309
309
310
319
319
319
319
319
319
319
319
319
319
319
319
320
320
320
320
320
320
320
320
320
321
321
321
321
321
321
321
321
321
323
323
323
323
323
323
323
323
323
323
323
323
323
323
323
323
323
323
323
323
323
324
324
324
324
324
324
324
324
324
324
324
324
324
324
325
328
328
328
328
328
328
328
328
328
328
328
328
331
331
331
331
331
331
331
331
331
331
331
331
331
332
338
338
338
338
338
338
338
338
338
338
338
338
338
338
340
340
340
340
340
340
341
341
341
341
341
341
341
341
341
341
341
341
341
341
341
341
341
341
341
341
341
342
344
344
344
344
344
344
345
345
345
345
345
345
345
345
345
345
345
345
345
345
345
345
345
345
345
345
345
346
354
354
354
354
354
354
355
355
355
356
362
362
362
362
362
362
362
363
363
363
363
363
363
363
363
363
363
363
363
363
363
364
364
364
364
364
364
364
364
364
364
364
364
364
364
364
364
364
364
365
365
365
365
365
365
365
365
365
365
365
365
365
365
366
366
366
366
366
366
366
366
366
366
366
366
367
367
367
367
367
367
367
367
367
367
367
367
368
368
368
368
368
369
378
378
378
378
378
378
378
378
378
379
379
379
379
379
379
380
382
383
