17
17
17
17
17
17
17
17
17
17
17
17
17
19
19
19
19
19
19
19
19
19
19
19
20
20
20
20
20
20
20
20
20
20
20
20
20
21
21
21
21
21
21
21
21
21
21
21
21
21
21
21
26
26
26
26
26
26
27
27
27
27
27
27
28
28
28
28
28
35
35
35
35
35
35
35
35
35
35
35
35
36
36
36
36
36
37
37
37
37
37
37
38
40
40
41
41
41
41
41
41
42
42
42
43
45
45
46
46
46
46
46
46
47
47
47
47
47
47
47
47
47
47
47
47
47
48
48
48
49
50
50
50
50
50
50
50
50
50
50
50
50
50
50
50
50
50
51
53
53
54
54
54
54
54
54
54
54
54
55
55
55
55
55
55
55
56
56
56
56
56
56
56
56
56
56
56
56
56
56
56
56
56
57
59
59
60
60
60
60
60
60
61
61
61
61
61
62
62
62
63
64
64
64
64
65
65
65
66
68
68
69
69
69
69
69
69
70
70
70
70
70
70
70
70
71
72
73
