17
17
17
17
17
17
17
17
17
17
17
19
19
19
19
19
19
19
21
21
21
21
21
21
21
21
21
21
21
22
22
22
22
22
22
22
22
22
22
22
23
23
23
23
23
23
23
23
23
23
23
24
24
24
24
24
24
24
24
24
24
24
24
24
24
24
29
29
29
29
29
29
31
31
31
31
31
32
32
32
32
32
39
39
39
39
39
39
39
39
39
39
39
39
40
40
40
40
40
40
41
41
41
41
41
41
42
48
48
48
48
48
48
49
49
49
50
56
56
56
56
56
56
57
57
57
58
60
60
61
61
61
61
61
61
62
62
62
63
65
65
66
66
66
66
66
66
66
66
66
67
67
67
67
67
67
67
67
68
68
68
68
68
68
68
69
71
71
72
72
72
72
72
72
72
72
72
72
72
72
72
73
73
73
73
73
73
73
73
74
74
74
74
74
74
74
74
74
75
77
77
78
78
78
78
78
78
78
78
78
78
78
78
78
79
79
79
79
79
79
79
80
80
80
80
80
80
80
80
80
81
83
83
84
84
84
84
84
84
84
84
84
85
85
85
85
85
85
85
85
86
86
86
86
86
86
86
87
89
89
90
90
90
90
90
90
90
90
90
90
90
90
90
91
91
91
91
91
91
91
91
92
92
92
92
92
92
92
92
92
93
95
95
96
96
96
96
96
96
96
96
96
97
97
97
97
97
97
97
97
98
98
98
98
98
98
98
99
101
101
102
102
102
102
102
102
102
102
102
102
102
102
102
103
103
103
103
103
103
103
103
104
104
104
104
104
104
104
105
107
107
108
108
108
108
108
108
108
108
108
109
109
109
109
109
109
109
109
110
110
110
110
110
110
110
111
113
113
114
114
114
114
114
114
114
114
114
115
115
115
115
115
115
115
115
115
115
115
115
115
115
116
118
118
119
119
119
119
119
119
119
119
119
120
120
120
120
120
120
120
120
120
120
120
120
120
120
121
122
123
