1
1
1
1
1
1
1
1
1
1
1
1
1
3
3
3
3
3
3
3
5
5
5
5
5
5
5
5
5
5
5
6
6
6
6
6
6
6
6
6
6
6
7
7
7
7
7
7
7
7
7
7
7
8
8
8
8
8
8
8
8
8
8
8
8
8
9
9
9
9
9
9
9
9
9
9
9
9
9
10
10
10
10
10
10
10
10
10
10
10
10
10
11
11
11
11
11
11
11
11
11
11
11
11
11
19
19
19
20
20
21
22
22
22
22
22
22
22
22
34
34
34
34
34
34
34
37
37
37
37
37
37
37
37
37
37
38
40
40
40
40
40
40
41
41
41
41
41
41
41
41
41
41
42
42
42
42
42
42
42
42
42
42
42
43
45
45
45
45
45
45
45
45
45
45
45
45
45
47
47
47
47
47
47
47
47
47
47
48
48
48
48
48
48
48
49
51
51
51
51
51
51
51
51
51
51
52
52
52
52
52
52
52
53
56
56
56
56
56
56
56
56
56
56
57
57
57
57
57
57
57
58
60
60
61
61
61
61
61
61
62
62
62
62
62
62
62
63
65
65
66
66
66
66
66
66
66
67
67
67
67
67
67
67
68
68
68
68
68
68
68
68
68
68
68
68
68
69
71
71
72
72
72
72
72
72
72
72
74
74
74
74
74
74
74
74
74
75
77
77
78
78
78
78
78
78
78
78
79
79
79
79
79
79
79
79
79
80
82
82
83
83
83
83
83
83
83
83
84
84
84
84
84
84
84
84
84
85
93
93
94
94
94
94
94
94
94
94
94
94
95
95
95
95
95
95
95
95
95
96
96
97
100
100
100
100
100
100
100
100
100
101
101
101
101
101
101
101
101
101
101
101
101
102
103
103
103
103
103
103
103
104
104
104
104
104
104
104
104
104
104
105
106
106
106
106
106
106
106
106
106
106
106
106
107
111
111
112
112
112
112
112
112
112
112
112
112
112
112
112
113
113
113
113
113
113
114
114
115
118
118
118
118
118
120
120
120
120
120
120
120
120
120
120
120
120
120
126
126
126
126
126
126
126
126
126
126
127
127
127
127
127
127
127
127
127
128
128
128
128
128
128
128
128
128
129
129
129
129
129
129
129
129
129
129
130
130
130
130
130
130
130
130
131
132
132
132
133
133
133
133
133
133
134
135
136
136
136
137
139
140
