6
6
6
6
6
6
6
6
6
6
6
8
8
8
8
8
8
8
8
8
8
8
8
8
8
9
9
9
9
9
9
9
9
9
9
9
9
9
9
11
11
11
11
11
11
11
12
12
12
12
12
12
12
13
13
13
13
13
13
13
13
13
14
14
14
14
14
14
14
14
14
15
15
15
15
15
15
15
16
16
16
16
16
16
16
17
17
17
17
17
17
17
19
19
19
19
19
19
19
19
19
19
19
20
20
20
20
20
20
20
20
20
20
20
22
22
22
22
22
22
22
23
24
24
24
24
26
26
26
26
26
26
26
28
28
28
28
28
28
28
28
29
30
30
30
30
32
32
32
32
32
32
32
32
32
32
32
32
32
34
34
34
34
34
34
34
34
34
34
34
34
34
35
36
36
36
36
36
36
36
36
36
37
39
39
39
39
39
39
39
39
40
42
42
43
43
43
43
43
43
43
43
43
43
43
43
43
43
43
43
43
43
43
43
43
43
43
43
43
43
43
43
43
43
44
45
45
45
45
45
45
45
45
45
45
45
45
45
47
47
47
47
47
47
47
47
47
47
47
49
49
49
49
49
49
49
50
51
51
51
51
51
51
51
51
51
51
51
51
51
51
52
54
54
54
54
54
54
54
54
54
54
55
56
56
56
56
56
56
56
58
58
58
58
58
58
58
58
58
58
59
61
61
61
61
61
61
61
63
63
63
63
63
63
63
63
63
63
64
66
66
67
67
67
67
67
67
67
68
69
69
69
69
69
69
69
69
69
70
70
70
70
70
70
70
70
70
70
70
70
70
70
70
70
70
70
70
70
70
70
70
70
71
73
73
74
74
74
74
74
74
74
75
77
77
77
77
77
77
77
77
78
79
79
