18
18
18
18
18
18
18
18
18
20
20
20
20
20
20
20
21
21
21
21
21
21
21
22
22
22
22
22
22
22
23
23
23
23
23
23
23
24
24
24
24
24
24
24
25
25
25
25
25
25
25
26
26
26
26
26
26
26
36
36
36
36
36
36
42
42
42
42
42
42
46
46
46
46
46
46
46
46
46
46
55
55
55
55
55
55
55
55
55
56
56
56
56
56
56
56
57
57
57
58
67
67
67
67
67
67
67
67
67
68
68
68
68
68
68
68
69
69
69
70
72
72
72
72
72
72
73
73
73
74
75
78
78
78
78
78
78
78
78
81
81
81
81
81
81
81
81
81
81
81
81
81
81
81
84
84
84
84
84
84
84
84
84
84
84
84
84
84
84
89
89
89
89
89
91
98
98
98
98
98
98
98
98
98
99
99
99
99
99
99
99
100
107
107
107
107
107
107
107
107
107
108
108
108
108
108
108
108
109
116
116
116
116
116
116
116
116
116
117
117
117
118
125
125
125
125
125
125
125
125
126
126
126
126
126
126
126
126
126
126
126
126
126
126
126
126
128
128
128
128
128
128
128
130
130
130
131
140
140
141
141
141
141
141
141
141
141
141
142
142
142
142
142
142
142
142
142
142
142
143
152
152
153
153
153
153
153
153
153
153
153
154
154
155
155
155
155
155
155
156
156
156
156
156
156
156
156
157
157
157
157
157
157
157
157
157
157
157
157
157
157
157
157
157
157
157
158
158
158
159
160
172
172
172
172
172
172
172
172
172
173
173
173
173
173
173
173
173
173
175
175
175
175
175
175
175
175
175
176
176
176
176
176
176
176
176
176
176
177
177
177
177
177
177
177
177
177
177
177
177
177
178
178
178
178
178
178
178
178
178
178
178
180
180
180
180
180
180
180
180
180
180
180
180
180
180
180
180
180
180
180
181
181
181
181
181
181
181
181
181
181
181
181
181
183
183
183
183
183
183
183
183
183
183
183
183
183
183
184
185
186
188
188
188
189
201
201
201
201
201
201
201
201
201
202
202
202
202
202
202
202
202
202
204
204
204
204
204
204
204
204
204
205
205
205
205
205
205
205
205
205
205
205
205
205
205
205
205
205
205
205
205
205
205
205
205
205
206
206
206
206
206
206
206
206
206
206
206
206
206
207
207
207
207
207
207
207
207
207
207
207
209
209
209
209
209
209
209
209
209
209
209
209
209
209
209
209
209
209
209
210
210
210
210
210
210
210
210
210
210
210
210
210
212
212
212
212
212
212
212
212
212
212
212
212
212
212
213
214
215
217
217
217
218
225
225
225
225
225
225
225
225
226
226
226
226
226
226
226
226
226
229
229
229
229
229
229
229
229
229
229
229
229
229
229
229
229
232
232
232
232
232
232
232
232
233
241
241
241
241
241
241
241
241
241
242
242
242
242
242
242
242
242
242
242
242
243
252
252
252
252
252
252
252
252
252
252
252
252
252
253
253
253
253
253
253
253
253
253
253
253
253
253
254
263
263
263
263
263
263
263
263
263
264
264
264
264
264
264
264
265
265
265
266
267
267
267
267
267
267
267
267
267
267
267
268
268
268
268
268
268
268
268
268
268
268
268
269
279
279
279
279
279
279
279
279
279
279
279
279
279
280
280
280
280
280
280
280
280
280
281
281
281
281
281
281
281
281
281
282
290
290
290
290
290
290
290
290
290
291
291
291
291
291
291
291
291
291
292
301
301
301
301
301
301
301
301
301
301
301
301
301
302
302
302
302
302
302
302
302
302
302
302
303
311
311
311
311
311
311
311
311
311
311
311
312
312
312
312
312
312
312
312
312
312
312
313
322
322
322
322
322
322
322
322
322
322
322
323
323
323
323
323
323
323
323
323
323
323
323
323
323
325
325
325
325
325
325
325
325
325
326
326
326
326
326
326
326
326
326
326
327
327
327
327
327
327
327
327
327
327
327
328
329
331
331
331
331
331
331
331
331
331
331
331
331
331
331
331
331
331
331
331
331
331
331
331
331
332
340
340
340
340
340
340
340
340
340
340
340
341
341
341
341
341
341
341
341
341
342
353
353
353
353
353
353
353
353
353
353
353
354
354
354
354
354
354
354
354
354
354
354
355
366
366
366
366
366
366
366
366
366
366
366
367
367
367
367
367
367
367
368
368
368
369
370
370
370
370
370
370
370
370
370
371
371
371
371
371
371
371
372
372
372
373
374
374
374
374
374
374
374
374
374
374
374
374
374
374
375
386
386
386
386
386
386
386
386
386
386
386
387
387
387
387
387
387
387
387
387
388
414
414
414
414
414
414
414
414
414
415
415
415
415
415
415
415
415
415
415
415
416
425
425
425
425
425
425
425
425
425
426
426
426
426
426
426
426
426
427
435
435
435
435
435
435
435
435
435
436
436
436
436
436
436
436
436
436
437
444
444
444
444
444
444
444
444
444
445
445
445
445
445
445
445
446
454
454
454
454
454
454
454
454
455
455
455
455
455
455
455
455
455
456
456
456
456
456
456
456
456
456
457
457
457
457
457
457
457
457
457
457
457
457
457
457
457
457
457
457
457
457
457
457
457
457
457
458
458
458
459
461
462
462
462
463
464
465
