17
17
17
17
17
17
17
17
17
17
17
17
17
17
17
19
19
19
19
19
19
19
20
20
20
20
20
20
20
21
21
21
21
21
21
21
23
23
23
23
23
23
23
23
23
23
23
23
23
24
24
24
24
24
24
24
24
24
24
24
24
24
24
24
25
25
25
25
25
25
25
25
25
25
25
25
25
25
25
26
26
26
26
26
26
26
27
27
27
27
27
27
27
28
28
28
28
28
28
28
33
33
33
33
33
33
34
34
34
34
35
35
35
35
36
36
36
36
36
36
43
43
43
43
43
43
43
43
43
43
44
44
44
44
44
44
45
45
45
45
45
45
45
45
45
45
45
46
46
46
46
46
46
46
46
46
46
46
46
47
47
47
47
47
47
47
47
47
48
48
48
48
48
49
49
49
49
49
49
49
50
50
50
50
50
50
50
50
50
50
51
51
51
51
51
51
52
53
53
54
54
54
54
54
54
54
54
54
54
54
54
54
54
55
55
55
55
55
55
55
56
56
56
56
56
56
56
56
56
56
56
57
58
58
58
58
58
58
58
60
60
60
60
60
60
61
61
62
63
64
65
65
66
66
66
66
66
66
67
69
69
69
69
69
69
69
69
69
70
70
70
70
70
70
70
70
70
70
70
71
71
71
71
71
71
71
72
72
72
72
72
72
72
72
72
72
72
72
73
73
73
73
73
73
73
74
74
74
74
74
74
74
75
76
77
77
78
78
78
78
78
78
78
79
79
79
79
79
79
79
79
79
80
80
80
80
80
80
80
80
80
80
80
80
80
80
80
80
80
80
80
81
81
81
81
81
81
81
81
81
81
81
81
81
82
82
82
82
82
82
82
83
83
83
83
83
83
83
83
83
83
83
83
83
84
84
84
84
84
84
84
85
86
87
88
89
91
91
91
91
91
91
92
92
92
92
92
92
92
93
93
93
93
93
93
93
93
93
94
94
94
95
96
96
96
96
97
98
98
98
98
98
98
98
99
99
99
99
99
99
99
100
100
100
100
101
102
102
102
102
103
103
104
104
104
104
104
104
104
104
104
104
104
105
107
107
107
107
107
107
108
108
108
109
111
111
111
111
111
111
111
111
112
112
112
112
112
112
112
113
113
113
114
115
115
115
115
115
115
116
116
116
116
116
116
116
116
116
116
116
116
116
117
118
119
