17
17
17
17
17
17
17
17
17
19
19
19
19
19
19
19
20
20
20
20
20
20
20
21
21
21
21
21
21
21
22
22
22
22
22
22
22
23
23
23
23
23
23
23
24
24
24
24
24
24
24
25
25
25
25
25
25
25
26
26
26
26
26
26
26
26
26
26
26
26
26
41
41
41
41
41
44
44
44
44
44
44
45
45
48
48
48
48
48
48
49
49
55
55
55
55
55
55
55
55
55
55
55
55
55
60
60
60
60
60
62
100
100
100
100
100
100
100
101
101
101
102
102
103
103
103
103
103
103
103
103
103
103
103
103
104
104
104
104
104
104
104
104
104
104
104
105
106
106
106
106
106
106
107
107
107
107
107
107
107
108
109
109
109
109
109
109
110
110
110
110
110
110
110
111
112
112
112
112
112
112
113
113
113
113
113
113
113
114
115
115
115
116
128
128
128
128
128
129
129
129
130
130
130
130
139
139
139
139
139
139
139
140
140
141
141
142
142
142
142
142
142
142
142
142
142
142
143
144
144
144
144
144
144
146
147
157
157
157
157
157
157
157
157
157
157
157
157
159
159
160
160
160
160
160
160
160
160
160
160
161
161
161
161
161
161
161
162
162
162
162
162
163
163
163
163
163
163
164
164
164
164
164
165
166
166
166
167
169
170
170
170
170
170
170
172
175
175
176
176
176
176
176
176
176
176
176
176
177
177
177
178
179
179
179
179
180
180
181
181
181
181
182
182
182
183
183
183
183
183
183
183
183
183
184
184
184
184
184
184
184
184
184
185
185
185
185
185
185
185
185
186
186
186
186
186
186
186
186
186
187
187
188
188
188
188
188
188
188
189
190
190
191
191
191
191
191
191
191
192
192
193
193
193
193
193
193
194
195
195
195
195
195
195
197
198
199
200
200
200
200
200
200
200
200
200
200
201
201
201
201
201
201
201
202
202
202
202
202
203
203
203
203
203
203
204
204
204
204
204
205
206
206
206
207
208
209
210
210
210
210
210
210
211
211
211
211
211
212
212
212
212
212
212
213
214
216
216
216
216
216
216
216
218
218
219
219
219
219
219
219
219
219
219
219
219
220
220
220
221
221
221
221
221
221
221
222
222
222
222
222
222
222
222
222
223
224
224
225
225
225
225
225
225
225
225
225
226
228
228
228
228
228
228
228
229
229
229
229
229
230
230
230
230
230
230
230
230
230
230
230
231
232
232
232
232
232
232
232
232
232
232
232
232
232
232
232
234
234
234
234
234
235
235
236
236
236
236
236
236
236
236
237
238
238
239
239
240
240
240
240
240
240
241
242
242
242
242
242
242
244
245
247
247
247
247
247
247
247
247
247
247
247
247
247
247
247
248
248
248
248
248
249
249
249
249
249
249
250
250
250
250
250
251
252
252
252
253
254
255
256
256
256
256
256
256
257
257
257
257
257
258
258
258
258
258
258
259
260
261
261
261
262
263
264
