6
6
6
6
6
6
6
6
6
8
8
8
8
8
8
8
8
8
8
8
8
8
8
9
9
9
9
9
9
9
9
9
9
9
9
9
9
11
11
11
11
11
11
11
12
12
12
12
12
12
12
13
13
13
13
13
13
13
13
13
14
14
14
14
14
14
14
14
14
15
15
15
15
15
15
15
15
15
16
16
16
16
16
16
16
17
17
17
17
17
17
17
19
19
19
19
19
19
19
19
19
19
19
20
20
20
20
20
20
20
20
20
20
20
20
20
21
21
21
21
21
21
21
21
21
22
22
22
22
22
22
22
22
22
24
24
24
24
24
24
25
26
26
26
26
26
26
26
26
26
26
26
26
26
26
26
28
28
28
28
29
29
29
29
31
31
31
31
32
33
34
35
35
35
35
35
35
35
35
35
35
35
36
36
36
36
36
36
36
36
36
36
36
37
38
38
38
38
38
39
40
40
40
40
40
40
41
42
44
44
44
44
44
45
46
46
46
46
46
46
46
46
46
47
49
49
49
49
49
50
51
51
51
51
51
51
51
51
51
52
54
54
54
54
54
55
56
56
56
56
56
56
56
56
56
56
56
56
56
56
56
57
59
59
59
59
59
59
59
60
61
61
61
61
61
63
63
63
63
63
63
63
63
63
63
63
63
64
65
66
67
67
67
67
67
67
67
67
67
67
67
67
67
67
67
67
67
68
69
69
69
69
69
70
71
71
71
71
71
71
72
73
75
75
75
76
78
78
78
78
78
78
78
79
80
80
80
80
80
82
82
82
82
82
82
82
82
82
82
82
82
83
84
85
86
86
86
86
86
86
86
86
86
86
86
86
86
86
86
86
86
87
88
88
88
88
88
89
90
90
90
90
90
90
91
92
94
94
94
95
97
97
97
97
97
97
97
97
97
97
98
99
99
99
99
99
99
99
99
101
101
101
101
101
101
101
102
103
103
103
103
103
103
103
103
103
103
103
103
103
103
104
106
106
106
106
106
106
106
106
106
106
107
108
108
108
108
108
108
108
108
108
108
108
108
108
109
111
111
111
111
111
111
111
112
114
114
114
114
114
114
114
114
114
114
114
114
114
114
114
114
114
114
114
114
114
115
116
116
116
116
116
116
116
116
116
116
116
116
117
119
119
119
119
119
119
119
119
119
119
119
119
119
119
119
119
119
119
119
119
119
120
120
120
121
122
122
122
122
122
122
122
122
124
124
124
124
124
124
124
125
126
126
126
126
126
126
126
126
126
126
126
126
127
129
129
129
129
129
129
129
129
129
129
129
129
129
131
131
131
131
131
131
132
133
133
133
133
133
133
133
133
133
133
133
133
133
134
136
136
136
136
136
136
138
139
140
140
140
140
140
140
140
140
140
142
142
142
142
142
142
143
144
144
144
144
144
144
144
144
144
144
144
144
144
144
146
146
146
146
146
146
146
146
146
146
146
146
146
146
146
146
146
146
147
148
148
148
148
148
148
148
148
148
148
148
148
148
148
148
148
148
150
150
150
150
150
150
150
150
150
150
150
150
150
150
150
150
150
150
150
150
150
151
152
154
154
154
154
154
154
155
156
156
156
156
156
156
156
157
159
159
159
159
159
159
159
159
159
159
159
160
160
160
160
160
160
160
160
160
160
160
162
162
162
162
162
162
162
162
162
164
164
164
164
164
164
164
164
165
166
166
166
166
166
167
168
168
168
168
168
168
169
170
170
170
170
170
170
170
170
170
171
173
173
173
173
173
173
173
173
173
174
176
176
176
176
176
177
178
179
