6
6
6
6
6
6
6
6
6
8
8
8
8
8
8
8
8
8
8
8
8
8
8
10
10
10
10
10
10
10
10
10
11
11
11
11
11
11
11
11
11
12
12
12
12
12
12
12
13
13
13
13
13
13
13
15
15
15
15
15
15
15
15
15
15
15
16
16
16
16
16
16
16
16
16
16
16
17
17
17
17
17
17
17
17
17
17
17
17
17
19
19
19
19
19
20
21
21
21
21
21
21
21
21
21
21
21
21
21
21
21
21
21
21
21
21
21
21
21
22
22
22
22
23
24
24
24
24
24
26
26
26
26
26
26
26
26
26
26
26
26
26
26
26
26
26
26
26
26
26
26
26
26
26
28
28
28
28
28
28
30
30
30
30
30
30
31
31
31
31
31
31
31
31
31
31
31
35
35
35
35
35
35
35
35
35
35
35
35
35
35
35
35
37
37
37
37
37
37
37
37
37
37
39
39
39
39
39
41
41
41
41
41
41
41
43
43
43
43
44
45
45
45
45
45
45
45
45
45
45
45
46
47
49
49
49
49
49
49
49
51
51
51
51
51
51
51
51
51
51
52
53
53
53
53
53
53
54
56
56
57
57
57
57
57
57
57
57
58
59
59
59
60
61
61
