17
17
17
17
17
17
17
17
17
17
17
19
19
19
19
19
19
19
20
20
20
20
20
20
20
21
21
21
21
21
21
21
22
22
22
22
22
22
22
23
23
23
23
23
23
23
24
24
24
24
24
24
24
26
26
26
26
26
26
26
26
26
26
26
27
27
27
27
27
27
27
27
27
27
27
27
27
53
53
53
53
53
54
58
58
58
58
58
58
58
58
60
60
60
60
60
60
60
60
62
62
62
62
62
62
62
62
62
62
62
62
62
62
68
68
68
68
69
70
70
70
70
70
71
86
86
86
86
86
86
86
86
86
86
87
88
88
88
88
88
88
88
88
89
104
104
104
104
104
104
104
104
104
104
104
104
105
105
106
107
107
107
107
107
107
107
107
107
107
108
125
125
125
125
125
125
125
125
125
125
125
125
125
125
125
125
126
126
126
127
127
127
127
128
128
128
128
128
128
128
128
128
128
129
129
129
129
129
130
130
130
130
130
130
130
131
132
132
132
132
132
132
132
133
133
133
133
133
133
133
133
133
136
136
136
136
136
136
136
136
136
136
136
136
136
136
136
136
136
136
136
136
136
136
136
136
136
136
139
139
139
139
139
139
139
139
139
139
139
139
139
139
140
140
140
140
140
140
140
140
140
140
140
140
140
141
141
141
141
141
141
143
143
143
144
156
156
156
156
156
156
156
156
156
156
157
158
158
158
158
158
158
158
158
159
171
171
171
171
171
171
171
171
171
171
171
171
171
171
172
173
173
173
174
174
174
174
174
174
174
174
174
174
174
174
176
176
176
176
176
176
176
176
176
177
177
177
177
177
177
177
177
177
177
177
177
177
177
177
177
177
178
178
178
178
178
179
179
179
179
179
179
179
179
179
179
179
179
179
179
179
180
180
180
180
180
180
180
181
181
182
183
183
183
183
183
183
183
183
183
183
183
184
185
187
187
187
187
187
187
187
188
190
191
