17
17
17
17
17
17
17
17
17
23
23
23
23
23
23
24
24
24
24
24
24
24
24
27
27
27
27
27
34
34
34
34
34
35
35
35
35
35
35
36
44
44
44
44
44
44
44
44
45
45
45
45
45
46
46
46
46
46
46
47
57
57
57
57
57
57
57
57
58
58
58
58
58
58
58
58
58
59
59
59
59
59
59
60
69
69
69
69
69
69
69
69
69
69
69
69
70
70
70
70
70
71
71
71
71
71
71
72
82
82
83
83
83
83
83
83
84
84
84
84
84
84
84
84
84
84
85
85
85
85
85
85
85
86
86
86
87
88
88
88
88
88
88
88
88
88
89
89
89
89
89
89
89
90
90
90
90
90
90
90
90
90
90
90
90
91
92
92
92
92
92
92
92
92
92
92
93
93
93
93
93
93
93
93
93
93
93
93
93
93
93
93
93
93
93
93
93
94
94
94
94
94
94
94
95
103
103
103
103
103
103
104
104
104
105
111
111
112
112
112
112
112
112
113
113
113
114
116
117
