17
17
17
17
17
17
17
17
17
17
17
19
19
19
19
19
19
19
19
19
20
20
20
20
20
20
20
21
21
21
21
21
21
21
22
22
22
22
22
22
22
23
23
23
23
23
23
23
24
24
24
24
24
24
24
25
25
25
25
25
25
25
26
26
26
26
26
26
26
27
27
27
27
27
27
27
28
28
28
28
28
28
28
28
28
30
30
30
30
30
30
30
30
30
30
30
31
31
31
31
31
31
31
31
31
31
31
32
32
32
32
32
32
32
32
32
32
32
33
33
33
33
33
33
33
33
33
33
33
34
34
34
34
34
34
34
34
34
34
34
35
35
35
35
35
35
35
35
35
35
35
36
36
36
36
36
36
36
36
36
36
36
37
37
37
37
37
37
37
37
37
37
37
38
38
38
38
38
38
38
38
38
38
38
39
39
39
39
39
39
39
39
39
39
39
40
40
40
40
40
40
40
40
40
40
40
41
41
41
41
41
41
41
41
41
41
41
41
41
41
41
42
42
42
42
42
42
42
42
42
42
42
42
42
42
42
43
43
43
43
43
43
43
43
43
43
43
43
43
43
43
44
44
44
44
44
44
44
44
44
44
44
44
44
44
44
45
45
45
45
45
45
45
45
45
45
45
45
45
45
45
46
46
46
46
46
46
46
46
46
46
46
46
46
46
46
47
47
47
47
47
47
47
47
47
47
47
47
47
47
47
48
48
48
48
48
48
48
48
48
48
48
48
48
48
48
49
49
49
49
49
49
49
49
49
49
49
49
49
49
49
50
50
50
50
50
50
50
50
50
50
50
50
50
50
50
50
50
51
51
51
51
51
51
51
51
51
51
51
51
51
51
51
51
51
52
52
52
52
52
52
52
52
52
52
52
52
52
52
52
52
52
53
53
53
53
53
53
53
53
53
53
53
53
53
53
53
53
53
54
54
54
54
54
54
54
54
54
54
54
54
54
55
55
55
55
55
55
55
55
55
55
55
55
55
56
56
56
56
56
56
56
56
56
56
56
56
56
61
61
61
61
61
61
67
67
67
67
67
67
67
67
69
69
69
69
69
69
69
69
69
69
69
70
70
70
70
70
70
70
70
70
70
71
71
71
71
71
71
71
73
73
73
73
73
73
73
73
73
75
75
75
75
75
75
75
75
76
76
76
76
76
76
76
76
76
76
76
78
78
79
79
79
79
79
79
79
79
79
79
80
80
80
80
80
80
80
80
80
80
81
81
81
81
81
81
81
81
81
81
82
82
82
82
82
82
82
82
82
82
85
85
85
85
85
86
86
87
87
87
88
88
88
88
88
88
88
89
89
89
89
89
89
89
90
93
93
93
93
93
94
94
95
95
95
96
96
96
96
96
96
96
97
97
97
97
97
97
97
98
101
101
101
102
102
103
104
104
104
105
105
105
106
106
106
106
106
106
106
107
107
107
107
107
107
107
108
110
110
110
110
110
110
110
110
110
110
111
111
111
111
112
117
117
117
117
117
117
117
117
118
118
118
118
118
118
118
119
119
120
120
120
120
120
120
120
121
121
121
121
121
121
121
121
121
121
121
121
121
122
122
122
122
122
122
122
122
122
122
122
123
123
123
123
123
123
123
123
123
123
123
124
124
124
124
124
124
124
124
124
124
124
124
124
124
125
125
125
125
125
125
125
125
125
125
125
125
125
125
126
126
126
126
126
127
128
128
128
129
130
138
138
138
138
138
138
138
138
138
139
139
139
139
139
140
140
140
140
140
140
140
141
141
141
141
142
143
152
152
152
152
152
152
152
152
152
153
153
153
153
153
154
154
154
154
154
154
154
154
154
154
154
155
155
155
155
156
156
156
157
158
164
164
164
164
164
164
164
164
164
165
165
165
166
169
169
169
169
171
171
171
171
172
172
172
172
179
179
179
179
179
179
180
180
180
180
181
181
181
181
181
181
181
181
181
182
190
190
190
190
190
190
191
191
191
191
191
191
191
192
192
192
192
192
192
192
194
194
194
194
194
195
195
195
195
196
198
198
198
198
198
198
198
199
199
199
199
199
199
200
200
200
200
201
201
201
201
202
202
202
202
202
202
202
202
203
203
203
203
203
203
204
204
204
204
204
205
206
206
207
207
207
207
208
208
208
208
209
209
209
209
209
209
209
209
210
210
211
211
211
211
211
212
212
212
212
212
212
212
212
213
215
215
215
215
215
216
216
216
216
216
216
216
217
217
217
217
217
217
217
217
217
217
217
217
217
218
219
219
219
219
219
219
219
219
220
221
221
221
221
221
221
221
221
221
221
221
222
230
230
230
230
230
230
231
231
231
232
234
234
234
234
234
234
234
234
235
235
235
235
235
235
235
235
235
235
235
235
236
243
243
243
243
243
243
243
243
244
244
244
246
246
246
246
246
247
247
247
247
247
248
248
248
248
249
249
249
249
249
249
249
249
249
249
249
249
249
250
250
250
250
250
250
250
251
251
251
251
251
251
251
251
251
251
251
252
253
254
254
255
255
255
255
255
255
255
255
255
255
255
255
256
257
259
259
259
259
259
259
259
260
260
260
261
263
263
263
263
263
263
263
263
263
263
263
263
263
263
263
263
265
265
265
265
265
266
266
266
266
266
267
267
267
267
267
267
267
267
268
268
268
268
268
268
268
268
268
268
268
268
268
269
269
269
269
269
269
269
269
269
270
270
270
270
270
270
270
270
270
270
270
270
271
271
271
271
271
271
271
271
271
271
271
271
271
271
271
271
271
271
271
271
272
272
272
272
272
272
273
274
275
275
275
275
276
277
277
277
277
277
277
277
277
277
277
277
277
277
278
279
279
280
280
280
280
280
280
280
280
280
281
282
284
284
284
285
293
293
293
293
293
293
293
293
294
294
294
294
294
294
294
294
327
327
327
327
327
327
327
327
328
366
366
366
366
366
366
366
366
366
366
366
367
367
367
367
367
367
367
367
367
367
367
367
368
368
368
368
368
368
368
369
369
369
369
369
369
369
369
369
369
369
369
370
370
370
370
370
371
371
371
371
372
373
373
373
374
375
375
375
375
375
375
375
376
376
376
376
376
376
376
376
377
377
377
377
377
377
377
377
378
378
378
378
378
378
378
378
378
378
378
378
379
379
379
379
379
380
380
380
380
381
382
383
383
383
383
383
383
383
384
384
384
384
384
384
384
384
384
384
384
384
384
385
385
385
385
385
385
385
385
386
386
386
386
386
386
386
386
386
386
387
388
388
388
388
388
388
388
388
388
388
388
388
388
389
390
390
390
391
400
400
400
400
400
400
400
400
400
400
400
401
401
401
401
401
401
401
401
402
402
402
402
402
402
402
402
402
402
403
412
412
412
412
412
412
412
412
412
412
412
412
412
412
413
413
413
413
413
413
413
413
413
413
414
414
414
414
414
414
414
414
414
414
414
415
415
415
415
415
415
415
415
415
415
415
415
415
416
416
416
416
417
418
418
419
419
420
420
420
420
420
420
420
420
420
420
421
421
422
422
422
422
422
422
422
422
423
424
424
424
424
424
424
424
424
424
424
424
425
426
426
426
427
436
436
436
436
436
436
436
436
437
437
437
437
437
437
437
437
437
437
437
438
448
448
448
448
448
448
448
448
448
448
448
449
449
449
449
449
449
449
449
449
449
450
452
452
452
452
452
452
452
452
453
453
453
453
453
453
453
453
453
453
453
454
462
462
462
462
462
462
462
462
462
462
462
463
463
463
463
463
463
463
463
463
463
463
463
464
464
464
464
464
464
464
465
465
465
465
465
465
465
465
465
465
465
465
465
466
467
467
467
467
467
467
467
468
468
468
468
468
468
468
468
468
468
468
468
468
468
468
468
468
468
468
468
469
469
469
469
469
470
470
470
470
471
472
472
472
472
472
472
473
474
474
474
474
474
474
474
474
474
474
474
474
474
474
475
477
477
477
477
477
477
477
477
477
477
477
478
478
478
478
478
478
478
478
478
478
478
478
479
487
487
487
487
487
487
487
487
487
487
487
487
487
487
488
488
489
489
489
489
489
489
489
489
489
489
489
490
491
491
491
491
491
491
492
492
492
492
493
493
493
493
493
493
493
494
495
497
497
497
497
497
497
497
497
498
498
498
498
498
498
498
498
498
498
498
499
507
507
507
507
507
507
507
507
507
507
507
508
508
509
509
509
509
509
509
509
509
509
509
509
509
510
510
510
512
512
512
512
512
512
512
513
513
513
513
513
513
513
514
515
515
515
515
515
515
515
515
516
516
516
516
516
516
516
516
517
517
517
517
517
517
517
517
518
519
519
520
520
520
520
520
522
522
522
522
522
522
522
522
522
523
524
524
524
524
524
524
524
524
524
524
524
524
524
525
526
526
526
526
526
526
527
527
527
527
528
528
528
528
529
529
529
530
531
533
533
533
533
533
533
533
533
533
533
533
534
534
534
534
534
534
534
534
534
534
534
534
534
535
544
544
544
544
544
544
544
544
544
544
545
545
545
545
546
546
547
547
547
547
547
547
547
547
547
547
547
547
548
549
549
549
549
549
549
550
550
550
550
551
551
551
551
552
552
552
553
554
564
564
564
564
564
564
564
564
564
564
564
564
564
565
565
565
565
566
566
566
566
566
566
566
566
566
566
566
566
567
567
567
569
569
569
569
569
569
569
570
570
570
570
570
570
570
571
572
572
572
572
572
572
572
572
573
573
573
573
573
573
573
573
574
574
574
574
574
574
574
574
575
576
576
577
577
577
577
577
578
578
578
578
578
579
582
582
582
582
582
582
582
582
582
583
584
584
584
584
584
585
585
585
585
585
585
585
585
585
585
585
585
585
585
585
585
586
587
587
588
588
588
588
588
588
588
589
590
590
590
591
598
598
598
598
598
598
598
598
599
599
599
599
599
599
599
599
600
600
600
600
600
600
600
600
600
600
600
600
600
600
601
601
601
601
602
603
603
604
604
604
604
605
606
616
616
616
616
616
616
616
616
617
617
617
617
617
617
617
617
617
617
617
618
629
629
629
629
629
629
629
629
629
629
629
630
630
630
630
630
630
630
630
630
630
631
633
633
633
633
633
633
633
633
634
634
634
634
634
634
634
634
634
634
635
642
642
642
642
642
642
642
642
642
642
642
643
643
644
644
644
644
644
644
644
644
644
644
644
644
644
645
645
645
645
645
645
645
646
646
646
646
646
646
647
648
649
649
649
649
649
649
650
650
650
650
651
651
651
651
652
652
652
653
654
656
656
656
656
656
656
656
656
657
657
657
657
657
657
657
657
657
657
658
665
665
665
665
665
665
665
665
665
665
665
666
666
667
667
667
667
667
667
667
667
668
668
668
668
668
668
668
668
668
668
668
668
669
669
669
669
669
669
669
669
669
670
670
670
670
670
670
670
670
670
670
670
671
672
672
672
672
672
672
672
672
672
672
672
673
673
673
673
673
673
673
673
674
674
674
674
674
674
674
674
674
675
675
675
675
675
675
675
675
675
675
675
675
676
676
676
676
676
676
677
677
677
677
677
677
677
677
677
678
678
678
678
678
678
678
678
678
678
678
678
678
678
678
678
678
678
679
680
681
682
682
682
682
682
682
683
683
683
683
684
684
684
684
685
685
685
686
687
689
689
689
689
689
689
689
689
690
690
690
690
690
690
690
690
690
691
691
691
691
691
691
691
692
692
692
692
693
694
694
694
694
695
696
696
696
696
696
696
696
696
696
696
696
697
699
699
699
699
699
699
700
700
700
701
707
707
707
707
707
707
708
708
708
708
708
708
709
715
715
715
715
715
715
716
716
716
716
716
716
716
716
716
717
717
717
717
717
717
717
717
717
718
724
724
724
724
724
724
725
725
725
725
725
725
725
725
725
726
726
726
726
726
726
727
734
734
734
734
734
734
734
734
735
735
735
735
735
735
735
735
736
736
736
736
736
736
736
736
736
736
736
737
745
745
745
745
745
745
745
745
745
745
745
745
745
746
746
746
746
746
746
746
746
746
747
747
747
747
747
747
747
747
747
748
748
748
748
748
749
749
749
750
750
750
751
751
751
751
751
751
751
752
752
752
752
752
752
752
752
753
753
753
753
753
753
753
754
754
754
754
754
754
754
754
754
754
754
754
754
755
755
755
755
755
755
755
756
756
756
757
758
759
759
759
759
759
759
759
759
760
761
761
761
761
762
762
762
762
762
762
762
762
762
763
765
765
765
765
765
765
765
765
765
765
765
766
766
766
766
766
766
766
766
766
767
767
767
767
767
767
767
767
767
767
767
768
769
769
769
769
769
769
769
769
769
770
772
772
772
772
772
772
772
772
773
773
773
773
773
773
773
773
774
780
780
780
780
780
780
780
780
781
781
781
781
781
781
781
781
782
784
784
784
784
784
784
784
784
785
785
785
785
785
785
785
785
785
786
786
786
786
786
786
786
786
786
786
786
787
788
788
788
788
788
788
788
788
788
788
789
791
791
791
791
791
791
792
792
792
792
792
792
792
793
799
799
799
799
799
799
800
800
800
800
800
800
801
801
801
802
807
807
807
807
807
807
807
807
808
808
808
808
808
808
808
809
809
809
809
809
809
809
809
809
809
809
809
810
811
820
820
820
820
820
820
820
820
821
821
821
821
822
822
823
823
824
824
824
824
824
824
824
824
824
825
826
826
826
826
826
826
827
827
827
828
829
829
829
829
829
829
829
829
829
829
829
829
830
830
830
830
830
830
830
831
832
832
832
832
832
832
833
833
833
833
833
833
833
833
833
833
833
834
835
836
837
