17
17
17
17
17
17
17
17
17
17
17
17
17
17
17
19
19
19
19
19
19
19
19
19
19
19
20
20
20
20
20
20
20
20
20
20
20
20
20
21
21
21
21
21
21
21
21
21
21
21
21
21
21
21
31
31
31
31
31
31
33
33
33
33
33
33
33
33
40
40
40
40
40
40
40
40
40
40
41
41
41
41
41
41
41
41
41
41
42
42
42
42
42
42
43
45
45
45
45
45
45
46
46
46
47
49
49
49
49
49
49
50
50
50
51
53
53
53
53
53
53
54
54
54
55
57
57
57
57
57
57
58
58
58
59
61
61
61
61
61
61
62
62
62
63
69
69
69
69
69
69
70
70
70
70
70
70
70
71
73
73
73
73
73
73
74
74
74
74
74
74
74
74
74
74
74
75
77
77
77
77
77
77
77
77
78
78
78
78
79
79
79
79
79
80
82
82
82
82
82
82
83
83
83
84
86
86
86
86
86
86
87
87
87
88
90
90
90
90
90
90
90
90
91
91
91
91
91
91
91
91
91
91
91
91
92
94
94
94
94
94
94
94
94
94
94
94
95
95
95
95
95
95
95
95
95
95
95
95
95
95
96
98
98
98
98
98
98
99
99
99
99
99
99
99
99
99
99
99
100
102
102
102
102
102
102
102
102
103
103
103
103
103
103
103
104
104
104
105
107
107
107
107
107
107
107
107
107
107
108
108
108
109
111
111
111
111
111
111
111
111
112
112
112
112
112
112
112
112
112
112
113
113
113
113
113
113
113
114
116
116
116
116
116
116
117
117
117
118
120
120
120
120
120
120
121
121
121
121
121
121
121
121
122
122
122
122
122
122
122
123
123
123
123
123
123
123
124
124
124
124
124
124
124
124
124
124
124
125
126
126
126
126
126
126
126
128
128
128
128
128
128
128
128
128
128
128
128
128
128
128
129
129
129
129
129
129
129
130
131
131
131
131
131
131
132
132
132
132
132
132
132
132
133
133
133
133
133
133
133
133
133
133
133
133
133
133
134
134
134
134
134
134
134
135
136
136
136
136
136
136
136
136
136
136
136
136
136
136
136
136
136
136
136
137
139
139
139
139
139
139
139
140
141
142
