18
18
18
18
18
18
18
18
18
18
18
20
20
20
20
20
20
20
21
21
21
21
21
21
21
22
22
22
22
22
22
22
24
24
24
24
24
24
24
24
24
24
24
24
24
30
30
30
30
30
30
37
37
37
37
37
37
37
37
37
37
38
38
38
38
38
38
38
38
38
38
38
39
46
46
46
46
46
46
46
46
46
46
46
46
46
46
47
47
47
47
47
47
47
47
47
47
47
48
57
57
57
57
57
57
57
57
57
57
57
57
57
57
57
57
57
57
58
58
58
58
58
58
58
58
58
58
58
58
58
58
58
59
59
59
59
59
59
59
60
61
61
61
61
61
61
61
61
61
61
61
61
61
61
61
61
61
61
61
61
61
61
61
61
61
61
61
62
62
62
62
62
62
62
62
62
63
63
63
63
63
63
63
63
63
63
63
64
65
65
65
65
65
65
65
65
65
66
66
66
66
66
66
66
66
66
67
68
76
76
76
76
76
76
76
76
76
76
76
76
76
76
77
77
77
77
77
77
77
77
77
78
79
79
79
79
80
80
80
80
81
81
81
81
82
82
82
82
84
84
84
84
86
86
86
86
87
87
87
87
87
87
87
89
89
89
89
91
91
91
91
91
91
93
93
93
93
93
94
94
94
94
94
95
97
97
99
99
99
99
99
99
99
99
99
99
99
99
99
100
106
106
106
106
106
106
106
106
106
107
107
107
107
107
107
107
107
107
107
107
107
107
108
108
109
110
110
110
110
110
110
110
111
111
111
111
111
111
111
111
111
112
113
113
113
113
114
114
114
114
114
114
114
114
114
114
114
114
114
114
115
117
117
117
117
117
117
118
118
118
118
119
121
121
121
121
121
121
122
122
122
123
125
125
126
126
126
126
126
126
127
127
127
127
127
127
128
130
130
130
130
130
130
131
131
131
132
134
134
134
134
134
134
135
135
135
136
138
138
138
138
138
138
139
139
139
140
146
146
146
146
146
146
146
146
147
147
147
147
147
147
147
148
148
148
148
148
149
150
150
150
150
150
150
150
150
150
150
151
153
153
153
153
153
153
154
154
154
155
157
157
158
158
158
158
158
158
159
159
159
159
159
159
159
159
160
162
162
163
163
163
163
163
163
164
164
164
164
164
164
165
167
167
168
168
168
168
168
168
169
169
169
170
173
173
174
174
174
174
174
174
174
174
175
175
175
175
175
176
178
178
178
178
178
178
178
178
178
179
179
179
179
180
182
182
183
183
183
183
183
183
183
183
183
184
184
184
184
185
187
187
187
187
187
187
187
187
187
188
188
188
188
189
192
192
193
193
193
193
193
193
193
193
193
194
194
194
194
194
194
194
194
194
195
195
195
195
196
199
199
199
199
199
199
199
199
199
200
200
200
200
201
203
203
203
203
203
203
203
203
203
204
204
204
204
205
208
208
209
209
209
209
209
209
209
209
209
210
210
210
210
210
210
210
210
210
211
211
211
211
212
215
215
215
215
215
215
215
215
215
216
216
216
216
217
219
219
220
220
220
220
220
220
221
221
221
221
221
221
221
222
222
222
222
223
224
224
224
225
233
233
233
233
233
233
234
234
234
234
234
235
235
235
235
235
235
235
235
236
236
236
236
236
236
236
236
236
236
238
238
238
238
238
240
240
240
240
240
240
241
241
241
241
245
245
245
245
245
245
245
245
245
245
245
245
245
245
245
245
246
246
246
247
249
249
249
249
249
249
249
249
249
250
250
250
250
250
250
250
250
250
250
250
250
250
250
250
250
250
250
250
250
251
251
251
251
251
251
251
251
251
251
251
251
251
251
251
251
251
251
251
251
251
251
251
251
251
251
253
253
253
253
253
253
253
253
253
253
253
253
253
253
254
254
254
254
255
255
255
255
256
256
256
256
257
257
257
257
257
257
257
258
259
259
259
259
259
259
259
259
259
259
259
259
259
259
259
259
259
259
259
259
259
259
259
259
259
261
261
261
261
261
261
261
263
263
263
263
263
263
263
263
263
263
263
263
263
263
263
263
263
263
263
263
263
263
263
263
263
264
264
264
265
267
267
267
267
267
267
267
267
267
268
268
268
268
268
268
268
268
268
268
268
268
268
268
268
268
268
268
268
268
269
269
269
269
269
269
269
269
269
269
269
269
270
271
271
271
271
271
271
272
272
272
272
273
274
275
277
277
277
277
277
277
277
277
277
277
278
278
278
278
279
281
281
281
281
281
283
283
283
283
283
283
283
283
283
283
283
283
283
283
283
283
283
283
284
284
284
285
287
287
287
287
287
287
287
287
287
287
287
288
288
288
288
289
289
289
290
290
290
290
290
290
290
290
290
290
290
291
292
293
295
295
296
296
296
296
296
296
297
297
297
298
299
299
300
300
300
300
300
300
301
301
301
301
301
301
301
301
301
301
301
302
304
305
