18
18
18
18
18
18
18
18
18
18
18
18
18
20
20
20
20
20
20
20
21
21
21
21
21
21
21
22
22
22
22
22
22
22
23
23
23
23
23
23
23
24
24
24
24
24
24
24
25
25
25
25
25
25
25
26
26
26
26
26
26
26
28
28
28
28
28
28
28
28
28
28
28
28
28
29
29
29
29
29
29
29
29
29
29
29
29
29
30
30
30
30
30
30
30
30
30
30
30
30
30
49
49
49
49
50
51
51
51
51
51
52
52
53
53
54
54
55
55
56
56
57
57
58
58
59
59
60
60
61
61
62
62
63
63
64
65
67
67
67
67
67
67
67
67
67
67
67
67
67
67
68
68
68
69
69
69
69
69
69
70
71
72
72
72
72
72
72
72
73
73
73
73
73
73
74
75
75
75
75
76
77
77
77
77
77
77
78
79
79
79
79
80
80
80
80
80
80
80
80
80
81
81
81
81
81
81
81
81
81
81
81
81
81
82
83
83
83
84
86
86
86
86
86
86
86
86
86
86
86
87
88
88
88
88
88
88
88
89
89
89
89
89
89
89
89
89
90
90
90
91
91
91
91
92
92
92
92
93
93
93
93
94
94
94
94
95
95
95
95
95
96
96
96
96
96
99
99
99
99
99
99
99
99
99
99
99
99
99
99
99
100
101
101
101
101
101
101
101
102
102
102
102
102
102
102
102
102
102
102
103
103
104
105
105
105
105
105
105
105
105
105
105
106
106
106
106
107
107
107
107
107
107
107
107
107
107
107
107
108
108
108
108
109
109
109
109
109
109
109
109
109
109
109
109
110
110
110
110
110
110
111
111
111
111
111
111
111
111
111
111
111
111
112
112
112
112
112
112
113
113
113
113
113
113
113
113
113
113
113
113
114
114
114
114
114
114
114
114
114
114
114
114
114
114
114
115
115
115
115
115
115
115
115
115
115
115
115
116
116
116
116
117
117
117
118
118
118
118
118
118
118
118
118
119
119
119
119
119
119
119
119
119
120
120
120
120
120
120
120
121
122
125
125
125
125
125
125
125
125
125
125
126
127
127
127
127
127
127
127
127
127
128
128
128
128
128
128
128
128
128
129
129
129
129
129
129
129
130
133
133
133
133
133
133
133
134
134
134
134
134
134
134
134
134
135
135
135
135
135
135
135
135
135
138
138
138
138
138
139
139
139
139
139
139
139
140
140
141
141
141
141
141
141
141
141
141
141
141
141
141
142
142
142
142
142
142
142
142
142
142
142
142
142
143
144
144
145
145
145
146
146
146
146
146
146
146
147
150
150
150
150
150
150
150
153
153
153
153
156
156
156
156
157
158
158
158
158
158
158
158
158
158
158
158
158
158
158
158
159
159
159
161
161
161
161
161
161
161
161
161
161
161
161
161
161
161
162
164
164
164
164
164
164
164
164
164
164
164
164
164
164
164
164
164
164
164
164
164
164
164
166
166
166
166
166
166
167
167
167
167
167
167
167
167
167
168
168
168
168
168
168
168
169
171
171
171
171
171
171
171
171
171
172
174
174
174
174
174
174
174
174
174
174
175
176
177
177
177
177
177
177
178
179
179
179
179
179
179
180
181
181
181
181
181
181
181
181
181
182
183
185
185
185
185
185
185
185
185
185
185
185
185
185
185
185
185
185
186
186
186
186
186
186
186
186
186
187
187
187
187
188
188
188
188
188
189
189
189
189
191
191
191
191
191
191
191
191
194
194
194
194
194
194
194
194
195
196
196
196
196
196
196
196
196
196
196
196
196
196
197
197
197
198
201
202
203
203
203
203
203
203
203
203
204
205
205
205
205
205
205
206
207
207
207
207
207
207
208
208
208
208
208
208
208
208
208
209
211
211
211
211
211
214
215
216
216
216
216
216
216
216
216
216
216
216
216
216
217
217
217
217
217
217
217
217
217
218
218
218
218
218
218
218
218
218
218
218
218
218
218
218
218
218
218
218
218
218
218
218
218
218
218
219
219
219
220
220
220
220
220
220
220
220
220
220
220
220
220
221
222
223
223
223
223
223
223
224
225
225
225
225
225
225
225
225
225
226
226
226
226
226
226
226
226
226
226
226
226
226
227
227
227
227
227
227
227
228
229
229
229
229
229
229
230
231
231
231
231
231
231
232
232
232
233
233
233
233
233
233
233
233
233
233
233
233
233
234
234
234
234
234
234
234
235
236
237
239
239
239
239
239
239
239
239
239
240
242
242
242
243
245
245
245
245
245
245
245
245
245
245
245
245
245
245
245
245
245
246
246
246
246
246
246
246
246
246
247
247
247
247
248
248
248
248
248
251
252
253
253
253
253
253
253
253
253
254
255
255
255
255
255
255
256
257
257
257
257
257
257
258
258
258
258
258
258
258
258
258
259
261
261
261
261
261
264
265
266
266
266
266
266
266
266
266
266
266
266
266
266
267
267
267
267
267
267
267
267
267
268
268
268
268
268
268
268
268
268
268
268
268
268
268
268
268
268
268
268
268
268
268
268
268
268
268
269
269
269
270
270
270
270
270
270
270
270
270
270
270
270
270
271
272
273
273
273
273
273
273
274
275
275
275
275
275
275
275
275
275
276
276
276
276
276
276
276
276
276
276
276
276
276
277
277
277
277
277
277
277
278
279
279
279
279
279
279
280
281
281
281
281
281
281
281
281
281
282
282
282
282
282
282
282
282
282
282
282
282
282
283
283
283
283
283
283
283
284
285
286
288
288
288
288
288
288
288
288
288
289
291
291
291
292
294
297
