18
18
18
18
18
18
18
18
18
18
18
20
20
20
20
20
20
20
21
21
21
21
21
21
21
22
22
22
22
22
22
22
35
35
35
35
35
35
36
37
37
37
37
45
45
45
45
45
45
45
46
47
47
47
47
47
48
48
48
48
49
59
59
60
60
60
60
60
60
60
60
60
60
60
61
61
62
63
63
63
63
63
63
63
63
63
63
63
64
77
77
78
78
78
78
78
78
78
78
78
78
78
78
78
78
78
78
78
79
79
80
81
81
81
81
81
81
81
81
82
82
82
82
82
82
82
82
82
83
84
98
98
99
99
99
99
99
99
99
99
99
100
100
101
102
102
102
102
103
104
104
104
105
105
105
105
106
106
106
106
106
106
106
107
107
108
108
108
109
109
109
109
109
109
110
110
110
110
110
110
110
111
113
113
114
114
114
114
115
115
115
115
115
115
115
116
117
119
120
