6
6
6
6
6
6
6
6
6
6
6
8
8
8
8
8
8
8
9
9
9
9
9
9
9
10
10
10
10
10
10
10
11
11
11
11
11
11
11
12
12
12
12
12
12
12
12
12
13
13
13
13
13
13
13
13
13
14
14
14
14
14
14
14
15
15
15
15
15
15
15
16
16
16
16
16
16
16
18
18
18
18
18
18
18
18
18
18
18
19
19
19
19
19
19
19
19
19
19
19
21
21
21
21
21
21
21
22
23
23
23
23
25
25
25
25
27
27
27
27
27
27
27
29
29
29
29
29
29
29
29
30
31
31
31
31
33
33
33
33
33
33
35
35
35
35
35
35
35
35
35
35
35
35
35
37
37
37
37
37
37
37
37
37
37
37
37
37
38
39
39
39
39
39
39
39
39
39
40
42
42
42
42
42
42
42
42
43
45
45
46
46
46
46
46
46
46
46
46
46
46
46
46
46
46
46
46
46
46
46
46
46
47
47
48
49
49
49
49
49
49
49
49
49
49
49
49
49
51
51
51
51
51
51
51
51
51
51
51
53
53
53
53
53
53
53
53
53
53
53
53
53
55
55
55
55
55
55
55
55
55
55
55
55
55
55
55
55
55
55
55
55
55
55
55
55
55
57
57
57
57
57
57
57
59
59
59
59
59
61
61
61
61
61
61
61
61
61
61
62
63
63
63
63
63
63
63
65
65
65
65
65
65
65
65
65
65
66
68
68
68
68
68
68
68
69
70
70
70
70
70
70
70
70
70
70
70
71
73
73
73
73
73
73
73
73
73
73
75
75
75
75
76
77
77
77
77
77
77
77
109
111
111
111
112
114
114
114
114
114
114
114
114
114
114
115
116
116
116
116
116
116
116
116
116
116
116
116
116
116
116
116
116
116
116
116
116
116
116
116
117
119
119
120
120
120
120
120
120
120
120
120
120
121
122
122
122
122
122
122
122
122
123
124
124
124
126
126
126
126
126
126
126
127
128
128
128
128
128
128
128
128
128
128
129
130
130
130
130
130
130
130
131
132
133
134
134
