6
6
6
6
6
6
6
6
6
8
8
8
8
8
8
8
8
8
8
8
8
8
8
10
10
10
10
10
10
10
11
11
11
11
11
11
11
11
11
12
12
12
12
12
12
12
12
12
14
14
14
14
14
14
14
14
14
14
14
14
14
15
15
15
15
15
15
15
15
15
15
15
15
15
16
16
16
16
16
16
16
16
16
17
17
17
17
17
17
17
17
17
19
19
19
19
20
21
21
21
21
21
21
21
21
21
21
21
21
21
21
21
23
23
23
23
24
25
27
27
27
27
27
27
28
29
29
29
29
29
29
29
31
31
31
31
31
31
31
33
33
33
33
33
33
34
35
35
35
35
35
35
35
35
35
37
37
37
37
38
39
39
39
39
39
39
39
39
39
40
42
42
42
42
42
42
42
42
42
42
42
42
42
42
43
44
44
44
44
45
46
48
48
48
49
51
51
51
51
51
51
52
53
53
53
53
53
53
53
53
54
55
55
55
56
56
56
57
57
57
58
58
58
59
59
59
60
60
60
61
63
63
63
63
63
63
63
64
66
66
66
66
66
66
67
68
68
68
68
68
68
68
68
68
69
69
69
69
69
69
69
69
69
71
71
71
71
72
73
73
73
73
73
73
73
73
73
73
73
74
76
76
76
76
76
76
76
76
76
76
76
76
78
78
78
78
78
78
79
80
80
80
80
81
82
82
82
83
83
83
83
84
84
85
85
85
86
86
86
86
87
87
88
88
88
89
89
89
89
90
90
91
92
94
94
94
94
95
96
96
96
96
96
96
96
96
96
97
99
99
99
100
102
102
102
102
102
102
103
104
104
104
104
104
104
104
104
104
104
104
104
104
105
107
107
107
107
107
107
108
109
109
109
109
109
109
109
112
112
112
112
112
112
112
112
112
112
112
112
114
114
114
114
114
114
115
116
116
116
116
116
116
116
116
116
116
116
116
118
118
118
118
118
118
118
119
120
120
120
120
120
120
120
120
120
120
120
120
122
122
122
122
123
124
124
124
124
124
124
124
124
124
125
127
127
127
127
127
127
127
127
127
129
129
129
129
129
129
129
129
129
129
129
129
129
129
130
131
131
131
132
133
134
137
137
137
137
137
137
137
137
137
137
137
137
139
139
139
139
140
141
141
141
141
141
141
141
141
141
142
144
144
144
144
144
144
144
144
144
145
146
146
146
146
146
146
146
146
146
146
146
146
146
146
146
146
146
147
149
149
149
149
149
149
149
149
149
149
149
149
149
149
149
151
151
151
151
151
151
151
151
151
151
151
151
151
151
151
151
151
153
153
153
153
153
153
153
153
153
153
153
153
153
153
153
155
155
155
155
155
155
155
155
155
155
155
155
155
155
155
155
155
157
157
157
157
157
157
157
158
159
159
159
159
159
159
159
160
161
161
161
161
161
161
161
162
163
163
163
163
163
163
163
164
165
165
165
165
165
165
165
165
165
165
165
165
165
165
165
165
165
165
165
165
167
167
167
167
168
169
169
169
169
169
169
169
169
169
170
172
172
172
172
172
172
172
172
172
174
174
174
174
174
174
174
174
174
174
174
174
174
174
175
176
176
176
177
178
179
180
181
184
184
184
184
184
184
185
186
186
186
186
186
186
186
186
186
186
187
189
189
189
190
191
191
