6
6
6
6
6
6
6
6
6
8
8
8
8
8
8
8
8
8
8
8
8
8
8
9
9
9
9
9
9
9
9
9
9
9
9
9
9
10
10
10
10
10
10
10
10
10
10
10
10
10
10
11
11
11
11
11
11
11
11
11
11
11
11
11
11
12
12
12
12
12
12
12
12
12
12
12
12
12
12
13
13
13
13
13
13
13
13
13
13
13
13
13
13
14
14
14
14
14
14
14
14
14
14
14
14
14
14
15
15
15
15
15
15
15
15
15
15
15
15
15
15
16
16
16
16
16
16
16
16
16
16
16
16
16
16
17
17
17
17
17
17
17
17
17
17
17
17
17
17
18
18
18
18
18
18
18
18
18
18
18
18
18
18
19
19
19
19
19
19
19
19
19
19
19
19
19
19
21
21
21
21
21
21
21
21
21
22
22
22
22
22
22
22
22
22
23
23
23
23
23
23
23
23
23
24
24
24
24
24
24
24
24
24
25
25
25
25
25
25
25
25
25
26
26
26
26
26
26
26
27
27
27
27
27
27
27
28
28
28
28
28
28
28
29
29
29
29
29
29
29
30
30
30
30
30
30
30
31
31
31
31
31
31
31
33
33
33
33
33
33
33
33
33
33
33
33
33
34
34
34
34
34
34
34
34
34
34
34
35
35
35
35
35
35
35
35
35
36
36
36
36
36
36
36
36
36
38
38
38
38
38
39
40
40
40
40
40
40
40
40
40
40
40
40
40
40
40
42
42
42
42
43
43
43
43
46
46
46
46
46
46
46
46
46
46
46
46
46
46
49
49
49
49
49
49
49
49
49
49
49
49
49
49
51
51
51
51
51
51
51
51
51
51
51
51
51
51
51
51
53
53
53
53
55
55
55
55
57
57
57
57
57
57
59
59
59
59
60
61
61
61
61
61
61
61
62
62
62
62
62
62
62
63
65
65
65
65
65
65
65
66
67
67
67
67
67
67
68
70
70
70
70
70
70
70
71
72
72
72
73
75
75
75
75
75
76
77
77
77
77
78
79
79
79
79
79
79
79
80
82
82
82
82
82
82
84
84
84
84
84
84
86
86
86
86
86
86
88
88
88
88
88
88
90
90
90
90
90
90
90
90
90
90
90
91
92
92
92
92
92
92
93
95
95
95
95
95
95
97
97
97
97
97
97
98
100
100
100
100
100
100
100
100
100
100
101
102
102
102
102
102
102
102
102
102
102
102
102
102
104
104
104
104
104
104
104
104
104
104
104
104
104
104
104
104
104
104
105
106
106
106
106
106
106
106
106
106
106
106
106
106
106
106
106
106
107
108
108
108
108
108
108
108
108
108
108
108
109
110
112
112
112
112
112
112
112
112
112
112
112
112
112
113
114
114
114
114
114
114
114
114
114
114
114
114
115
116
116
116
116
116
116
116
116
116
116
116
116
116
116
116
116
117
118
118
118
120
120
120
120
120
120
120
120
121
123
123
123
123
123
123
123
123
123
123
123
123
124
125
125
125
125
125
125
125
125
125
125
125
127
127
127
127
127
127
127
127
127
129
129
129
129
129
129
129
129
131
131
131
132
134
134
134
134
134
134
134
134
134
135
136
136
136
136
136
136
136
136
137
139
139
139
139
139
139
139
140
141
141
141
142
144
144
144
144
144
144
144
145
146
146
146
147
150
150
150
150
150
150
150
151
152
152
152
152
153
154
154
154
154
154
154
154
155
156
158
158
158
158
158
158
158
158
158
158
159
160
160
160
160
161
162
162
162
162
162
162
162
162
162
163
164
166
166
166
166
166
166
166
167
168
168
168
168
168
168
168
169
171
171
171
171
171
171
171
171
171
171
171
171
171
171
171
172
173
173
173
173
173
173
173
173
173
175
175
175
175
175
175
175
176
177
177
177
177
177
177
177
177
177
177
177
178
179
179
179
179
179
179
179
179
179
179
179
179
179
179
179
179
179
179
179
179
179
179
179
179
179
181
182
183
183
183
183
183
183
183
183
183
183
183
183
185
185
185
185
185
185
185
185
185
185
185
185
185
185
185
185
185
185
185
185
187
187
187
187
187
187
187
188
189
189
189
189
189
190
191
191
191
191
191
191
191
191
191
191
191
191
191
191
191
192
193
194
196
196
196
196
196
196
196
196
196
196
198
198
198
198
198
198
199
200
200
200
200
200
200
200
200
200
201
202
202
202
202
202
202
203
204
204
204
204
204
204
204
204
204
204
205
206
206
206
206
206
206
207
208
210
210
210
210
210
210
210
210
210
210
212
212
212
212
212
214
214
214
214
214
214
215
216
216
216
216
216
216
216
216
216
217
218
218
218
218
218
218
219
220
220
220
220
220
220
220
220
220
220
221
222
222
222
222
222
222
223
223
223
223
224
225
227
227
227
227
227
227
227
227
227
227
229
229
229
229
229
229
229
229
229
229
231
231
231
231
231
231
232
233
233
233
233
233
234
235
235
235
235
235
235
235
235
235
235
235
236
237
238
239
240
240
240
240
240
240
240
240
240
240
240
240
240
240
240
241
242
244
244
244
244
244
244
244
244
244
245
246
246
246
246
246
248
248
248
248
248
248
248
248
248
248
248
248
248
248
250
250
250
250
250
250
251
252
252
252
252
253
254
254
254
254
254
254
254
254
254
254
254
254
254
255
257
257
257
257
257
257
257
257
257
257
257
257
257
257
257
258
260
260
260
260
260
260
261
262
262
262
262
262
262
262
262
262
262
262
262
264
264
264
264
265
266
266
266
266
266
266
266
266
266
266
266
266
266
266
266
266
266
266
266
267
269
269
269
269
269
269
269
270
271
271
271
271
271
271
271
271
271
271
271
272
273
273
273
273
274
274
275
276
277
278
279
280
280
280
280
281
282
282
282
282
282
282
282
282
282
282
282
282
282
283
284
286
286
286
287
289
289
289
289
289
289
289
289
289
289
289
289
290
291
291
291
291
291
293
293
293
293
293
293
293
293
293
295
295
295
296
296
296
298
298
298
298
298
298
298
298
298
298
300
300
300
300
300
300
300
301
302
302
302
302
302
302
302
302
302
302
302
303
303
303
303
303
303
303
303
303
303
303
304
305
306
307
307
307
307
308
308
308
308
309
311
311
311
311
312
313
313
313
313
313
313
313
313
313
313
313
314
316
316
316
316
316
316
316
316
316
316
318
318
318
318
318
318
319
320
320
320
320
320
320
320
320
320
321
323
323
323
323
323
323
323
323
323
323
325
325
325
325
325
325
325
327
327
327
327
327
327
327
329
329
329
329
329
329
331
331
331
331
331
331
331
331
332
333
333
333
333
333
333
333
334
339
340
342
342
342
342
342
342
342
342
342
342
342
343
344
344
344
344
344
344
344
344
344
344
344
345
345
345
345
345
345
345
346
346
346
346
346
346
347
349
349
349
349
349
349
349
349
349
349
349
349
349
349
350
351
351
351
351
351
351
351
351
351
351
351
352
352
352
352
352
352
352
353
353
353
353
353
353
354
356
357
357
357
357
357
358
359
359
359
359
359
359
359
359
359
359
359
359
359
359
359
360
360
360
361
362
362
362
362
362
363
364
364
364
364
364
364
364
364
364
364
365
366
366
366
366
366
366
366
366
366
366
366
367
368
369
369
369
369
369
370
371
371
371
371
371
371
371
371
371
371
371
372
374
374
374
375
377
377
377
377
377
377
377
378
379
379
379
379
380
381
381
381
381
381
381
381
382
383
385
385
385
385
385
385
385
386
387
387
387
387
387
387
388
390
390
390
390
390
390
390
391
392
392
392
393
395
395
395
395
395
395
395
395
395
395
396
397
397
397
397
398
399
399
399
399
399
399
399
399
399
400
401
403
403
403
403
403
403
403
404
405
405
405
406
408
408
408
408
408
408
408
409
410
410
410
410
410
410
411
412
413
