6
6
6
6
6
6
6
6
6
8
8
8
8
8
8
8
8
8
8
8
8
8
8
9
9
9
9
9
9
9
9
9
9
9
9
9
9
10
10
10
10
10
10
10
10
10
10
10
10
10
10
11
11
11
11
11
11
11
11
11
11
11
11
11
11
12
12
12
12
12
12
12
12
12
12
12
12
12
12
13
13
13
13
13
13
13
13
13
13
13
13
13
13
14
14
14
14
14
14
14
14
14
14
14
14
14
14
15
15
15
15
15
15
15
15
15
15
15
15
15
15
16
16
16
16
16
16
16
16
16
16
16
16
16
16
17
17
17
17
17
17
17
17
17
17
17
17
17
17
18
18
18
18
18
18
18
18
18
18
18
18
18
18
19
19
19
19
19
19
19
19
19
19
19
19
19
19
20
20
20
20
20
20
20
20
20
20
20
20
20
20
21
21
21
21
21
21
21
21
21
21
21
21
21
21
22
22
22
22
22
22
22
22
22
22
22
22
22
22
23
23
23
23
23
23
23
23
23
23
23
23
23
23
24
24
24
24
24
24
24
24
24
24
24
24
24
24
25
25
25
25
25
25
25
25
25
25
25
25
25
25
26
26
26
26
26
26
26
26
26
26
26
26
26
26
27
27
27
27
27
27
27
27
27
27
27
27
27
27
28
28
28
28
28
28
28
28
28
28
28
28
28
28
29
29
29
29
29
29
29
29
29
29
29
29
29
29
30
30
30
30
30
30
30
30
30
30
30
30
30
30
31
31
31
31
31
31
31
31
31
31
31
31
31
31
33
33
33
33
33
33
33
33
33
34
34
34
34
34
34
34
35
35
35
35
35
35
35
36
36
36
36
36
36
36
37
37
37
37
37
37
37
38
38
38
38
38
38
38
39
39
39
39
39
39
39
39
39
40
40
40
40
40
40
40
40
40
42
42
42
42
42
42
42
42
42
42
42
42
42
43
43
43
43
43
43
43
43
43
43
43
44
44
44
44
44
44
44
44
44
44
44
45
45
45
45
45
45
45
45
45
46
46
46
46
46
46
46
46
46
48
48
48
49
50
50
50
50
51
51
51
51
52
52
52
52
52
52
52
53
53
53
53
53
53
53
53
53
54
54
54
54
55
55
55
55
56
56
56
56
56
56
56
57
57
57
57
59
59
59
59
59
59
59
59
59
59
59
59
59
61
61
61
61
61
61
61
61
61
61
61
61
61
61
61
64
64
64
64
64
64
64
64
64
64
64
64
64
64
64
64
64
64
66
67
68
68
68
68
68
68
68
69
69
69
69
69
69
69
70
70
70
70
70
70
70
71
71
71
71
71
71
71
72
72
72
72
72
72
72
73
73
73
73
73
73
73
74
74
74
74
74
74
74
75
75
75
75
75
75
75
76
76
76
76
76
76
76
77
79
79
79
79
79
79
79
79
80
81
81
81
81
81
81
81
81
81
81
81
81
81
81
82
84
84
84
84
85
86
86
86
86
86
86
86
86
86
87
87
87
87
87
87
87
87
87
88
88
88
88
88
88
88
88
88
89
89
89
89
90
93
93
93
93
93
93
93
94
95
95
95
95
95
95
96
98
98
98
98
98
98
98
98
98
98
98
99
100
100
100
100
100
100
100
100
101
103
103
103
103
103
103
103
103
103
103
103
103
103
103
103
103
103
103
103
103
103
103
104
105
105
105
105
105
105
105
105
105
105
105
105
105
106
106
106
106
106
106
106
106
106
106
106
106
107
108
109
110
111
111
111
111
112
113
113
113
113
113
113
113
113
113
113
113
114
115
117
117
117
117
117
117
117
117
117
117
117
117
117
117
119
119
119
119
119
119
119
119
120
121
121
121
121
121
121
121
121
121
123
123
123
123
123
123
123
123
123
124
125
125
125
125
125
125
125
125
125
126
126
126
126
126
126
127
128
129
131
131
131
131
131
131
131
131
131
131
131
131
131
131
132
132
132
132
132
132
133
134
134
134
134
134
134
134
134
136
136
136
136
136
136
138
138
138
138
138
138
140
140
140
140
140
140
140
140
140
142
142
142
142
142
142
144
144
144
144
144
144
144
144
144
144
144
144
144
144
144
146
146
146
147
149
149
149
149
149
149
149
149
149
149
150
151
151
151
151
151
151
151
151
153
153
153
153
153
153
153
153
153
153
153
153
155
155
155
155
155
155
155
155
155
155
155
155
155
155
155
155
156
156
156
156
156
156
156
156
156
158
158
158
158
158
158
158
158
159
159
159
159
159
159
159
159
161
161
161
161
161
161
161
161
161
163
163
163
163
163
163
163
165
165
165
166
168
168
168
168
168
168
168
168
169
170
170
170
170
170
172
172
172
172
172
172
172
172
172
172
172
172
172
173
174
174
174
174
175
177
177
177
178
181
181
181
181
181
181
181
181
181
181
182
183
183
183
183
183
183
183
183
183
183
185
185
185
185
185
185
186
188
188
188
188
188
188
188
188
189
190
190
190
190
190
190
190
190
192
192
192
192
192
194
194
194
194
194
196
196
196
196
196
196
196
196
196
198
198
198
198
198
198
198
198
198
198
198
198
198
198
199
200
200
200
200
200
200
200
200
200
200
202
202
202
202
202
202
203
204
204
204
204
204
204
204
204
204
205
206
206
206
206
206
206
206
207
208
209
210
210
210
210
210
210
210
211
213
213
213
214
215
215
215
215
215
215
215
216
217
217
217
219
219
219
219
219
219
219
219
219
220
221
221
221
221
221
221
221
222
222
222
222
223
224
225
226
226
226
226
226
226
226
227
228
229
230
231
231
231
231
231
231
231
232
233
235
235
235
235
235
235
235
236
238
238
238
238
238
238
238
238
239
240
240
240
240
240
240
240
240
240
240
240
240
240
240
240
241
243
243
243
243
243
243
243
243
243
243
243
244
245
245
245
245
245
245
245
246
247
247
247
247
247
247
247
248
250
250
250
250
250
250
250
250
252
252
252
252
252
252
254
254
254
254
254
254
254
255
256
256
256
256
256
256
257
257
257
257
257
257
257
257
257
257
257
257
259
259
259
260
262
262
262
262
262
262
262
262
264
264
264
264
264
264
264
266
266
266
266
266
266
266
266
266
266
266
267
268
268
268
268
268
268
268
268
268
268
268
268
268
268
268
268
268
268
268
268
268
268
268
268
268
268
268
269
271
271
271
271
271
272
272
272
272
272
273
273
273
273
273
273
273
274
274
274
274
274
275
275
275
275
275
277
277
277
277
277
277
277
278
278
278
278
278
278
278
279
279
279
279
279
279
279
280
280
280
280
280
280
280
281
281
281
281
281
281
281
285
285
285
285
285
285
285
285
285
285
285
285
285
285
285
287
287
287
287
287
287
287
287
287
287
289
289
289
289
289
289
289
289
289
291
291
291
291
291
291
291
291
292
293
293
293
293
293
293
293
293
293
295
295
295
295
295
295
295
295
295
295
295
295
295
295
296
297
297
297
297
297
297
297
297
297
297
299
299
299
299
299
299
300
301
301
301
301
301
301
301
301
302
304
304
304
304
304
304
304
304
304
304
305
306
306
306
306
306
306
306
306
306
309
309
309
309
309
309
309
309
309
309
309
310
312
312
312
312
312
312
312
312
313
314
314
314
314
314
314
315
316
316
316
316
316
316
316
317
318
320
320
320
320
320
320
320
320
321
322
322
322
322
322
322
323
324
324
324
324
324
324
325
326
328
328
328
328
328
328
328
328
329
330
330
330
330
330
330
331
332
332
332
332
332
332
333
334
336
336
336
336
336
336
336
336
337
338
338
338
338
338
338
339
340
340
340
340
340
340
340
341
342
343
344
346
346
346
346
346
346
346
348
348
348
349
351
351
351
351
351
351
351
351
351
351
351
352
353
353
353
353
353
353
353
353
355
355
355
355
355
355
355
355
355
355
355
355
357
357
357
357
357
357
357
357
357
357
359
359
359
359
359
359
359
359
360
361
361
361
361
362
363
363
363
363
363
363
363
363
363
363
363
363
363
363
363
363
363
363
364
365
365
365
365
365
365
365
365
365
365
365
365
365
365
365
365
366
367
369
369
369
369
369
369
369
369
369
369
370
370
370
370
370
370
370
370
370
370
370
370
370
370
370
370
370
370
370
370
370
370
370
370
371
371
371
371
371
371
371
371
371
371
372
372
372
372
372
372
372
372
372
372
372
372
372
372
372
372
372
374
374
374
374
374
374
375
375
375
375
375
375
377
377
377
377
377
377
377
377
377
379
381
381
381
381
381
381
381
383
383
383
384
386
386
386
386
386
386
386
386
386
386
386
386
386
386
386
386
387
388
388
388
388
388
388
388
388
388
388
388
388
388
388
388
389
389
389
389
389
389
389
389
389
389
389
389
389
389
389
391
391
391
391
391
391
393
393
393
393
393
393
393
393
394
395
395
395
395
395
395
395
396
397
398
399
399
399
399
399
399
400
402
402
402
402
402
402
402
402
402
402
403
404
404
404
404
404
404
404
404
404
404
404
404
404
405
407
407
407
407
407
407
407
407
407
407
408
410
410
410
410
410
410
410
411
412
412
412
412
412
412
412
412
412
412
412
412
412
412
412
412
412
412
413
413
413
413
413
413
413
413
413
413
413
413
415
415
415
415
415
415
415
416
417
417
417
417
417
417
417
417
417
417
417
419
419
419
419
419
419
419
419
419
420
421
421
421
421
421
421
421
421
421
421
421
421
422
422
422
422
422
422
422
422
422
422
422
422
423
423
423
423
423
423
423
423
423
423
423
423
424
424
424
424
424
424
424
424
424
425
426
427
428
428
428
428
428
428
428
428
428
429
430
431
433
433
433
433
433
433
433
434
435
435
435
435
435
437
437
437
437
437
437
437
437
437
437
437
437
437
437
437
437
437
437
439
439
439
439
439
439
439
439
439
439
440
441
441
441
441
441
441
441
441
443
443
443
443
443
443
443
443
443
443
443
443
443
443
443
443
443
443
444
445
445
445
445
445
445
445
445
445
445
447
447
447
447
447
447
448
449
449
449
449
449
449
450
452
452
452
452
452
453
454
455
456
456
456
456
456
456
456
457
458
459
459
459
459
459
459
459
460
461
461
461
462
462
462
462
462
462
462
463
464
464
464
464
464
464
464
465
466
466
466
467
467
467
467
467
467
467
468
469
470
471
471
471
471
471
471
471
472
473
476
476
476
476
476
477
479
481
481
481
481
481
481
481
482
483
483
483
483
483
483
483
483
483
483
483
483
483
485
485
485
485
485
485
485
485
485
485
487
487
487
487
487
487
487
488
489
489
489
489
489
490
490
490
490
490
493
493
493
493
493
493
493
493
493
493
493
493
493
493
493
493
493
493
493
493
494
495
495
495
495
495
495
495
495
495
495
497
497
497
497
497
497
497
497
497
497
497
497
498
499
499
499
499
500
500
501
502
502
502
502
502
502
502
502
502
502
502
503
504
504
504
504
505
505
506
508
508
508
508
509
511
511
511
511
512
513
513
513
513
513
513
513
513
513
513
513
514
515
517
517
517
517
517
517
517
518
518
518
518
518
518
518
518
518
518
518
518
518
519
521
521
521
521
521
522
523
523
523
524
526
526
526
526
526
526
526
526
527
528
528
528
529
531
531
531
531
531
531
531
531
531
531
532
533
533
533
534
536
536
536
536
536
537
538
538
538
539
541
541
541
541
541
541
541
541
542
543
543
543
543
543
545
545
545
545
545
545
546
547
547
547
547
547
547
547
547
547
547
549
549
549
549
549
549
549
550
551
551
551
551
551
551
551
551
551
551
551
552
554
554
554
554
554
554
554
554
554
555
556
556
556
556
556
556
556
556
556
557
558
558
558
558
558
558
558
558
558
558
558
558
558
558
558
558
558
558
559
560
560
560
560
560
560
560
560
560
560
560
560
560
561
563
563
563
563
563
563
563
564
565
565
565
565
565
565
565
565
565
565
565
566
567
569
569
569
570
572
572
572
572
572
573
574
574
574
575
577
577
577
577
577
577
577
577
578
579
579
579
580
582
582
582
582
582
583
584
584
584
585
587
587
587
587
587
588
589
589
589
589
589
589
589
589
589
589
590
592
592
593
593
593
593
593
594
595
595
595
595
595
595
595
595
597
597
597
597
597
597
597
599
599
599
599
599
599
599
599
599
599
600
601
601
601
601
601
601
601
602
603
603
603
603
603
603
603
603
603
603
603
603
604
606
606
606
606
606
606
606
606
606
606
606
606
606
607
609
609
609
609
609
609
609
611
611
611
611
611
611
611
613
613
613
613
613
613
613
613
613
613
614
615
615
615
615
615
615
615
615
615
615
615
615
615
615
615
615
615
615
616
617
617
617
617
617
617
617
617
617
617
618
619
619
619
619
619
619
619
619
619
619
619
619
619
619
619
619
619
619
619
619
619
619
619
619
619
620
621
622
623
623
623
623
623
623
623
623
623
623
623
624
626
626
626
626
626
626
626
628
630
630
630
630
630
630
630
630
630
630
630
630
630
631
633
633
633
633
633
633
633
635
635
635
635
635
635
635
635
635
635
635
635
635
635
635
635
635
637
637
637
637
637
637
637
637
637
637
637
637
637
637
637
637
637
639
639
639
639
639
639
639
639
639
639
639
639
639
639
639
639
639
641
641
641
641
641
641
641
643
643
643
643
643
643
643
643
643
643
644
645
645
645
645
645
645
645
646
647
647
647
647
647
647
647
647
647
647
647
647
648
650
650
650
650
650
650
650
650
650
650
650
650
650
651
653
653
653
653
653
653
653
654
656
656
656
656
656
657
658
658
658
658
658
658
658
658
660
660
660
660
660
660
660
660
660
660
660
660
660
660
660
660
660
660
660
660
660
660
662
662
662
662
662
662
662
662
662
662
663
664
664
664
664
664
664
664
665
666
666
666
666
666
666
666
666
666
666
666
666
667
669
669
669
669
669
669
669
669
669
669
669
669
669
670
672
672
672
672
672
672
672
674
674
674
674
674
674
674
675
677
677
678
678
678
678
678
679
680
680
680
680
680
680
681
681
681
681
681
682
682
682
682
682
682
682
682
682
682
682
682
682
682
682
682
682
682
682
682
682
682
683
683
683
683
683
683
683
683
683
683
683
683
683
683
683
683
683
683
683
683
683
683
684
684
684
684
684
684
684
684
684
684
684
684
684
684
684
684
684
684
684
684
684
684
685
685
685
685
685
685
685
685
686
686
686
686
686
686
686
686
686
686
686
686
686
686
686
686
686
686
686
686
686
686
687
687
687
687
687
687
687
687
687
687
687
687
687
687
687
687
687
687
687
687
687
687
688
688
688
688
688
688
688
688
688
688
688
688
688
688
688
688
688
688
688
688
688
688
689
689
689
690
692
692
693
693
693
693
693
693
693
694
695
695
695
695
695
695
696
697
697
697
698
700
700
700
700
700
700
701
702
702
702
703
705
705
705
705
705
705
705
705
705
705
705
705
706
707
707
707
708
710
710
710
710
710
710
710
710
712
712
712
712
712
712
713
714
714
714
714
714
714
714
714
715
716
716
716
717
718
719
719
719
719
719
719
719
719
719
719
719
719
719
720
721
721
721
722
724
724
724
724
724
724
725
726
726
726
726
726
726
726
726
727
728
728
728
729
730
731
731
731
731
731
731
731
731
731
731
731
731
731
732
733
733
733
734
736
736
736
736
736
736
737
738
738
738
738
738
738
738
738
739
740
740
740
741
742
743
743
743
743
743
743
743
743
743
743
743
743
743
744
745
745
745
746
748
748
748
748
748
748
748
748
749
750
750
750
751
753
753
753
753
753
753
754
755
755
755
755
755
755
755
755
756
757
757
757
758
759
760
760
760
760
760
760
760
760
760
760
760
760
760
761
762
762
762
763
765
765
765
765
765
765
766
767
767
767
767
767
767
767
767
768
769
769
769
770
771
772
772
772
772
772
772
772
772
772
772
772
772
772
773
774
774
774
775
777
777
777
777
777
777
778
779
779
779
779
779
779
779
779
780
781
781
781
782
783
784
784
784
784
784
784
784
784
784
784
784
784
784
785
786
786
786
787
789
789
789
790
792
793
