18
18
18
18
18
18
18
18
18
18
18
20
20
20
20
20
20
20
21
21
21
21
21
21
21
21
21
22
22
22
22
22
22
22
22
22
24
24
24
24
24
24
24
24
24
24
24
30
30
30
30
31
33
33
33
33
33
33
33
33
36
36
36
36
36
36
36
36
39
39
39
39
39
39
39
39
42
42
42
42
42
42
42
42
50
50
50
50
50
50
50
50
53
53
53
53
53
53
53
53
56
56
56
56
56
56
56
56
59
59
59
59
59
59
59
59
62
62
62
62
62
62
62
62
65
65
65
65
65
65
65
65
67
67
67
67
67
67
67
67
70
70
70
70
70
70
70
70
70
70
70
70
70
72
72
72
72
72
72
72
72
74
74
74
74
74
74
74
74
74
74
74
74
74
75
75
75
75
75
75
75
75
75
75
75
75
75
84
84
84
84
84
84
84
84
84
84
84
84
85
85
85
85
85
85
85
85
86
89
89
89
89
89
89
89
89
89
89
89
89
89
89
89
89
90
90
90
90
90
90
90
90
91
91
91
92
93
93
93
93
93
93
93
93
93
93
93
94
94
94
94
94
94
94
94
94
95
95
95
95
95
95
95
95
95
95
95
96
96
96
96
96
96
96
96
96
96
97
97
97
98
99
99
99
99
99
99
99
99
99
99
100
100
100
101
102
102
102
102
102
102
102
102
102
102
103
103
103
104
105
106
106
106
106
107
107
107
107
107
107
107
108
116
116
116
116
116
116
116
116
116
116
116
116
117
117
117
117
117
117
117
117
118
125
125
125
125
125
125
125
125
125
125
126
126
126
126
126
127
134
134
134
134
134
134
134
134
134
134
135
135
135
135
135
135
135
135
136
144
144
144
144
144
144
144
144
144
144
145
145
145
145
145
146
153
153
153
153
153
153
153
153
153
153
154
154
154
154
154
154
154
154
155
163
163
163
163
163
163
163
163
163
163
164
164
164
164
164
164
164
164
164
164
164
165
165
165
165
165
165
165
165
165
166
166
166
166
166
166
166
166
166
166
166
166
166
167
168
168
168
168
169
171
171
171
171
172
172
174
177
