6
6
6
6
6
6
6
6
6
6
6
8
8
8
8
8
8
8
8
8
8
8
8
8
8
9
9
9
9
9
9
9
9
9
9
9
9
9
9
10
10
10
10
10
10
10
10
10
10
10
10
10
10
11
11
11
11
11
11
11
11
11
11
11
11
11
11
13
13
13
13
13
13
13
14
14
14
14
14
14
14
15
15
15
15
15
15
15
16
16
16
16
16
16
16
17
17
17
17
17
17
17
19
19
19
19
19
19
19
19
19
19
19
20
20
20
20
20
20
20
20
20
20
20
21
21
21
21
21
21
21
21
21
21
21
22
22
22
22
22
22
22
22
22
23
23
23
23
23
23
23
23
23
25
25
25
26
27
27
27
27
29
29
29
29
31
31
31
31
33
33
33
33
34
34
34
34
36
36
36
36
38
38
38
38
38
38
38
38
38
38
38
38
38
38
40
40
40
40
40
40
40
40
40
40
40
40
40
40
42
42
42
42
42
42
42
42
42
42
42
42
42
42
42
42
44
44
44
44
44
44
44
44
44
44
44
44
44
44
44
46
46
46
46
46
46
47
48
48
48
48
48
48
49
51
51
51
51
51
52
53
53
53
54
56
56
56
56
56
57
58
58
58
58
58
58
58
58
59
61
61
61
61
61
61
61
62
63
63
63
63
63
63
63
64
66
66
66
66
66
66
66
66
67
68
68
68
68
68
68
68
68
69
71
71
71
71
71
71
71
71
71
71
72
73
73
73
73
73
73
73
73
73
74
76
76
76
76
76
76
76
76
76
76
77
78
78
78
78
78
78
78
78
79
81
81
81
81
81
81
81
82
83
83
83
83
83
83
83
84
86
86
86
86
86
86
86
86
87
88
88
88
88
88
88
88
88
89
91
91
91
91
91
91
91
92
93
93
93
93
94
95
95
95
95
95
95
95
95
95
96
98
98
98
98
98
100
100
100
100
100
100
101
102
102
102
102
102
102
102
103
104
104
104
104
104
104
104
104
104
104
104
104
104
104
104
105
106
106
106
106
107
107
108
109
110
112
112
112
112
113
114
114
114
114
114
114
114
114
114
115
117
117
117
118
120
120
120
120
120
120
120
121
122
122
122
122
123
124
124
124
124
124
124
124
124
124
125
127
127
127
127
127
129
129
129
129
129
129
130
131
131
131
131
131
131
131
132
133
133
133
133
133
133
133
133
133
133
133
133
133
134
135
135
135
135
136
136
137
138
139
141
141
141
141
142
143
143
143
143
143
143
143
143
143
143
143
144
146
146
146
147
149
149
149
149
149
150
151
151
151
152
154
154
154
154
154
154
154
155
156
156
156
156
156
156
157
159
159
159
159
159
160
161
161
161
162
164
164
164
164
164
164
164
165
166
166
166
166
166
166
167
169
169
169
169
169
170
171
171
171
172
174
174
174
174
174
174
174
175
176
176
176
176
176
176
177
179
179
179
179
179
180
181
181
181
182
184
184
184
184
184
185
186
186
186
188
188
188
188
189
190
190
190
191
191
191
191
192
192
193
193
193
194
194
194
194
195
195
196
196
196
197
197
197
197
198
198
199
199
199
200
200
200
200
201
201
202
202
202
203
203
203
203
204
204
205
205
205
206
206
206
206
207
207
208
208
208
209
209
209
209
210
210
211
211
211
212
212
212
212
213
213
214
214
214
215
215
215
215
216
216
217
217
217
218
218
218
218
219
219
220
220
220
221
221
221
221
222
222
223
223
223
224
224
224
224
225
225
226
226
226
227
227
227
227
228
228
229
229
229
230
230
230
230
231
231
232
232
232
233
233
233
233
234
234
235
235
235
236
236
236
236
237
237
238
238
238
239
239
239
239
240
240
241
241
241
242
242
242
242
243
243
244
244
245
245
245
245
246
246
247
249
249
249
250
252
252
252
252
252
252
252
253
254
254
254
254
254
254
255
257
257
257
257
257
257
257
258
259
259
259
259
259
259
260
262
262
262
262
262
263
264
264
264
265
267
267
267
267
267
267
267
268
269
269
269
269
269
269
269
269
271
271
271
271
271
271
271
271
271
271
271
271
271
271
271
271
271
272
272
272
272
272
272
272
272
272
272
272
272
272
272
272
272
272
274
274
274
274
274
274
274
275
276
276
276
276
276
276
276
276
276
276
276
276
276
276
276
276
276
277
279
279
279
279
279
279
279
280
281
282
