6
6
6
6
6
6
6
6
6
6
6
8
8
8
8
8
8
8
9
9
9
9
9
9
9
10
10
10
10
10
10
10
11
11
11
11
11
11
11
11
11
12
12
12
12
12
12
12
12
12
13
13
13
13
13
13
13
14
14
14
14
14
14
14
15
15
15
15
15
15
15
16
16
16
16
16
16
16
18
18
18
18
18
18
18
18
18
18
18
19
19
19
19
19
19
19
19
19
19
19
21
21
21
21
21
21
21
22
23
23
23
23
25
25
25
25
25
25
25
26
26
26
26
26
26
26
26
28
28
28
28
28
28
28
28
29
30
30
30
30
32
32
32
32
32
32
32
32
32
32
32
32
32
34
34
34
34
34
34
34
34
34
34
34
34
34
35
36
36
36
36
36
36
36
36
36
37
39
39
39
39
39
39
39
39
40
42
42
43
43
43
43
43
43
43
43
43
43
43
43
43
43
43
43
43
43
43
43
43
43
43
43
43
43
43
43
43
43
44
44
45
46
46
46
46
46
46
46
46
46
46
46
46
46
48
48
48
48
48
48
48
48
48
48
48
50
50
50
50
50
50
50
50
50
50
50
50
50
52
52
52
52
52
52
52
52
52
52
52
52
52
52
52
53
53
54
54
55
55
55
55
55
55
55
55
55
55
57
57
57
57
57
57
57
59
59
59
59
59
59
59
59
59
59
60
61
61
61
61
61
61
61
62
62
62
62
62
62
62
62
62
62
63
65
65
65
65
65
65
65
66
67
67
67
67
67
67
67
67
67
67
67
68
70
70
70
70
70
70
70
70
70
70
71
72
72
