6
6
6
6
6
6
6
6
6
8
8
8
8
8
8
8
8
8
8
8
8
8
8
10
10
10
10
10
10
10
11
11
11
11
11
11
11
11
11
12
12
12
12
12
12
12
12
12
14
14
14
14
14
14
14
14
14
14
14
14
14
15
15
15
15
15
15
15
15
15
15
15
15
15
16
16
16
16
16
16
16
16
16
17
17
17
17
17
17
17
17
17
19
19
19
19
20
21
21
21
21
21
21
21
21
21
21
21
21
21
21
21
23
23
23
23
24
25
27
27
27
27
27
27
28
29
29
29
29
29
29
29
31
31
31
31
31
31
31
33
33
33
33
33
33
34
35
35
35
35
35
35
35
35
35
37
37
37
37
38
39
39
39
39
39
39
39
39
39
40
42
42
42
42
42
42
42
42
42
42
42
42
42
42
43
44
44
44
44
45
46
48
48
48
49
51
51
51
51
51
51
52
53
53
53
53
53
53
53
53
54
55
55
55
56
56
56
57
57
57
58
58
58
59
59
59
60
60
60
61
63
63
63
63
63
63
63
64
66
66
66
66
66
66
67
68
68
68
68
68
68
68
68
68
70
70
70
70
70
70
70
70
70
70
72
72
72
72
72
72
72
72
72
73
74
74
74
74
75
77
77
77
77
77
77
77
79
79
79
79
79
79
80
81
81
81
81
82
83
83
83
84
84
84
84
85
85
86
86
86
87
87
87
87
88
88
89
89
89
90
90
90
90
91
91
92
93
95
95
95
95
96
97
97
97
97
97
97
97
97
97
98
100
100
100
101
103
103
103
103
103
103
104
105
105
105
105
105
105
105
105
105
105
105
105
105
106
108
108
108
108
108
108
109
110
110
110
110
110
110
110
113
113
113
113
113
113
113
113
113
113
113
113
115
115
115
115
115
115
116
117
117
117
117
117
117
117
117
117
117
117
117
119
119
119
119
119
119
119
120
121
121
121
121
121
121
121
121
121
121
121
121
123
123
123
123
124
125
125
125
125
125
125
125
125
125
126
128
128
128
128
128
128
128
128
128
130
130
130
130
130
130
130
130
130
130
130
130
130
130
131
132
132
132
133
134
135
138
138
138
138
138
138
138
138
138
138
138
138
140
140
140
140
141
142
142
142
142
142
142
142
142
142
143
145
145
145
145
145
145
145
145
145
146
147
147
147
147
147
147
147
147
147
147
147
147
147
147
147
147
147
148
150
150
150
150
150
150
150
150
150
150
150
150
150
150
150
152
152
152
152
152
152
152
152
152
152
152
152
152
152
152
152
152
154
154
154
154
154
154
154
154
154
154
154
154
154
154
154
154
154
156
156
156
156
156
156
156
156
156
156
156
156
156
156
156
156
156
156
156
156
156
158
158
158
158
158
158
158
159
160
160
160
160
160
160
160
161
162
162
162
162
162
162
162
163
164
164
164
164
164
164
164
165
166
166
166
166
166
166
166
166
166
166
166
166
166
166
166
166
166
166
166
166
168
168
168
168
169
170
170
170
170
170
170
170
170
170
171
173
173
173
173
173
173
173
173
173
175
175
175
175
175
175
175
175
175
175
175
175
175
175
176
177
177
177
178
179
180
181
182
185
185
185
185
185
185
186
187
187
187
187
187
187
187
187
187
187
188
190
190
190
191
192
192
