18
18
18
18
18
18
18
18
18
18
18
18
18
20
20
20
20
20
20
20
21
21
21
21
21
21
21
22
22
22
22
22
22
22
24
24
24
24
24
24
24
24
24
24
24
24
24
35
35
35
35
36
38
38
38
38
38
38
38
38
38
38
38
39
40
40
40
40
40
41
41
41
41
41
41
41
42
42
42
42
42
43
43
43
43
44
44
44
44
44
47
47
47
47
47
47
47
47
47
47
47
47
47
47
47
47
47
47
48
49
49
49
49
49
49
49
49
49
49
49
49
49
50
50
50
50
51
51
51
52
52
52
52
52
52
52
52
52
53
53
53
53
53
53
53
54
55
55
55
56
59
59
59
59
59
59
59
61
61
61
61
61
61
61
63
63
63
63
63
63
63
63
64
67
68
69
69
69
69
69
69
69
69
70
71
71
71
71
71
71
72
73
73
73
73
73
73
73
73
73
73
73
73
73
73
73
74
74
74
74
74
74
74
75
77
78
79
79
79
79
79
79
79
80
80
80
80
80
80
80
80
80
80
80
80
80
80
81
81
81
81
81
81
82
83
83
83
83
83
83
84
85
85
85
85
85
85
85
85
85
85
85
85
85
85
85
86
86
86
86
86
86
86
87
89
89
90
93
93
93
93
93
93
93
93
94
96
96
96
96
96
96
96
96
96
96
96
96
98
98
98
98
98
98
98
99
100
100
100
100
100
100
100
101
102
103
103
103
103
103
103
103
103
104
105
105
105
105
105
105
106
107
107
107
107
107
107
107
107
107
107
107
107
107
107
107
108
108
108
108
108
108
108
109
110
111
112
113
113
113
113
113
113
113
113
113
113
113
113
113
113
114
114
114
114
114
114
114
114
114
114
114
114
114
114
116
117
118
118
118
118
118
118
118
118
118
119
119
119
119
119
119
119
119
119
119
119
119
119
119
119
119
119
120
121
121
121
121
121
121
122
123
123
123
123
123
123
123
123
123
123
123
123
123
123
123
124
124
124
124
124
124
124
125
126
128
129
130
130
130
130
130
130
130
131
131
131
131
131
131
131
131
131
131
131
131
131
131
131
131
132
132
132
132
132
132
133
134
134
134
134
134
134
135
136
136
136
136
136
136
136
136
136
136
136
136
136
136
136
137
137
137
137
137
137
137
138
140
140
140
141
141
141
141
141
141
141
141
141
142
142
142
142
142
142
142
142
142
143
144
145
146
148
