18
18
18
18
18
18
18
18
18
18
18
20
20
20
20
20
20
20
21
21
21
21
21
21
21
22
22
22
22
22
22
22
23
23
23
23
23
23
23
24
24
24
24
24
24
24
25
25
25
25
25
25
25
26
26
26
26
26
26
26
26
26
31
31
31
31
31
31
31
31
31
31
32
33
33
33
33
33
33
33
33
33
35
35
35
35
35
35
35
35
37
37
37
37
38
39
39
39
39
39
39
39
39
39
40
42
42
42
42
42
42
42
42
43
44
44
44
44
44
44
44
45
47
47
47
47
47
48
49
49
49
49
49
49
49
50
59
59
60
60
60
60
60
60
60
60
60
61
61
61
61
61
61
61
62
64
64
64
64
64
64
64
64
65
66
66
66
66
66
66
66
67
74
74
74
74
74
74
74
74
74
74
75
76
76
76
76
76
76
76
77
79
79
79
79
79
79
79
79
79
79
79
79
80
81
81
81
81
81
81
81
82
84
85
