19
19
19
19
19
19
19
19
19
19
19
21
21
21
21
21
21
21
22
22
22
22
22
22
22
22
22
23
23
23
23
23
23
23
23
23
24
24
24
24
24
24
24
25
25
25
25
25
25
25
26
26
26
26
26
26
26
27
27
27
27
27
27
27
32
32
32
32
34
34
34
34
34
34
34
35
35
35
35
35
35
35
35
35
35
35
35
35
35
35
35
36
36
36
36
36
36
36
37
37
37
37
37
37
37
37
37
37
37
37
37
37
37
37
38
39
39
39
40
52
52
52
52
52
52
52
52
52
52
52
52
52
52
53
53
53
53
53
53
53
53
53
54
54
54
54
54
54
54
54
54
54
54
54
54
55
55
55
55
55
55
55
56
56
56
56
56
56
56
57
57
57
58
58
58
58
58
58
58
58
58
59
60
60
60
60
60
60
60
60
60
61
61
61
61
61
61
61
61
61
61
61
61
61
61
61
61
61
62
62
62
62
62
62
62
62
63
63
63
64
64
64
64
64
64
64
64
65
65
65
66
66
66
66
66
66
66
66
66
67
67
67
67
67
67
68
68
68
69
69
69
70
70
70
70
70
70
71
71
71
72
73
73
73
73
73
74
75
75
75
75
75
75
75
75
75
75
75
75
75
75
75
75
75
75
75
75
75
75
75
76
76
76
76
76
76
76
76
76
77
77
78
79
79
79
79
79
79
79
80
80
80
80
80
80
80
80
80
81
81
81
81
81
81
81
81
81
82
82
82
82
82
82
82
82
82
82
82
82
82
82
82
82
82
82
83
84
84
85
87
87
87
87
87
87
87
87
87
88
88
88
88
88
88
88
88
88
88
89
89
89
89
89
89
89
90
90
90
90
91
92
92
92
92
92
92
92
92
92
92
92
93
93
94
94
94
94
94
94
94
94
94
94
94
94
94
94
95
95
95
95
95
95
95
95
95
95
95
95
95
95
95
95
95
96
96
96
96
96
96
96
96
96
96
96
96
96
96
96
96
97
97
97
97
97
97
97
97
97
97
97
97
97
97
97
97
97
98
98
99
99
99
99
99
99
99
99
99
99
99
99
100
100
100
100
100
100
100
100
101
101
101
101
101
101
101
101
101
101
102
102
102
102
102
102
102
103
103
103
104
105
105
105
106
107
107
107
107
107
107
107
107
108
108
108
108
108
108
108
108
108
109
110
111
112
