17
17
17
17
17
17
17
17
17
19
19
19
19
19
19
19
20
20
20
20
20
20
20
21
21
21
21
21
21
21
22
22
22
22
22
22
22
23
23
23
23
23
23
23
24
24
24
24
24
24
24
25
25
25
25
25
25
25
27
27
27
27
27
27
27
27
27
27
27
27
27
42
42
42
42
42
45
45
45
45
45
45
46
46
49
49
49
49
49
49
50
50
56
56
56
56
56
56
56
56
56
56
56
56
56
61
61
61
61
61
63
101
101
101
101
101
101
101
102
102
102
103
103
104
104
104
104
104
104
104
104
104
104
104
104
104
105
105
105
105
105
105
105
105
105
105
105
105
105
105
105
106
107
107
107
107
107
107
107
108
108
108
108
108
108
108
109
110
110
110
111
123
123
123
123
123
124
124
124
125
125
125
125
134
134
134
134
134
134
134
135
135
136
136
137
137
137
137
137
137
137
137
137
137
137
138
139
139
139
139
139
139
139
141
142
152
152
152
152
152
152
152
152
152
152
152
152
152
152
154
154
155
155
155
155
155
155
155
155
155
155
155
156
156
156
156
156
156
156
157
157
157
157
157
158
158
158
158
158
158
159
159
159
159
159
160
161
161
161
162
164
165
165
165
165
165
165
165
167
170
170
171
171
171
171
171
171
171
171
171
171
171
172
172
172
172
173
174
174
174
174
175
175
176
176
176
176
177
177
177
178
178
178
178
178
178
178
178
178
178
179
179
179
179
179
179
179
179
179
180
180
180
180
180
180
180
180
180
181
181
181
181
181
181
181
181
181
181
182
182
183
183
183
183
183
183
183
184
185
185
186
186
186
186
186
186
186
187
187
188
188
188
188
188
188
189
190
190
190
190
190
190
190
192
193
194
195
195
195
195
195
195
195
195
195
195
195
196
196
196
196
196
196
196
197
197
197
197
197
198
198
198
198
198
198
199
199
199
199
199
200
201
201
201
202
203
204
205
205
205
205
205
205
205
206
206
206
206
206
207
207
207
207
207
207
208
209
211
211
211
211
211
211
211
211
213
213
214
214
214
214
214
214
214
214
214
214
214
214
215
215
215
216
216
216
216
216
216
216
217
217
217
217
217
217
217
217
217
218
219
219
220
220
220
220
220
220
220
220
220
221
223
223
223
223
223
223
223
224
224
224
224
224
225
225
225
225
225
225
225
225
225
225
225
226
227
227
227
227
227
227
227
227
227
227
227
227
227
227
227
227
229
229
229
229
229
230
230
231
231
231
231
231
231
231
231
232
233
233
234
234
235
235
235
235
235
235
236
237
237
237
237
237
237
237
239
240
242
242
242
242
242
242
242
242
242
242
242
242
242
242
242
243
243
243
243
243
244
244
244
244
244
244
245
245
245
245
245
246
247
247
247
248
249
250
251
251
251
251
251
251
251
252
252
252
252
252
253
253
253
253
253
253
254
255
256
256
256
257
258
259
