19
19
19
19
19
19
19
19
19
19
19
19
19
26
26
26
27
28
28
28
28
28
28
28
28
29
29
29
30
30
30
31
31
31
32
32
32
32
32
32
32
33
33
33
33
33
33
34
34
34
34
34
34
36
36
36
36
36
36
37
37
37
37
37
37
39
39
39
39
39
39
40
40
40
40
40
40
42
42
42
42
42
42
42
42
44
44
44
44
44
44
45
45
45
45
45
45
46
46
46
46
46
46
48
48
48
48
48
48
48
48
49
50
50
50
50
50
50
50
50
50
50
50
50
50
50
51
51
51
51
51
51
51
51
51
51
51
51
51
51
52
52
52
52
52
52
52
52
52
52
52
52
52
52
54
55
56
56
56
56
57
58
58
58
58
58
58
58
58
58
58
58
58
58
58
58
58
58
59
59
59
59
59
59
59
59
59
59
60
60
60
60
60
60
60
61
61
61
61
63
63
63
63
63
63
63
63
63
63
63
63
63
63
63
63
63
64
64
64
64
64
64
64
64
64
64
64
64
64
64
64
64
64
65
65
65
65
67
67
67
67
67
67
67
67
67
67
67
67
67
67
67
67
67
68
68
68
68
68
68
68
68
68
68
68
68
68
68
68
68
68
69
69
69
69
71
71
71
71
71
71
71
71
72
73
74
75
75
75
75
75
75
75
75
75
75
75
75
75
75
75
75
75
76
76
76
76
78
78
78
78
78
78
78
78
78
78
78
78
78
78
78
78
78
79
79
79
79
81
81
81
81
81
81
81
81
81
81
81
81
81
81
81
81
81
82
82
82
82
84
84
84
84
84
84
85
86
87
87
87
87
87
87
88
89
89
89
89
89
89
89
89
89
89
89
90
93
93
93
93
94
94
94
94
95
95
95
95
96
98
98
98
98
98
98
98
98
98
98
98
99
100
100
100
100
100
100
101
102
102
102
102
102
102
103
104
104
104
104
104
104
105
106
106
106
106
106
106
107
107
107
107
108
109
109
109
109
109
109
109
109
110
110
110
110
110
110
111
111
111
112
112
112
112
112
113
114
115
115
115
115
115
115
115
115
116
116
116
116
117
117
117
117
117
117
117
117
117
117
117
118
118
118
118
118
119
119
119
120
120
120
120
121
122
124
124
124
125
125
126
126
126
126
126
126
126
126
126
126
126
126
126
127
127
127
127
127
127
127
127
127
128
129
129
129
129
129
129
130
130
130
130
130
130
130
130
130
130
131
132
132
132
132
133
133
134
135
135
135
135
135
135
135
135
135
135
135
136
136
136
137
137
137
137
137
138
138
138
138
138
138
138
138
139
139
139
139
140
141
141
141
142
143
145
145
145
145
145
145
145
145
145
145
145
146
147
147
147
147
147
148
148
148
148
148
148
148
148
149
149
149
149
151
151
151
152
154
154
154
154
154
154
154
154
155
156
156
156
158
158
158
158
159
160
160
160
160
161
161
161
161
161
161
162
163
163
163
163
163
164
165
165
165
165
166
166
166
166
166
166
167
168
168
168
168
169
169
169
170
170
170
170
170
170
171
172
174
174
174
174
175
176
176
176
177
177
177
177
178
178
179
179
179
180
180
180
180
181
181
182
182
182
183
183
183
184
184
184
184
184
184
184
184
184
184
185
185
186
186
187
187
188
190
190
190
190
190
190
190
191
191
191
191
191
191
191
192
194
194
194
194
194
194
194
194
194
194
194
195
196
196
196
196
196
196
197
198
198
198
200
200
200
200
200
200
200
200
201
201
201
201
202
204
204
204
204
204
204
205
207
207
207
207
207
207
207
207
208
208
208
208
209
211
211
211
211
211
211
211
211
211
213
213
213
213
213
214
214
214
215
222
222
223
223
223
223
223
223
224
224
224
224
224
224
225
232
232
233
233
233
233
233
233
234
234
234
234
234
234
235
237
237
237
237
237
237
238
238
238
238
238
238
239
241
241
241
241
241
241
242
242
242
242
242
242
243
245
245
245
245
245
245
246
246
246
246
246
246
247
249
249
249
249
249
249
250
250
250
250
250
250
251
253
253
253
253
253
253
253
253
253
255
255
255
255
256
256
256
256
256
256
256
256
256
256
256
257
257
257
257
258
259
261
261
261
261
261
261
261
261
261
261
261
261
261
261
261
262
262
262
262
262
262
262
262
263
264
264
264
264
265
265
265
265
266
266
266
266
266
266
268
268
268
268
268
268
269
269
269
269
269
269
269
269
270
270
270
270
270
270
270
270
271
271
271
271
271
271
271
271
272
274
274
274
274
274
274
274
274
274
274
274
274
274
274
274
275
275
275
275
276
277
277
277
277
277
277
277
277
277
277
277
278
280
280
280
280
280
280
280
280
280
280
280
281
282
282
282
282
282
282
282
282
282
282
282
283
284
284
284
284
284
284
284
284
284
284
284
284
284
284
284
284
285
285
285
285
285
285
285
285
286
287
287
287
287
288
288
288
288
289
289
289
289
289
289
291
291
291
291
291
291
291
291
291
291
291
291
292
293
293
293
293
293
293
294
294
294
294
294
294
294
294
295
295
295
295
295
295
295
295
296
296
296
296
296
296
296
296
297
298
298
298
298
298
298
299
299
299
299
299
299
299
299
300
300
300
300
300
301
303
303
303
303
303
303
303
303
303
303
303
303
303
303
303
303
304
304
304
304
305
306
306
306
306
306
306
306
306
306
306
306
307
309
309
309
309
309
309
309
309
309
309
309
309
310
311
311
311
311
311
311
311
311
311
311
311
312
313
313
313
313
313
313
313
313
313
313
313
313
313
313
313
314
314
314
314
314
314
314
314
315
316
316
316
316
316
316
316
316
316
316
316
316
316
316
316
316
316
316
316
317
319
319
319
319
319
319
319
319
319
319
319
319
319
319
319
320
320
320
320
321
322
322
322
322
322
322
322
322
322
322
322
323
325
325
325
325
325
325
325
325
325
325
325
326
327
327
327
327
327
327
327
327
327
327
327
328
330
330
330
330
330
330
330
330
330
330
330
330
330
330
330
330
331
331
331
331
331
331
331
331
332
333
333
333
333
333
333
333
333
333
333
333
333
333
333
333
333
333
333
333
334
336
336
336
336
336
336
336
336
336
336
336
336
337
338
338
338
338
338
338
338
338
338
338
338
339
340
340
340
340
340
340
340
340
340
340
340
340
340
340
340
340
341
341
341
341
342
343
343
343
343
343
343
343
343
343
343
343
344
345
345
345
345
345
346
347
347
347
347
347
347
347
348
348
348
348
348
348
348
348
348
348
348
348
348
348
348
349
350
350
350
350
350
350
350
350
350
350
350
350
350
351
351
351
351
351
351
351
351
351
351
351
351
352
354
354
354
354
354
354
354
354
354
354
355
356
356
356
356
356
356
356
356
356
356
356
356
358
358
358
358
358
358
358
358
358
359
359
359
359
359
359
359
359
359
359
359
359
359
359
359
359
359
359
359
360
360
361
362
362
362
362
362
362
362
362
362
362
362
362
362
362
362
362
362
362
362
362
363
363
363
363
363
363
363
364
364
364
364
364
364
364
364
364
364
364
364
364
364
364
364
364
364
364
364
364
365
367
367
367
368
370
370
370
370
370
371
372
372
372
372
373
373
373
373
374
374
374
374
375
383
383
383
383
383
383
383
383
383
383
383
384
385
385
385
385
385
386
386
386
388
388
388
388
388
388
389
390
390
390
390
390
390
390
390
390
390
391
392
393
394
394
394
394
394
394
394
394
394
394
394
394
395
397
397
397
397
397
397
397
397
397
397
397
397
397
398
398
398
398
398
398
398
398
398
400
400
400
400
400
400
401
401
401
401
401
401
401
401
401
401
401
401
401
401
401
401
401
401
401
402
403
403
403
403
403
403
403
404
404
404
404
404
404
404
404
404
404
404
404
404
404
405
405
405
405
405
405
405
405
405
406
406
406
406
407
407
407
408
410
410
410
410
410
410
411
412
412
412
412
412
412
412
412
413
413
413
413
413
413
413
413
413
415
415
415
415
415
415
415
416
417
417
417
417
417
417
417
417
417
417
417
417
417
417
417
417
417
417
417
417
418
418
418
418
418
418
418
418
419
419
419
420
420
420
420
420
420
420
421
422
423
425
425
425
425
425
425
425
426
426
426
426
426
426
426
427
429
430
