17
17
17
17
17
17
17
17
17
17
17
17
17
19
19
19
19
19
19
19
19
19
19
19
19
19
20
20
20
20
20
20
20
20
20
20
20
20
20
20
20
25
25
25
25
25
25
31
31
31
31
31
31
31
31
31
31
32
32
32
32
32
33
35
35
36
36
36
36
36
36
36
36
36
37
37
37
37
37
37
37
37
37
37
37
37
37
37
38
38
38
38
38
38
38
38
38
38
38
38
38
38
38
38
38
39
39
39
39
39
39
39
39
39
39
39
39
39
39
40
40
40
40
40
40
40
41
41
41
41
41
41
41
41
41
41
42
43
43
44
44
44
44
44
44
44
44
44
44
44
44
44
44
44
44
45
46
47
47
47
47
47
47
47
47
47
47
47
47
47
48
50
50
51
51
51
51
51
51
52
52
52
53
55
55
56
56
56
56
56
56
57
57
57
58
60
60
61
61
61
61
61
61
62
62
62
63
64
65
