17
17
17
17
17
17
17
17
17
17
17
17
17
17
17
19
19
19
19
19
19
19
19
19
19
19
19
19
20
20
20
20
20
20
20
20
20
20
20
20
20
20
20
21
21
21
21
21
21
21
21
21
21
21
21
21
22
22
22
22
22
22
22
27
27
27
27
27
27
28
28
28
28
30
30
30
30
30
30
30
30
37
37
37
37
37
37
37
37
37
37
38
38
38
38
38
39
39
39
39
39
39
40
42
42
42
42
42
42
43
43
43
43
44
44
44
44
44
44
44
45
45
45
45
45
45
45
45
46
48
48
48
48
48
48
49
49
49
49
49
49
49
49
49
50
50
50
50
50
50
50
50
50
50
50
50
50
50
51
51
51
51
52
53
53
53
54
56
56
56
56
56
56
57
57
57
57
57
57
57
58
60
60
60
60
60
60
61
61
61
62
64
64
64
64
64
64
65
65
65
66
68
68
68
68
68
68
69
69
69
70
72
72
72
72
72
72
73
73
73
74
76
76
76
76
76
76
77
77
77
78
80
80
80
80
80
80
81
81
81
82
84
84
84
84
84
84
84
84
85
85
85
85
85
85
85
85
85
85
85
85
85
85
85
85
85
85
85
86
88
88
88
88
88
88
89
89
89
89
89
89
89
89
89
89
89
90
92
92
92
92
92
92
93
93
93
93
93
93
93
93
94
94
94
94
94
94
94
95
95
95
95
95
95
95
95
95
95
95
96
96
96
96
96
96
96
96
96
97
97
97
97
97
97
97
97
97
97
97
97
97
97
97
97
97
98
98
98
98
98
98
98
99
100
101
101
101
101
101
101
101
102
102
102
102
102
102
102
102
102
103
103
103
103
103
103
103
104
106
106
106
106
106
106
107
107
107
107
107
107
107
107
108
110
110
110
110
110
110
110
110
111
111
111
111
111
111
111
111
112
112
112
112
112
112
112
112
112
112
112
112
113
115
115
115
115
116
116
116
117
117
117
117
119
119
119
120
121
122
