17
17
17
17
17
17
17
17
17
19
19
19
19
19
19
19
20
20
20
20
20
20
20
21
21
21
21
21
21
21
22
22
22
22
22
22
22
23
23
23
23
23
23
23
24
24
24
24
24
24
24
25
25
25
25
25
25
25
25
25
26
26
26
26
26
26
26
26
26
27
27
27
27
27
27
27
27
27
28
28
28
28
28
28
28
28
28
29
29
29
29
29
29
29
29
29
29
29
30
30
30
30
30
30
30
30
30
31
31
31
31
31
31
31
31
31
33
33
33
33
33
33
33
33
33
34
34
34
34
34
34
34
34
34
34
34
35
35
35
35
35
35
35
35
35
35
35
36
36
36
36
36
36
36
36
36
36
36
37
37
37
37
37
37
37
37
37
37
37
37
37
38
38
38
38
38
38
38
38
38
38
38
38
38
39
39
39
39
39
39
39
39
39
39
39
39
39
40
40
40
40
40
40
40
40
40
40
40
40
40
42
42
42
42
42
42
43
44
44
44
44
44
44
45
45
45
45
45
45
46
46
46
46
46
46
46
46
46
46
46
46
46
46
46
46
46
46
46
47
47
47
47
47
47
47
47
48
48
48
48
48
48
48
48
50
50
50
50
50
52
52
52
52
54
54
54
54
54
54
54
55
55
55
55
55
55
55
56
56
56
56
56
56
56
58
58
58
58
58
58
58
58
58
60
60
60
60
60
61
61
61
61
61
62
62
62
62
63
63
63
63
64
64
64
64
65
65
65
65
67
67
68
68
68
68
68
68
68
68
68
68
68
68
68
68
68
68
68
68
68
70
70
70
70
70
70
70
70
70
70
70
70
70
70
70
70
70
70
70
70
70
70
70
70
70
72
72
72
72
72
72
73
75
75
75
76
77
77
77
77
77
78
80
80
80
80
80
81
82
82
82
82
82
82
84
84
84
84
84
84
84
85
85
85
85
85
85
85
86
88
88
88
88
88
89
89
89
89
90
92
92
92
92
92
92
93
94
94
94
94
94
94
96
96
96
96
96
96
96
96
96
97
97
97
97
97
97
97
97
97
97
98
98
98
98
98
98
98
98
98
99
99
99
99
99
99
99
99
99
100
100
100
100
100
100
100
102
102
102
102
102
102
102
103
103
103
103
103
103
103
104
104
104
104
104
104
104
106
106
106
106
107
112
112
113
113
113
113
113
114
115
115
117
117
117
117
117
117
117
118
118
118
118
118
118
119
121
121
121
121
121
122
122
122
122
122
122
122
122
122
122
122
122
122
122
122
122
122
122
122
122
122
122
122
122
122
122
122
122
122
122
122
122
122
123
123
123
123
123
123
123
123
123
123
123
123
123
123
123
123
123
123
123
124
125
126
126
126
126
126
126
128
128
128
128
128
128
128
128
128
128
129
129
129
129
129
129
129
129
129
129
129
130
130
130
130
130
130
130
131
132
132
133
133
133
133
133
133
133
136
136
136
136
136
136
136
137
138
139
141
141
141
141
141
142
143
143
144
144
144
144
144
144
144
144
144
144
144
144
144
144
144
144
144
144
145
145
145
145
145
145
145
145
145
145
145
145
145
145
146
147
147
147
147
148
148
148
148
149
149
149
150
152
152
152
152
152
152
152
152
152
152
152
152
152
152
154
154
154
154
154
154
154
155
155
155
155
156
156
156
156
157
157
157
158
160
160
160
160
160
160
160
160
160
160
160
161
161
161
161
161
161
161
162
162
162
163
165
165
165
165
165
165
165
165
165
166
166
166
166
166
166
166
166
166
166
166
166
166
166
166
166
166
166
166
166
166
167
167
167
167
167
167
167
168
168
168
168
168
168
168
169
169
169
169
169
169
169
169
169
169
169
169
169
170
171
171
172
172
172
172
172
172
172
172
173
174
175
175
175
175
175
175
175
175
175
175
175
175
175
175
175
175
175
175
175
175
175
175
176
176
176
176
176
176
176
176
176
176
177
177
177
177
177
178
179
180
180
180
180
180
180
180
180
180
180
180
180
180
180
180
180
180
180
180
180
180
180
181
181
181
181
181
181
181
182
182
182
182
182
182
182
183
183
183
183
183
183
183
183
183
183
183
183
183
184
185
185
186
186
186
186
186
186
186
186
187
188
190
190
190
190
190
190
190
190
190
191
191
191
191
191
192
194
194
194
195
196
196
197
197
197
197
198
199
201
201
201
201
202
203
203
203
203
204
204
204
204
204
204
204
204
204
204
204
204
205
205
205
205
205
205
205
205
206
206
206
206
206
206
206
206
206
206
206
206
206
206
206
206
206
207
207
207
207
207
207
207
207
207
207
207
208
209
211
211
211
211
212
213
213
213
213
213
213
213
213
214
214
214
215
217
217
217
217
218
219
219
219
219
219
219
219
219
219
219
220
222
222
222
222
222
222
222
223
224
224
225
225
225
225
225
225
225
226
226
226
226
226
226
226
226
226
226
226
226
226
226
226
226
226
227
228
228
228
228
228
228
230
231
233
233
233
233
233
233
233
234
235
235
235
235
235
236
236
237
239
239
240
240
240
240
240
240
240
241
241
241
241
241
241
241
241
241
241
241
241
241
241
241
241
241
242
243
243
243
243
243
243
245
246
248
248
248
248
248
248
248
248
249
250
250
250
250
250
251
251
252
254
254
254
254
254
254
254
254
254
254
256
256
256
256
256
256
256
256
257
257
257
257
257
257
257
258
258
258
258
258
258
259
259
259
259
259
259
259
259
260
260
260
260
260
261
261
261
261
261
261
261
261
261
261
261
262
262
262
262
262
262
262
262
262
262
262
262
262
263
265
265
265
265
265
265
265
265
265
265
265
266
266
266
266
266
266
267
269
269
269
269
269
269
269
269
269
269
269
269
269
269
269
269
269
269
269
269
269
269
269
269
270
270
270
270
270
270
270
270
270
270
270
270
271
271
271
271
271
271
272
273
275
275
275
275
275
275
275
275
275
275
275
275
275
275
275
275
275
275
276
279
279
279
279
279
279
279
279
279
279
279
279
280
280
280
280
280
280
280
281
282
282
282
282
282
282
282
282
282
282
282
282
282
282
282
282
282
282
282
282
282
282
282
282
282
282
282
282
282
282
282
282
283
283
283
283
283
283
283
283
283
284
284
284
284
284
285
285
285
285
285
286
286
286
286
286
287
287
288
288
288
288
288
289
289
289
289
289
290
290
290
290
290
290
290
291
291
291
291
291
291
291
291
292
293
293
294
294
294
294
294
294
294
294
295
296
296
297
297
298
298
298
298
298
298
298
298
298
298
298
299
299
300
301
302
304
304
304
304
304
305
306
306
306
307
307
307
307
307
307
307
307
307
307
307
307
307
307
307
308
308
308
308
308
308
308
309
309
309
309
309
309
309
309
309
309
310
310
310
310
310
310
310
310
310
310
310
310
311
311
311
311
311
312
312
312
312
312
312
312
312
312
312
312
313
313
313
313
313
313
313
313
313
313
313
313
313
314
316
316
316
316
316
316
316
317
317
317
317
317
317
317
317
317
317
318
318
318
318
318
318
318
318
318
318
318
318
319
319
319
319
319
320
320
320
320
320
320
320
320
320
320
320
321
321
321
321
321
321
321
321
321
321
321
321
321
322
324
324
324
324
324
324
324
324
324
324
324
324
324
324
324
325
325
325
325
325
325
325
325
325
325
325
325
325
325
325
327
327
327
327
327
327
327
327
327
327
327
327
327
328
328
328
328
328
328
328
328
328
328
328
328
328
329
330
332
332
332
332
332
333
334
334
334
335
335
335
335
335
335
335
335
335
335
335
335
335
335
335
336
336
336
336
336
337
338
340
340
340
340
340
341
342
342
342
342
342
342
342
342
342
343
343
344
346
346
346
346
346
346
346
346
347
347
347
347
347
347
347
347
347
347
347
347
348
348
348
348
348
348
348
348
348
349
349
349
349
349
349
349
349
349
350
350
350
350
350
350
350
350
350
350
350
350
350
350
350
350
350
350
350
350
350
350
350
350
350
350
351
351
351
351
351
351
352
352
352
352
352
352
352
352
352
352
352
353
354
355
357
357
357
357
357
357
357
357
358
359
359
359
359
359
359
359
359
359
359
359
359
359
360
360
360
360
360
360
360
360
360
360
360
360
360
361
361
361
361
361
361
361
361
361
361
361
361
361
363
363
363
363
363
363
363
363
364
364
364
364
364
364
364
364
364
364
364
364
364
364
364
364
364
364
364
364
364
364
364
364
364
364
365
365
365
365
365
365
365
365
365
365
365
366
367
367
368
368
368
368
368
368
368
369
370
372
372
372
372
372
373
374
374
374
374
374
374
375
375
375
375
375
375
375
375
375
375
375
375
375
375
375
375
375
376
376
376
376
376
376
376
377
377
377
377
377
377
377
377
377
377
377
377
377
378
379
380
381
