18
18
18
18
18
18
18
18
18
18
18
20
20
20
20
20
20
20
21
21
21
21
21
21
21
22
22
22
22
22
22
22
24
24
24
24
24
24
24
24
24
24
24
24
24
31
31
31
31
31
31
31
32
32
32
32
32
32
32
32
33
33
33
33
33
33
33
33
40
40
40
40
40
40
40
40
41
41
41
41
41
42
50
50
51
51
51
51
51
51
51
51
52
52
52
52
52
52
52
52
52
53
53
53
54
54
54
54
54
55
55
55
55
55
56
56
56
56
56
56
56
56
56
56
56
56
56
56
56
57
57
57
57
57
57
57
57
57
58
58
58
58
58
58
58
58
58
58
58
58
58
58
58
58
59
60
60
60
60
60
60
61
61
61
61
61
61
61
61
61
61
62
63
64
64
64
64
64
64
64
64
64
64
65
65
65
65
65
65
65
65
65
66
66
66
67
68
68
68
69
70
71
