18
18
18
18
18
18
18
18
18
18
18
20
20
20
20
20
20
20
21
21
21
21
21
21
21
22
22
22
22
22
22
22
23
23
23
23
23
23
23
24
24
24
24
24
24
24
25
25
25
25
25
25
25
26
26
26
26
26
26
26
27
27
27
27
27
27
27
28
28
28
28
28
28
28
29
29
29
29
29
29
29
30
30
30
30
30
30
30
30
30
31
31
31
31
31
31
31
31
31
32
32
32
32
32
32
32
33
33
33
33
33
33
33
35
35
35
35
35
35
35
35
35
35
35
35
35
42
42
42
42
42
42
43
43
43
43
43
43
43
43
43
43
43
43
43
43
44
44
44
44
44
45
45
45
45
45
46
46
46
46
46
47
47
47
47
47
49
49
49
49
49
50
50
50
50
50
50
50
50
50
50
52
52
52
52
60
60
60
60
60
60
60
60
60
60
60
60
61
61
61
61
61
61
61
61
61
61
61
62
71
71
71
71
71
71
71
71
71
71
71
71
71
71
71
71
72
72
72
72
72
72
72
72
72
72
72
72
72
73
83
83
83
83
83
83
83
83
83
83
83
83
83
83
83
83
83
83
83
83
84
84
84
84
84
84
84
84
84
84
84
84
84
84
84
85
96
96
96
96
96
96
96
96
96
96
96
96
96
96
96
96
96
96
96
96
96
96
96
96
97
97
97
97
97
97
98
98
98
98
98
98
99
99
99
99
99
99
100
100
100
100
100
100
101
101
101
101
101
101
102
102
102
102
102
102
103
113
113
114
114
115
115
115
115
115
115
115
115
115
115
115
115
115
115
115
116
116
116
116
116
116
116
116
116
116
117
125
125
126
126
126
126
126
126
126
126
126
126
126
126
126
126
126
128
128
128
128
128
128
128
128
128
129
129
129
129
129
129
129
130
132
132
132
132
132
132
132
132
132
132
133
133
133
133
133
135
135
135
135
135
135
135
135
135
135
136
136
136
136
136
136
136
136
136
136
136
136
136
137
137
137
137
137
137
137
137
137
137
138
138
138
138
138
138
139
139
139
140
140
140
140
140
141
141
141
142
144
144
144
144
144
144
144
144
144
144
144
145
145
145
146
147
147
147
147
147
147
147
147
147
147
148
148
148
148
148
148
148
148
149
151
151
151
151
151
151
151
151
151
151
151
151
151
152
152
152
152
152
152
152
152
152
152
153
153
153
153
153
153
153
153
153
153
154
154
154
154
154
154
154
154
154
154
154
154
154
154
154
155
155
155
155
155
155
155
155
155
155
155
155
155
155
155
155
155
156
156
156
156
156
156
157
157
157
158
160
160
160
160
160
160
160
160
160
160
160
160
160
160
160
160
161
161
161
161
161
161
162
162
162
163
165
165
165
166
168
168
169
169
169
169
169
169
169
169
169
169
169
169
169
169
169
169
169
171
171
171
171
171
171
171
171
171
171
171
172
172
172
172
172
172
172
172
173
173
173
173
173
173
173
173
174
174
174
174
175
175
176
176
176
176
176
176
176
176
176
176
176
176
176
177
177
177
177
177
177
177
177
178
178
178
178
178
178
178
178
178
178
178
178
178
178
178
178
179
179
179
179
179
179
179
180
180
180
181
182
182
182
182
182
182
182
183
185
185
185
185
185
185
185
185
185
185
185
185
185
185
185
185
185
185
185
185
186
186
186
186
186
187
187
187
187
187
187
187
187
187
187
187
187
187
187
188
188
188
188
188
188
188
188
188
188
188
188
190
190
190
190
190
190
191
191
191
191
191
191
191
191
191
191
191
191
192
192
192
192
192
192
192
193
193
193
193
193
193
193
193
193
193
193
193
194
194
194
194
194
194
194
196
196
196
196
196
196
196
196
196
196
196
197
197
197
197
197
197
197
197
197
197
198
198
198
198
198
198
198
198
198
198
198
198
198
198
198
198
198
198
199
199
199
199
199
199
199
199
199
199
199
199
200
201
201
201
201
201
201
201
203
203
203
203
203
203
203
203
203
203
203
203
203
203
204
204
204
204
204
204
204
204
204
204
204
204
204
204
204
204
204
204
206
206
206
206
206
206
206
206
206
206
206
206
206
206
206
206
206
206
206
206
206
206
206
206
206
206
206
206
206
206
206
207
207
207
207
207
207
207
208
210
210
210
210
210
210
210
210
210
210
211
211
211
211
211
211
211
212
212
212
212
212
212
212
213
215
215
215
215
215
216
216
216
216
216
216
216
216
216
216
216
217
217
217
217
217
217
217
217
217
217
217
217
217
217
217
217
217
217
217
217
217
218
218
218
218
218
218
218
218
218
219
220
220
220
220
220
220
220
220
220
220
220
222
222
222
222
222
222
222
222
222
222
222
223
223
223
223
223
223
223
223
223
224
224
224
224
224
224
224
225
225
225
225
225
225
225
226
226
226
226
226
226
226
226
226
227
227
227
227
227
227
227
228
228
228
228
228
228
228
229
230
230
230
230
230
230
230
230
230
230
230
231
232
232
232
233
234
235
