18
18
18
18
18
18
18
18
18
18
18
24
24
24
24
24
32
32
32
32
32
32
32
32
32
32
33
33
33
33
33
33
33
33
33
33
33
33
33
33
33
33
33
33
33
33
33
33
33
33
33
33
33
33
33
33
33
33
33
33
33
33
33
33
33
33
33
33
33
33
33
33
33
33
33
33
33
33
33
33
33
34
42
42
42
42
42
42
42
42
42
42
43
43
43
43
43
44
44
44
44
44
45
45
45
46
46
46
46
46
47
47
47
48
48
48
48
48
49
49
49
50
50
50
50
50
51
51
51
52
52
52
52
52
53
53
53
54
54
54
54
54
55
55
55
56
56
56
56
56
57
57
57
58
58
58
58
58
59
59
59
60
60
61
61
61
62
63
71
71
71
71
71
71
71
71
71
71
72
72
72
72
72
72
72
72
72
72
72
72
72
72
72
72
72
72
73
73
73
73
73
73
74
83
83
83
83
83
83
83
83
83
83
84
84
84
84
84
84
84
85
85
85
86
87
87
87
87
87
87
87
87
87
87
88
88
88
88
88
88
88
89
89
89
90
91
91
91
91
91
91
91
91
91
91
93
93
93
93
93
93
93
93
93
93
93
93
93
93
93
93
94
94
94
94
94
94
94
94
94
94
94
94
94
94
94
94
94
94
94
95
95
95
95
95
95
95
96
96
97
98
98
98
98
98
98
98
98
98
98
98
99
99
99
100
101
101
101
101
101
101
101
102
103
103
103
103
103
103
103
104
106
107
