18
18
18
18
18
18
18
18
18
18
18
18
18
20
20
20
20
20
20
20
22
22
22
22
22
22
22
22
22
22
22
22
22
23
23
23
23
23
23
23
23
23
23
23
23
23
30
30
30
30
30
32
34
34
34
34
34
34
34
34
38
38
38
38
38
38
38
38
38
38
38
38
38
39
39
39
47
47
47
47
47
48
48
48
48
48
49
59
59
59
59
59
59
59
59
60
60
60
60
60
61
61
61
61
61
62
69
69
70
70
70
70
70
70
71
71
71
71
71
71
71
71
71
71
71
71
71
72
82
82
83
83
83
83
83
83
83
83
83
85
85
85
85
85
85
85
85
85
86
86
86
86
86
86
86
86
87
87
87
87
87
87
87
87
87
88
88
88
88
88
88
88
88
88
89
89
89
89
89
89
89
89
89
90
90
90
90
90
90
90
90
90
90
90
90
90
90
90
90
91
91
91
91
91
91
91
91
91
92
92
93
93
93
93
93
93
93
93
93
93
93
93
94
94
94
94
94
94
94
94
96
99
99
99
99
99
99
99
99
99
99
99
99
99
99
99
99
99
99
99
99
99
99
99
99
99
100
100
100
100
100
100
100
100
100
101
101
101
102
102
102
102
102
102
102
102
102
103
106
106
106
106
106
106
106
106
106
106
106
109
109
109
109
109
109
109
109
109
109
109
109
109
109
109
109
111
111
111
112
113
113
113
115
117
118
