18
18
18
18
18
18
18
18
18
18
18
20
20
20
20
20
20
20
21
21
21
21
21
21
21
37
37
37
37
37
37
37
39
39
39
48
48
48
48
48
48
48
48
48
49
49
49
49
49
49
49
49
49
49
49
49
49
49
49
49
49
49
49
50
50
50
50
50
50
52
52
52
52
52
52
52
52
54
54
54
54
54
54
54
54
54
54
54
54
55
55
55
55
55
55
55
56
58
58
58
58
58
58
58
58
58
58
58
58
58
58
58
58
58
58
58
58
58
58
58
58
58
58
58
58
58
59
68
68
68
68
68
68
68
68
68
68
68
68
68
68
68
68
69
69
69
69
69
69
69
69
69
69
69
70
70
70
70
70
70
71
78
78
78
78
78
78
79
79
79
80
89
89
90
90
90
90
90
90
91
91
91
91
91
91
93
93
93
93
93
93
93
93
94
94
94
94
94
94
94
95
95
95
95
95
95
95
95
95
95
96
96
96
96
96
96
96
96
96
96
96
96
96
96
96
96
96
96
96
97
97
97
97
97
97
97
97
97
97
97
97
97
97
99
99
99
99
99
99
99
99
99
99
99
99
99
99
99
100
110
110
111
111
111
111
111
111
111
111
111
111
111
111
111
111
112
112
112
112
112
112
112
113
113
113
113
113
113
113
113
113
113
114
114
114
114
114
114
114
114
114
114
114
114
114
114
114
114
114
114
114
115
115
115
115
115
115
115
115
115
115
115
115
115
115
117
117
117
117
117
117
117
118
118
118
118
118
118
118
119
119
119
119
119
119
119
120
120
120
120
120
120
120
122
122
122
123
130
130
130
130
130
130
130
130
130
131
131
131
131
131
131
132
139
139
140
140
140
140
140
140
141
141
141
141
141
141
141
141
141
141
141
142
143
144
