18
18
18
18
18
18
18
18
18
18
18
20
20
20
20
20
20
20
21
21
21
21
21
21
21
22
22
22
22
22
22
22
23
23
23
23
23
23
23
24
24
24
24
24
24
24
25
25
25
25
25
25
25
26
26
26
26
26
26
26
28
28
28
28
28
28
28
28
28
28
28
28
28
39
39
39
39
39
44
44
44
44
44
44
44
44
52
52
52
52
52
52
52
52
52
52
53
53
53
53
53
53
53
54
54
55
55
55
55
55
55
56
56
56
56
56
56
56
56
58
59
60
68
68
68
68
68
68
68
68
68
68
69
69
69
69
69
69
69
70
70
71
71
71
71
71
71
72
72
72
72
72
72
72
72
74
75
76
86
86
86
86
86
86
86
86
86
86
86
86
86
86
86
86
87
87
87
87
87
87
87
87
87
87
88
104
104
104
104
104
104
104
104
104
104
104
104
104
104
104
104
104
104
104
104
105
105
105
105
105
105
105
105
105
105
105
105
105
105
105
105
106
128
128
128
128
128
128
128
128
128
128
128
128
128
128
128
128
128
128
128
128
128
128
128
128
128
129
129
129
130
130
130
131
131
131
131
131
132
132
132
132
132
132
132
132
132
132
132
132
132
132
132
132
132
132
134
134
135
135
135
135
135
135
135
135
135
135
135
135
135
135
135
135
135
135
138
138
138
138
138
138
138
139
139
139
139
139
139
139
139
139
139
140
140
140
140
140
140
140
141
141
142
143
143
143
143
143
143
143
144
144
144
144
144
144
145
145
145
146
146
146
146
146
146
146
147
147
147
147
147
147
147
147
147
147
147
148
149
149
150
152
152
152
152
152
152
152
152
152
152
152
153
153
153
153
153
153
154
154
154
154
155
155
155
155
155
155
155
156
156
156
156
156
156
156
156
156
156
156
157
158
159
159
159
159
159
159
159
159
160
160
160
160
160
160
160
160
160
160
160
161
163
163
163
164
174
174
174
174
174
174
174
174
174
174
174
174
174
174
174
174
175
175
175
175
175
175
175
175
175
175
176
192
192
192
192
192
192
192
192
192
192
192
192
192
192
192
192
192
192
192
192
193
193
193
193
193
193
193
193
193
193
193
193
193
193
193
193
194
216
216
216
216
216
216
216
216
216
216
216
216
216
216
216
216
216
216
216
216
216
217
217
217
217
217
217
217
218
218
218
218
218
218
218
218
218
218
218
218
218
218
218
218
219
243
243
243
243
243
243
243
243
243
243
243
243
243
243
243
243
243
243
243
243
243
244
244
244
244
244
244
244
244
244
244
244
245
245
245
246
246
246
246
246
247
247
247
247
247
247
247
247
247
247
247
247
247
247
247
247
247
247
249
249
250
250
250
250
250
250
250
250
250
250
250
250
250
250
250
250
250
250
254
254
254
254
254
254
254
255
255
255
255
255
255
255
255
255
255
256
256
256
256
256
256
256
257
257
258
259
259
259
259
259
259
259
260
260
260
260
260
261
261
261
261
261
261
262
263
263
263
264
264
264
264
264
264
264
265
265
265
265
265
265
265
265
265
265
265
266
267
267
268
270
270
270
270
270
270
270
270
270
270
270
271
271
271
271
271
272
272
272
272
272
272
273
274
274
274
274
275
275
275
275
275
275
275
276
276
276
276
276
276
276
276
276
276
276
277
278
279
279
279
279
279
279
279
279
280
280
280
280
280
280
280
280
280
280
280
281
283
283
283
284
287
287
287
287
287
288
289
290
