17
17
17
17
17
17
17
17
17
19
19
19
19
19
19
19
19
19
20
20
20
20
20
20
20
20
20
21
21
21
21
21
21
21
21
21
22
22
22
22
22
22
22
22
22
24
24
24
24
24
24
24
25
25
25
25
25
25
25
26
26
26
26
26
26
26
26
26
27
27
27
27
27
27
27
28
28
28
28
28
28
28
29
29
29
29
29
29
29
30
30
30
30
30
30
30
30
30
31
31
31
31
31
31
31
31
31
32
32
32
32
32
32
32
32
32
33
33
33
33
33
33
33
33
33
34
34
34
34
34
34
34
34
34
34
34
35
35
35
35
35
35
35
35
35
35
35
36
36
36
36
36
36
36
36
36
37
37
37
37
37
37
37
37
37
39
39
39
39
39
39
39
39
39
39
39
39
39
39
40
40
40
40
40
40
40
40
40
40
40
40
40
40
42
42
42
42
42
43
43
43
43
43
43
44
45
45
45
45
45
45
45
45
45
45
45
45
45
45
45
45
45
45
45
47
47
47
47
47
47
48
48
48
48
48
48
48
48
48
48
48
48
48
50
50
50
50
50
50
50
50
50
50
50
50
50
51
51
51
51
51
53
53
53
53
53
54
54
54
54
56
56
56
56
56
56
56
56
56
57
57
57
57
57
59
59
59
59
59
60
60
60
60
60
61
61
61
61
61
62
62
62
62
63
63
63
63
65
65
65
65
68
68
68
68
69
69
69
69
70
70
70
70
72
72
72
72
73
73
73
73
74
74
74
74
77
77
77
77
78
78
78
78
79
79
79
79
81
81
81
81
81
82
82
82
82
82
83
83
83
83
83
85
85
85
85
86
86
86
86
87
87
87
87
89
89
89
89
89
89
89
91
91
92
92
92
92
92
92
92
92
92
92
92
92
92
92
92
92
94
94
94
94
94
94
94
94
94
94
94
96
96
96
96
96
96
96
96
96
96
96
96
96
96
96
96
96
97
97
97
97
97
97
97
97
97
97
97
97
97
97
97
97
98
98
99
99
99
99
99
100
101
101
101
101
101
101
101
101
101
101
101
101
101
102
102
102
102
102
102
102
103
103
103
103
103
103
104
105
106
107
107
107
107
108
109
111
111
111
111
111
111
112
113
113
113
113
113
113
114
114
114
114
114
114
114
114
114
115
115
115
115
115
115
115
115
115
116
116
116
116
116
116
116
116
116
117
117
117
117
117
117
117
117
117
117
118
118
118
118
118
118
118
118
118
118
118
119
119
119
119
119
119
119
119
119
119
119
120
120
120
120
120
120
120
120
120
120
120
121
121
121
121
121
121
121
121
121
122
122
122
122
122
122
123
123
123
123
123
123
124
130
130
130
130
130
130
130
130
130
130
130
130
130
130
130
130
130
130
130
130
138
138
138
138
138
139
141
141
141
142
145
145
146
146
146
146
146
147
148
148
148
149
152
152
153
153
153
153
153
153
153
153
153
153
153
153
154
155
155
155
155
155
155
155
156
156
156
156
156
156
157
158
158
158
158
158
158
158
158
158
158
158
158
158
158
159
159
159
159
159
160
162
162
162
162
162
162
162
163
166
166
167
167
167
167
167
167
167
168
169
169
169
169
169
170
170
170
170
170
170
170
170
170
170
170
170
170
170
170
170
170
170
170
170
170
170
171
172
175
175
176
176
176
176
176
177
178
178
179
179
179
179
179
179
179
179
179
180
180
180
180
180
180
180
180
181
181
181
181
181
181
181
182
182
182
182
182
182
182
183
184
184
185
185
185
185
185
185
185
186
187
187
187
188
188
188
188
188
188
189
190
193
193
194
194
194
194
194
194
194
195
196
196
196
196
196
197
197
198
198
198
198
198
198
198
198
198
199
199
199
199
199
199
199
199
200
200
200
200
200
200
200
201
201
201
201
201
201
201
202
203
203
203
203
203
203
204
205
205
205
206
206
206
206
206
206
207
208
208
208
209
209
209
209
209
209
209
209
209
209
209
209
210
210
210
210
210
210
210
211
211
211
211
211
211
211
212
212
212
213
213
213
213
213
213
213
214
215
216
219
219
220
220
220
220
220
220
220
221
222
222
223
223
223
223
223
223
223
223
223
224
224
224
224
224
224
224
224
224
225
225
225
225
225
225
225
225
225
225
225
226
226
226
226
226
226
226
227
227
227
227
227
227
227
228
229
229
230
230
230
230
230
230
230
231
232
232
232
233
233
233
233
233
233
234
235
238
238
239
239
239
239
239
240
241
241
241
241
241
241
241
241
242
245
245
246
246
246
246
246
246
246
247
248
248
248
248
248
248
249
255
255
255
255
255
256
257
257
257
258
259
259
259
259
259
260
261
261
261
262
264
264
264
264
264
265
266
266
266
267
269
269
269
269
269
270
271
271
271
272
274
274
274
274
274
275
276
276
276
277
279
279
279
279
279
280
281
281
281
281
281
281
281
281
281
282
284
284
284
284
284
284
284
285
286
286
286
286
286
286
286
286
286
286
286
288
288
289
291
291
292
292
292
292
292
293
293
293
293
293
293
294
294
294
294
294
294
296
296
296
296
297
297
297
297
297
297
297
299
299
299
299
299
299
299
299
299
299
300
300
300
300
300
300
301
301
301
301
301
301
301
301
301
302
304
304
304
304
304
304
304
304
304
304
305
305
305
305
305
305
306
306
306
306
306
306
306
306
306
307
309
309
309
309
309
309
309
309
309
309
309
310
310
310
310
310
310
310
311
312
313
313
313
313
313
313
315
316
316
317
317
317
317
317
317
320
320
320
320
321
321
321
321
322
322
322
322
323
323
323
323
324
324
324
324
325
325
325
325
326
326
326
326
327
327
327
327
327
327
328
329
331
331
331
331
331
331
331
331
331
331
332
333
333
333
333
333
333
333
333
333
334
334
335
337
337
338
338
338
338
338
338
338
339
339
339
339
340
340
340
340
340
340
341
341
341
341
341
341
341
341
341
342
342
343
345
345
345
345
345
345
345
345
345
345
345
345
345
345
345
345
345
345
345
345
345
345
345
345
345
346
346
346
346
346
346
346
346
347
347
347
347
348
348
348
348
348
348
348
350
352
352
352
352
352
352
352
352
352
352
352
352
352
353
353
353
353
353
353
353
354
354
354
354
354
354
354
354
354
355
355
355
355
355
355
356
357
357
357
357
357
357
359
359
359
359
359
359
359
359
359
359
359
359
359
360
361
361
361
361
361
361
361
361
361
361
365
365
365
365
365
365
365
366
367
369
369
369
369
369
369
369
369
369
369
370
371
371
371
371
371
371
371
371
371
372
372
373
375
375
376
376
376
376
376
376
376
377
377
377
377
378
378
378
378
378
378
379
379
379
379
379
379
379
379
379
380
380
381
383
383
383
383
383
383
383
383
383
383
383
383
383
383
383
383
383
383
383
383
383
383
383
383
383
384
384
384
384
384
384
384
384
386
386
386
386
387
387
387
387
387
387
387
388
390
390
390
390
390
390
390
390
390
390
390
390
390
391
391
391
391
391
391
391
392
392
392
392
392
392
392
392
392
393
393
393
393
393
393
394
395
395
395
395
395
395
397
397
397
397
397
397
397
397
397
397
397
397
397
398
399
399
399
399
399
399
399
399
399
399
403
403
403
403
403
403
403
404
405
407
407
407
407
407
407
407
407
407
407
408
409
409
409
409
409
409
409
409
409
409
409
409
410
410
410
411
413
413
413
413
413
413
413
413
413
414
414
414
415
415
416
416
416
416
416
416
416
416
416
416
416
416
416
416
416
416
416
416
416
416
416
416
416
416
417
417
417
417
417
417
417
418
418
418
418
418
418
418
418
418
419
419
419
419
419
419
419
419
419
419
419
420
420
420
420
421
421
422
425
425
425
425
425
425
426
426
426
427
428
429
429
429
429
429
429
429
431
431
431
431
432
432
432
432
432
432
432
432
432
432
432
432
432
433
433
433
433
433
433
433
433
433
434
434
434
435
436
438
438
438
438
438
438
438
438
438
438
439
439
439
439
439
439
441
441
441
441
441
441
441
441
441
442
442
442
442
442
442
442
444
444
444
444
444
445
445
445
445
445
445
445
446
446
446
446
446
446
447
447
447
448
448
448
448
448
448
448
448
448
448
448
448
448
448
448
448
448
449
449
449
449
449
449
449
449
449
450
450
450
450
450
450
450
451
451
451
451
451
451
451
452
452
452
452
452
452
452
452
452
452
452
452
452
453
454
454
454
454
454
454
454
454
455
455
455
455
455
455
455
456
456
456
456
456
456
457
459
459
459
459
459
459
461
461
461
461
461
461
461
461
461
462
462
462
462
462
462
462
464
464
464
465
467
467
467
467
467
467
467
467
468
469
471
471
471
471
471
471
471
471
471
471
472
472
472
473
475
475
476
476
476
476
476
476
477
477
477
477
477
477
477
477
477
477
478
478
478
478
478
478
478
479
479
479
479
479
479
479
479
479
479
479
479
479
481
481
481
481
481
481
481
481
482
482
482
483
483
483
484
485
486
486
486
486
486
486
487
487
487
487
487
487
487
487
487
487
487
487
487
487
487
487
487
487
487
487
487
487
487
487
487
487
490
490
490
491
492
498
498
498
498
498
498
499
499
499
499
499
499
499
499
499
499
499
499
499
500
500
500
500
500
500
500
501
501
501
501
501
502
504
504
504
504
505
507
507
507
507
507
508
509
509
509
509
510
510
510
510
512
512
512
512
512
512
512
512
512
514
514
514
514
514
514
514
514
515
515
515
515
515
515
515
515
515
515
515
515
515
515
515
515
515
515
515
515
515
515
515
515
517
517
517
517
517
517
517
517
518
518
518
518
518
518
518
518
518
518
518
518
518
518
518
518
518
518
518
518
518
518
518
518
520
520
520
520
520
520
520
520
521
521
521
521
521
521
521
521
521
521
521
521
521
521
521
521
521
521
521
521
521
521
521
521
525
525
525
525
525
525
525
526
528
528
528
528
528
529
529
529
529
529
530
531
531
531
532
532
532
532
532
533
533
533
533
534
534
534
534
534
534
534
534
534
534
534
534
535
537
537
537
537
537
537
537
537
537
537
537
537
537
537
537
538
538
538
538
538
538
538
540
540
540
540
540
540
540
540
540
541
541
541
541
541
541
541
541
541
543
543
543
543
543
543
543
543
543
543
543
543
543
544
544
544
544
544
544
544
545
545
545
545
545
545
547
547
548
548
548
548
548
548
549
550
550
550
550
550
550
551
551
551
551
551
551
551
552
553
554
556
556
556
556
556
557
558
558
559
559
559
559
559
559
559
560
561
561
561
561
561
561
563
564
566
566
566
566
566
567
568
568
569
569
569
569
569
569
569
570
571
571
571
571
571
571
573
574
576
576
576
576
576
576
576
577
578
578
578
580
580
580
580
580
580
580
580
580
580
580
581
581
581
581
581
581
581
581
581
581
581
582
582
582
582
582
582
582
582
582
582
582
584
584
585
585
585
585
585
585
585
585
585
586
586
586
586
586
586
586
587
587
587
587
587
587
587
587
587
588
588
588
588
588
588
588
589
589
589
589
589
589
589
589
589
590
590
590
590
590
590
590
592
592
592
592
592
592
592
592
592
592
592
592
592
592
592
592
592
592
594
594
594
594
594
594
594
594
594
594
594
595
595
595
595
595
595
595
595
595
595
595
596
596
596
596
596
596
596
596
596
596
596
598
598
598
598
598
598
598
599
599
599
599
599
599
599
600
600
600
600
600
600
600
602
602
602
602
602
602
602
602
602
602
602
602
602
602
602
602
602
602
602
602
602
602
603
604
604
604
604
604
604
605
605
605
605
605
605
605
605
605
605
605
605
605
606
606
606
606
606
606
606
606
606
607
607
607
608
609
611
611
611
611
611
611
611
611
611
611
611
611
611
611
611
611
611
611
611
612
613
613
613
613
613
613
613
613
613
613
613
613
613
614
614
614
614
614
614
614
615
615
615
615
615
615
615
615
615
615
616
616
616
616
616
616
616
616
616
616
617
619
619
619
619
619
619
619
620
620
620
620
620
620
620
620
620
620
621
621
621
621
621
621
621
621
621
621
622
624
624
624
624
624
624
624
625
625
625
625
625
625
625
625
625
625
626
626
626
626
626
626
626
626
626
626
627
629
629
629
629
629
629
629
629
630
630
630
630
630
630
630
631
631
631
631
631
631
631
632
633
634
636
636
636
636
636
636
636
636
636
636
636
637
638
638
638
638
638
638
638
639
639
639
639
639
639
639
639
639
639
639
639
639
639
639
639
639
639
639
640
641
643
643
643
643
643
643
643
643
643
643
643
643
643
644
645
645
645
645
645
645
645
645
645
645
645
645
645
645
645
645
645
645
645
645
645
645
645
645
645
645
645
645
645
646
646
646
646
646
646
646
647
647
647
647
647
647
647
647
647
647
647
647
647
647
647
647
647
647
647
647
647
647
647
647
647
647
647
647
648
648
648
648
648
648
648
649
649
649
649
649
649
649
649
649
649
649
649
649
649
649
649
649
649
649
649
649
649
649
649
649
649
649
649
650
650
650
650
650
650
650
651
652
653
