17
17
17
17
17
17
17
17
17
19
19
19
19
19
19
19
20
20
20
20
20
20
20
21
21
21
21
21
21
21
22
22
22
22
22
22
22
22
22
23
23
23
23
23
23
23
23
23
25
25
25
25
25
25
25
25
25
26
26
26
26
26
26
26
26
26
26
26
27
27
27
27
27
27
27
27
27
28
28
28
28
28
28
28
28
28
28
28
29
29
29
29
29
29
29
29
29
29
29
31
31
31
31
31
31
31
31
31
31
31
31
31
31
32
32
32
32
32
32
32
32
32
32
32
32
32
32
33
33
33
33
33
33
33
33
33
33
33
33
33
33
34
34
34
34
34
34
34
34
34
34
34
34
34
34
39
39
39
39
39
39
39
40
41
41
41
41
41
41
41
41
42
42
42
42
42
42
42
42
42
44
44
44
44
45
45
45
45
46
46
46
46
46
46
46
48
49
50
50
50
50
50
50
50
50
50
50
51
51
51
51
51
51
51
51
51
51
51
51
51
51
51
52
52
52
52
52
52
52
52
53
53
53
53
53
53
53
54
55
57
57
57
58
59
59
59
59
59
59
59
59
59
60
60
60
60
60
60
60
61
61
61
61
61
61
61
61
61
61
61
61
61
62
64
64
64
64
64
64
64
66
66
66
66
66
66
66
66
66
67
73
73
74
74
74
74
74
74
74
75
76
76
76
76
76
77
77
78
80
80
80
80
80
80
80
81
81
81
81
81
81
81
82
82
82
82
82
82
82
83
83
84
84
84
84
84
84
84
84
84
84
84
84
85
85
85
85
85
85
85
85
85
85
85
85
86
86
86
86
86
86
86
86
86
86
86
86
88
88
88
88
88
88
88
88
88
88
88
88
88
89
89
89
89
89
89
89
89
89
90
90
90
90
90
90
90
90
90
91
91
91
91
91
91
91
91
91
93
93
94
94
94
94
94
94
94
94
94
95
95
95
95
95
95
95
95
95
96
96
96
96
96
96
96
97
97
97
97
97
97
97
97
97
97
97
97
97
97
97
97
97
97
97
97
97
97
98
98
98
98
98
98
98
98
99
99
99
99
99
99
99
99
100
100
100
100
100
100
100
101
101
101
101
101
101
101
101
101
102
103
103
103
103
103
103
103
105
105
105
105
105
105
105
105
106
106
106
106
106
106
106
106
106
107
107
107
107
107
107
107
108
108
108
108
108
108
108
108
108
108
108
108
108
108
108
108
108
108
108
108
108
109
109
109
109
109
109
109
109
110
110
110
110
110
110
110
110
111
111
111
111
111
111
111
112
112
112
112
112
112
112
112
112
113
114
114
114
114
114
114
114
115
116
116
116
116
116
116
117
117
117
117
117
117
117
118
119
120
120
121
121
121
121
121
121
121
121
121
122
122
122
122
122
122
122
122
122
122
123
124
124
124
124
124
124
124
124
124
125
125
125
125
125
125
125
125
125
125
126
127
127
127
127
127
127
127
127
127
128
128
128
128
128
128
128
128
128
128
129
130
131
133
133
134
134
134
134
134
134
134
135
136
136
136
136
136
137
137
138
140
140
141
141
141
141
141
141
141
141
141
141
141
141
141
142
142
142
142
142
142
142
142
143
143
144
145
145
145
145
145
145
145
145
145
146
146
146
146
146
146
146
146
146
146
146
146
146
146
146
146
146
146
146
146
146
147
147
147
147
147
147
147
148
148
148
148
148
148
148
148
148
148
148
148
148
148
148
148
148
148
148
148
148
148
149
149
149
149
149
149
149
149
150
150
150
150
150
150
150
150
150
150
150
150
150
150
150
150
150
150
150
151
151
151
151
151
151
151
151
151
151
151
151
151
151
151
151
151
151
151
151
151
152
154
154
154
154
154
154
154
155
155
155
155
155
155
155
155
156
156
156
156
156
156
156
157
158
159
159
159
159
159
159
160
160
160
160
160
160
160
161
162
162
163
163
163
163
163
163
163
163
163
163
164
165
167
167
168
168
168
168
168
168
168
169
170
170
171
171
171
171
171
171
171
171
171
171
171
171
171
172
172
172
172
172
172
172
172
173
173
173
173
173
173
173
174
174
174
174
174
174
174
174
174
174
174
174
174
174
174
175
176
176
176
177
177
177
177
177
177
177
177
177
177
178
179
181
181
182
182
182
182
182
183
184
184
184
184
184
184
184
185
185
185
185
185
185
185
186
186
186
186
186
186
186
187
187
187
187
187
188
188
189
189
189
189
189
189
189
189
189
189
189
189
189
189
189
189
189
189
189
189
190
190
190
190
190
190
190
190
191
191
191
191
191
191
191
192
194
194
194
194
194
194
194
195
195
195
196
198
198
198
198
198
199
199
199
199
199
199
199
199
199
200
200
200
200
200
200
200
200
200
202
202
202
202
202
202
202
202
202
203
203
203
203
203
203
203
204
204
204
205
207
207
207
207
207
207
207
207
207
207
207
207
208
208
208
208
208
208
208
208
208
208
208
208
209
209
209
209
209
209
209
209
209
209
209
209
211
211
211
211
211
211
211
211
211
211
211
211
211
212
212
212
212
212
212
212
213
213
213
213
213
213
213
213
213
213
213
214
215
215
215
215
215
215
215
215
216
216
216
216
216
216
216
216
216
216
216
217
218
219
219
219
219
219
219
219
219
219
219
219
219
219
219
220
220
220
220
220
220
220
220
221
221
221
221
221
221
221
221
221
221
221
221
221
221
222
222
222
222
222
222
222
222
222
222
222
222
222
222
222
222
222
222
222
222
222
223
223
223
223
223
223
223
223
223
223
223
223
223
223
223
223
223
223
223
224
225
226
228
228
228
228
228
228
228
228
228
228
228
228
228
228
228
228
228
228
228
228
228
228
228
228
228
228
228
228
228
228
228
228
228
229
229
229
229
229
229
229
229
229
229
229
229
229
229
229
230
230
230
230
230
230
230
231
231
231
231
231
231
231
231
231
231
232
233
233
233
233
233
233
233
233
234
234
234
234
234
234
234
234
234
234
235
236
236
236
236
236
236
236
236
237
237
237
237
237
237
237
238
239
241
241
241
241
241
241
241
241
241
242
242
242
242
242
242
242
242
242
242
242
243
245
245
245
246
247
247
248
248
248
248
248
248
248
249
249
249
249
249
249
249
249
249
250
250
250
250
250
250
250
250
250
250
251
252
252
252
252
252
252
252
252
252
253
253
253
253
253
253
253
253
253
253
254
255
255
255
255
255
255
255
255
255
256
256
256
256
256
256
256
256
256
256
257
258
259
259
259
259
260
261
267
267
267
267
267
267
267
267
267
267
267
267
267
267
267
267
268
269
269
269
269
269
269
269
269
269
269
269
270
270
270
270
270
270
270
271
271
271
271
271
271
271
272
272
272
272
272
272
272
278
278
278
278
278
278
278
278
278
278
278
279
279
279
279
279
279
279
280
280
281
283
283
283
283
283
283
283
283
284
284
284
284
284
284
284
284
284
284
284
284
284
284
284
284
284
284
284
284
286
286
286
286
286
286
286
287
287
287
287
287
287
287
288
289
289
289
289
289
289
289
289
290
290
290
290
290
290
290
290
290
290
290
290
290
290
290
290
290
290
290
290
290
290
290
290
290
291
292
292
293
293
293
293
293
293
293
293
293
293
293
294
295
297
297
297
297
297
298
299
299
299
299
299
299
299
299
299
300
300
301
303
303
303
303
303
303
303
303
304
304
304
304
304
304
304
304
304
304
304
304
305
305
305
305
305
305
305
305
305
306
306
306
306
306
306
306
306
306
307
307
307
307
307
307
307
307
307
307
307
307
307
307
307
307
307
307
307
307
308
308
308
308
308
308
308
309
309
310
312
312
312
312
312
312
313
313
313
313
313
313
313
314
314
314
314
314
314
314
314
314
314
314
314
314
314
314
314
314
314
314
314
314
314
314
314
314
315
315
316
318
318
318
318
318
318
318
318
318
318
318
319
320
322
322
322
322
322
322
322
322
322
322
322
323
324
324
324
324
324
324
324
324
325
325
325
325
325
325
325
326
326
326
326
326
326
326
327
327
327
327
327
327
327
327
327
328
329
329
330
330
330
330
330
330
330
331
332
333
333
333
333
333
333
333
333
333
334
334
334
334
334
334
334
334
334
334
335
336
336
337
337
337
337
337
337
337
337
337
338
339
340
341
