17
17
17
17
17
17
17
19
19
19
19
19
19
19
20
20
20
20
20
20
20
21
21
21
21
21
21
21
22
22
22
22
22
22
22
22
22
23
23
23
23
23
23
23
23
23
24
24
24
24
24
24
24
24
24
25
25
25
25
25
25
25
25
25
26
26
26
26
26
26
26
26
26
27
27
27
27
27
27
27
28
28
28
28
28
28
28
28
28
29
29
29
29
29
29
29
29
29
30
30
30
30
30
30
30
30
30
31
31
31
31
31
31
31
31
31
32
32
32
32
32
32
32
32
32
32
32
33
33
33
33
33
33
33
33
33
35
35
35
35
35
35
35
36
36
36
36
36
36
36
37
37
37
37
37
37
37
38
38
38
38
38
38
38
39
39
39
39
39
39
39
39
39
41
41
41
41
41
41
41
41
41
41
41
47
47
47
48
49
49
49
49
51
51
52
52
52
52
52
52
52
52
52
54
54
55
55
55
55
55
56
57
57
57
57
58
58
58
58
58
58
58
58
58
58
58
58
58
58
58
58
58
58
58
59
59
59
59
60
61
63
63
64
64
64
64
64
64
64
65
66
66
66
66
66
66
66
66
66
67
67
67
67
67
67
67
67
67
67
67
67
67
67
67
68
68
68
68
68
68
68
68
68
68
68
68
68
70
70
70
70
70
70
70
70
70
70
70
71
71
71
71
71
71
71
71
71
71
71
73
73
73
73
73
73
73
73
73
73
73
73
73
73
73
73
73
74
74
74
74
74
74
74
74
74
74
74
75
75
75
75
75
75
75
75
75
75
75
75
75
75
76
76
76
76
76
76
76
76
76
76
76
76
76
76
77
77
77
77
77
77
79
81
81
81
81
81
81
81
81
82
82
82
82
82
82
83
85
85
85
85
85
85
85
85
86
86
86
86
86
86
86
86
86
86
86
86
86
87
87
87
87
87
87
87
87
87
87
87
87
87
87
87
88
89
91
91
91
91
91
91
91
91
91
92
94
94
95
95
95
95
95
95
95
96
97
97
97
97
97
97
97
97
97
98
98
98
98
98
98
98
98
98
98
98
98
98
98
98
99
99
99
99
99
99
99
99
99
101
101
101
101
101
101
101
101
101
102
102
102
102
102
102
102
102
102
102
102
103
103
103
103
103
103
104
104
104
104
104
104
106
106
106
106
106
106
106
106
106
106
106
106
106
107
109
109
109
109
109
109
109
109
109
110
112
112
113
113
113
113
113
113
113
114
115
115
115
115
115
115
115
115
115
116
116
116
116
116
117
117
117
117
117
117
117
117
117
118
118
118
118
118
118
118
118
118
118
118
118
118
119
119
119
119
119
119
119
119
119
119
119
120
120
120
120
120
120
121
121
121
121
121
121
122
122
122
122
122
122
122
122
122
122
122
122
122
122
122
122
122
123
123
123
123
123
123
123
123
123
123
123
123
123
124
124
124
124
124
124
124
124
124
124
124
125
125
125
125
125
125
125
125
125
126
128
128
129
129
129
129
129
129
129
130
131
131
131
131
131
131
131
131
131
133
133
133
133
133
134
134
134
134
134
134
134
134
135
135
135
135
135
135
135
135
135
135
135
135
135
135
135
135
135
135
135
136
136
136
136
136
136
136
137
138
138
138
138
138
138
138
138
138
139
139
139
139
139
139
139
139
139
139
139
139
139
139
139
139
139
140
140
140
140
140
140
140
140
140
140
140
141
141
141
141
141
141
142
142
142
142
142
142
143
143
143
143
143
143
143
143
143
143
143
143
143
143
143
143
143
143
143
143
143
144
144
144
144
144
144
144
144
144
144
144
144
144
145
145
145
145
145
145
145
145
145
145
145
146
146
146
146
146
146
146
146
146
147
149
149
150
150
150
150
150
150
150
151
152
152
152
152
152
152
152
152
152
154
154
154
154
154
154
154
154
154
155
155
155
155
155
155
155
155
155
155
157
157
157
157
157
157
157
157
158
158
159
159
159
159
159
159
159
160
161
161
161
161
161
161
161
162
162
162
162
162
162
163
164
164
166
166
166
166
166
166
166
166
166
166
166
166
166
167
167
167
167
167
167
167
167
167
168
168
168
168
168
168
168
168
168
168
168
168
168
168
169
169
169
169
169
169
169
169
169
169
169
169
169
169
170
170
170
170
170
170
170
170
170
172
172
172
172
172
172
172
172
172
172
172
172
172
172
172
172
172
172
172
172
172
172
172
172
173
173
173
173
173
173
173
173
173
173
173
174
174
174
174
174
174
174
174
174
174
174
174
174
174
174
176
176
176
176
176
176
176
176
176
177
179
179
180
180
180
180
180
181
182
182
182
182
182
182
182
182
182
184
184
184
184
184
184
184
184
184
184
185
185
185
185
185
185
185
185
185
187
187
187
187
187
187
187
187
188
188
189
189
189
189
189
189
189
190
191
191
191
191
191
191
191
192
192
192
192
192
192
193
194
194
196
196
196
196
196
196
196
196
196
196
196
197
197
197
197
197
197
197
197
197
198
198
198
198
198
198
199
199
199
199
199
199
199
199
199
199
199
199
199
200
200
200
200
200
200
200
200
200
200
200
200
200
200
200
200
200
202
202
202
202
202
202
202
202
202
203
205
205
206
206
206
206
206
206
206
207
208
208
208
208
208
208
208
208
208
208
208
208
208
208
208
209
209
209
209
209
209
209
209
209
209
211
211
211
211
211
211
211
211
212
212
212
212
214
214
215
215
215
215
215
215
215
215
215
215
216
217
217
217
217
217
217
217
218
218
218
218
218
218
218
219
221
221
222
222
222
222
222
222
222
223
224
224
224
224
224
224
224
225
225
225
225
225
225
225
225
225
225
225
225
225
225
225
226
226
226
227
229
229
230
230
230
230
230
230
230
230
230
230
231
232
232
232
232
232
232
232
233
235
235
236
236
236
236
236
236
236
237
238
238
238
238
238
238
238
239
239
239
239
239
239
240
240
240
240
240
240
241
243
243
244
244
244
244
244
244
244
245
246
246
246
246
246
246
246
247
249
249
250
250
250
250
250
250
250
251
252
252
252
252
252
252
252
253
253
253
253
253
253
254
255
255
257
257
257
257
257
257
257
257
257
257
257
257
257
257
257
257
257
257
257
258
258
258
258
258
258
260
260
260
260
260
260
260
260
260
260
260
260
260
260
260
260
261
261
261
261
261
261
261
261
261
261
261
261
261
261
261
261
261
261
261
261
261
262
264
264
265
265
265
265
265
265
265
265
265
266
267
267
267
267
267
267
267
267
267
267
267
267
267
267
267
268
268
268
268
268
268
268
268
268
268
268
268
268
269
269
269
269
269
269
269
269
269
269
269
269
269
269
269
269
269
270
270
270
270
270
270
270
270
270
270
270
270
270
270
270
270
270
270
270
271
271
271
271
271
272
272
272
272
272
272
272
272
272
272
272
272
272
272
272
272
272
272
272
272
272
272
272
272
273
273
273
273
273
273
273
273
273
273
274
274
274
274
274
274
274
274
274
274
274
274
274
275
275
275
275
275
275
275
275
275
275
275
275
275
276
276
276
276
276
276
276
277
277
277
277
277
277
278
278
278
278
278
278
279
279
279
279
279
279
279
279
279
279
279
279
279
279
279
279
279
280
280
280
280
280
280
280
280
280
280
280
280
280
281
281
281
281
281
281
281
281
281
281
281
281
281
281
282
282
282
282
282
282
282
282
282
282
282
282
282
282
282
282
282
282
282
283
283
283
283
283
283
283
283
283
284
286
286
287
287
287
287
287
287
287
288
289
289
289
289
289
289
289
289
289
290
290
290
290
290
291
291
291
291
291
291
291
291
291
292
292
292
292
292
292
292
292
292
292
292
292
292
293
293
293
293
293
293
293
293
293
293
293
294
294
294
294
294
294
295
295
295
295
295
295
296
296
296
296
296
296
296
296
296
296
296
296
296
296
296
296
296
297
297
297
297
297
297
297
297
297
297
297
297
297
298
298
298
298
298
298
298
298
298
298
298
299
299
299
299
299
299
299
299
299
300
302
302
302
302
302
302
302
302
303
304
304
304
304
304
304
305
307
307
307
307
307
307
307
307
307
308
309
309
309
309
309
309
309
309
310
310
310
310
310
310
310
310
310
310
310
310
310
310
310
311
311
311
311
311
311
311
312
314
314
314
314
314
314
314
314
314
314
314
315
317
317
317
317
317
317
318
319
319
319
319
319
319
319
319
320
320
320
320
321
321
321
321
322
322
322
322
323
323
323
323
324
324
324
324
326
326
326
326
327
327
327
327
328
328
328
328
328
328
330
330
330
330
330
331
332
332
332
332
332
332
334
334
334
334
334
334
334
334
334
335
335
335
335
335
335
335
335
335
337
337
337
337
337
337
338
340
340
341
341
341
341
341
341
341
342
343
343
343
343
343
343
344
344
344
344
344
344
345
347
347
348
348
348
348
348
348
348
349
350
350
350
350
351
351
351
351
351
351
352
354
354
355
355
355
355
355
355
355
355
355
355
356
357
357
357
357
357
357
357
357
358
358
358
358
358
358
358
358
358
358
358
358
358
359
359
359
359
359
359
359
360
362
362
362
362
362
362
362
362
362
362
362
362
362
362
362
363
363
363
363
363
363
363
364
364
364
364
364
364
364
365
367
367
368
368
368
368
368
368
368
369
370
370
370
370
370
370
370
372
372
372
372
372
372
372
373
373
373
373
373
373
375
375
375
375
375
375
375
375
376
378
378
378
378
379
380
380
380
381
383
383
383
383
384
385
385
385
385
385
385
385
385
385
385
385
385
385
386
387
387
389
389
389
389
389
389
390
391
391
391
391
391
392
392
392
392
392
393
393
393
393
393
394
394
394
394
395
395
395
395
396
396
396
396
397
397
397
397
398
398
398
398
399
399
399
399
401
401
401
401
401
401
401
401
401
401
401
402
403
403
403
403
403
403
403
403
403
403
404
404
404
404
404
404
405
405
405
405
405
405
405
405
405
405
405
406
406
406
406
406
406
407
407
407
407
407
407
408
408
408
408
408
408
409
409
409
409
409
409
409
409
409
410
410
410
410
410
410
411
411
411
411
411
411
411
412
414
414
415
415
415
415
415
415
415
416
417
417
417
417
417
417
418
418
418
418
418
418
419
421
421
422
422
422
422
422
422
422
423
424
424
424
424
425
425
425
425
425
425
426
428
428
429
429
429
429
429
429
429
429
429
429
429
429
429
430
431
431
431
431
431
431
431
431
432
432
432
432
432
432
432
433
433
433
433
433
433
433
433
433
433
433
435
435
435
435
435
435
435
435
435
436
436
436
436
436
436
436
437
438
440
440
441
441
441
441
441
441
441
442
443
443
443
443
443
443
443
443
443
443
443
443
443
443
443
444
444
444
444
444
444
444
444
445
445
445
445
445
445
445
446
446
446
446
446
446
447
447
447
447
447
447
448
448
448
448
448
448
448
449
450
450
450
451
452
452
453
453
453
453
453
453
453
453
454
454
454
454
454
454
454
454
454
454
454
454
454
454
454
454
454
454
455
455
455
455
455
455
456
456
456
456
456
456
456
456
456
456
456
456
456
456
456
456
456
457
457
457
457
458
458
458
459
460
461
461
462
463
