1
1
1
1
1
1
1
1
1
1
1
3
3
3
3
3
3
3
3
3
4
4
4
4
4
4
4
6
6
6
6
6
6
6
6
6
6
6
7
7
7
7
7
7
7
7
7
7
7
8
8
8
8
8
8
8
8
8
8
8
9
9
9
9
9
9
9
9
9
9
9
10
10
10
10
10
10
10
10
10
10
10
10
10
11
11
11
11
11
11
11
11
11
11
11
11
11
12
12
12
12
12
12
12
12
12
12
12
12
12
13
13
13
13
13
13
13
13
13
13
13
13
13
13
13
14
14
14
14
14
14
14
14
14
14
14
14
14
15
15
15
15
15
15
15
15
15
15
15
15
15
15
15
25
25
25
26
26
27
27
28
29
29
29
29
29
29
29
29
32
32
32
32
32
33
33
33
33
33
33
33
33
33
33
33
33
33
34
34
34
34
34
34
34
34
34
34
34
34
34
34
34
34
34
34
35
35
35
35
35
35
35
36
36
42
42
42
42
42
42
42
42
45
45
45
45
47
47
47
47
47
48
48
48
48
48
49
51
51
51
51
51
51
51
52
52
52
52
53
61
61
61
61
61
61
61
61
62
62
62
62
63
71
71
72
72
72
72
72
72
72
73
74
74
74
74
74
74
74
74
74
74
74
74
75
75
75
75
75
75
75
77
77
77
77
77
77
77
77
77
77
78
78
78
78
78
79
81
81
81
81
81
81
81
81
81
82
82
82
82
82
82
82
82
82
82
82
82
82
82
82
83
83
83
83
83
84
85
85
85
85
85
85
85
85
85
85
85
85
85
85
85
85
85
85
86
89
89
89
89
89
90
90
90
90
90
91
92
92
92
93
95
95
96
96
96
96
96
96
96
97
98
98
98
98
98
98
98
98
98
98
98
98
99
99
99
99
99
99
99
100
100
100
100
100
100
100
100
100
101
101
101
101
101
101
101
101
101
103
103
103
103
103
103
103
103
103
103
103
103
103
103
103
103
103
103
103
104
104
104
104
104
105
106
106
106
106
106
106
106
106
106
107
108
108
108
108
108
108
108
108
109
117
117
118
118
118
118
118
118
118
118
118
118
118
118
118
119
120
120
120
120
120
120
120
120
120
120
120
120
121
121
121
121
121
121
121
122
122
122
122
122
122
122
123
125
125
125
125
125
125
125
125
125
125
125
125
126
126
126
126
126
126
126
127
127
127
127
127
127
127
128
129
129
129
130
139
139
140
140
140
140
140
140
140
140
140
140
140
140
140
141
141
141
141
141
141
141
142
142
143
151
151
152
152
152
152
152
152
152
152
152
152
152
152
152
153
154
154
154
154
154
154
154
154
154
154
154
154
155
155
155
155
155
155
155
156
156
156
156
156
156
156
156
156
156
156
156
156
156
156
157
158
158
158
159
161
161
162
162
162
162
162
162
162
162
162
162
162
162
162
163
164
164
164
164
164
164
164
164
164
164
164
164
165
165
165
165
165
165
165
166
166
166
166
166
166
166
166
166
166
166
166
166
166
166
167
168
168
168
169
171
171
172
172
172
172
172
172
172
172
172
172
172
172
172
172
173
173
173
173
173
173
173
173
173
173
173
173
174
174
174
174
174
174
174
175
175
175
175
175
175
175
175
175
175
175
175
175
175
175
176
177
177
177
178
186
186
187
187
187
187
187
187
187
188
189
189
189
189
189
189
189
189
190
190
190
190
190
190
190
191
191
191
191
191
191
191
191
191
192
192
192
192
192
192
192
193
193
193
193
193
193
193
193
193
193
194
194
194
194
194
195
196
197
198
198
198
199
201
201
202
202
202
202
202
202
202
203
204
204
204
204
204
204
204
204
205
205
205
205
205
205
205
206
206
206
206
206
206
206
206
206
207
207
207
207
207
207
207
208
208
208
208
208
208
208
208
208
208
209
209
209
209
209
210
211
212
213
213
213
214
226
226
227
227
227
227
227
227
228
228
228
228
228
228
229
231
231
232
232
232
232
232
232
232
232
232
232
232
232
232
232
232
232
232
232
232
232
232
232
233
233
233
233
233
233
233
234
242
242
242
242
242
242
242
243
244
244
244
244
244
244
244
244
244
244
244
244
245
245
245
245
245
245
245
246
246
246
246
246
246
246
246
246
246
246
246
246
246
246
246
246
246
247
248
248
248
249
250
251
