1
1
1
1
1
1
1
1
1
1
1
3
3
3
3
3
3
3
4
4
4
4
4
4
4
6
6
6
6
6
6
6
6
6
6
6
8
8
8
8
8
8
8
8
8
8
8
9
9
9
9
9
9
9
9
9
9
9
9
9
10
10
10
10
10
10
10
10
10
10
10
10
10
11
11
11
11
11
11
11
11
11
11
11
11
11
12
12
12
12
12
12
12
12
12
12
12
12
12
13
13
13
13
13
13
13
13
13
13
13
13
13
13
13
14
14
14
14
14
14
14
14
14
14
14
14
14
14
14
15
15
15
15
15
15
15
15
15
15
15
15
15
15
15
16
16
16
16
16
16
16
16
16
16
16
16
16
18
18
18
18
18
18
18
18
18
18
18
18
18
18
18
25
25
25
25
25
26
27
27
27
27
27
28
30
30
30
30
30
30
30
30
30
31
31
31
31
31
32
34
34
35
35
35
35
35
35
35
35
35
35
35
35
36
38
38
38
38
38
38
38
38
38
39
39
39
39
39
39
39
40
40
40
40
40
40
40
40
40
41
42
42
42
43
45
45
46
46
46
46
46
46
46
46
46
46
46
46
46
47
47
47
47
47
47
47
47
47
48
48
48
48
48
48
48
49
49
49
49
49
49
49
49
49
50
51
51
51
52
54
54
55
55
55
55
55
55
55
56
58
58
58
58
58
58
58
58
58
58
58
58
58
58
58
59
59
59
59
59
59
59
59
60
61
61
61
61
61
61
61
61
61
62
62
62
63
65
65
66
66
66
66
66
66
66
66
66
66
67
67
67
67
67
67
68
68
68
68
68
68
68
68
68
68
68
68
69
70
70
70
70
70
70
70
71
71
71
72
74
74
74
74
74
75
75
75
76
76
76
76
76
76
76
76
76
76
76
76
77
77
77
77
77
77
78
78
78
79
79
79
79
79
79
79
79
79
79
79
79
80
80
80
80
80
80
81
81
82
83
83
83
83
83
83
83
83
83
83
83
83
83
83
83
83
83
83
84
97
97
97
97
97
97
97
97
98
102
102
102
102
102
102
102
102
102
102
103
103
103
103
103
103
103
104
104
104
104
104
104
104
104
104
105
105
106
106
106
106
106
106
106
106
106
106
106
106
106
107
107
107
107
107
107
107
107
107
107
107
107
107
108
108
108
108
108
108
108
108
109
109
109
109
109
109
109
109
110
111
111
111
112
118
118
118
118
118
118
118
118
119
120
120
120
120
120
120
120
120
120
120
121
121
121
121
121
121
121
122
122
122
122
122
122
122
122
122
123
123
124
124
124
124
124
124
124
124
124
124
124
124
124
125
125
125
125
125
125
125
125
125
125
125
125
125
126
126
126
126
126
126
126
126
127
127
127
127
127
127
127
127
128
129
129
129
130
138
138
138
138
139
139
140
141
141
141
141
141
141
141
141
141
142
142
142
143
144
144
144
144
144
144
144
144
144
145
147
147
148
148
148
148
148
148
148
149
150
150
150
150
150
150
150
150
150
150
150
151
153
153
154
154
154
154
154
154
154
154
154
154
154
154
154
155
155
155
155
155
155
155
155
155
155
155
155
155
156
157
159
159
159
159
160
160
161
162
162
162
162
162
162
162
162
162
163
163
163
164
165
165
165
165
165
165
165
165
165
166
168
168
169
169
169
169
169
169
169
170
171
171
171
171
171
171
171
171
171
171
171
172
174
174
175
175
175
175
175
175
175
175
175
175
175
175
175
176
176
176
176
176
176
176
176
176
176
176
176
176
177
178
179
180
