17
17
17
17
17
17
17
17
17
19
19
19
19
19
19
19
19
19
20
20
20
20
20
20
20
20
20
22
22
22
22
22
22
22
23
23
23
23
23
23
23
24
24
24
24
24
24
24
24
24
25
25
25
25
25
25
25
25
25
26
26
26
26
26
26
26
26
26
40
40
40
40
41
42
42
42
42
42
43
43
43
43
43
44
44
44
44
44
54
54
54
54
54
54
54
54
54
55
56
56
56
56
56
56
56
56
56
56
56
57
68
68
68
68
68
68
68
68
68
69
70
70
70
70
70
70
71
71
71
71
71
71
72
72
72
72
72
72
72
72
72
72
72
72
72
73
84
84
84
84
84
84
84
84
84
84
85
86
86
86
86
86
86
86
86
86
86
86
86
86
86
87
87
87
87
87
87
88
88
88
88
88
88
88
88
88
88
88
88
88
89
89
89
89
89
89
90
91
92
