6
6
6
6
6
6
6
6
6
8
8
8
8
8
8
8
9
9
9
9
9
9
9
10
10
10
10
10
10
10
11
11
11
11
11
11
11
13
13
13
13
13
13
13
13
13
13
13
14
14
14
14
14
14
14
14
14
14
14
15
15
15
15
15
15
15
15
15
15
15
16
16
16
16
16
16
16
16
16
16
16
18
18
18
18
18
18
18
18
19
20
20
20
20
21
21
21
21
21
21
21
23
23
23
23
23
23
24
25
25
25
25
25
25
26
26
26
26
26
26
26
26
26
27
29
29
29
29
29
29
29
29
29
29
29
29
29
30
31
31
31
31
31
31
31
31
31
33
33
33
33
35
35
35
35
35
35
35
35
35
37
37
37
38
40
40
40
40
40
40
40
42
42
43
43
43
43
43
44
45
45
45
45
45
45
46
47
47
