6
6
6
6
6
6
6
6
6
6
6
8
8
8
8
8
8
8
8
8
8
8
8
8
8
9
9
9
9
9
9
9
9
9
9
9
9
9
9
10
10
10
10
10
10
10
10
10
10
10
10
10
10
11
11
11
11
11
11
11
11
11
11
11
11
11
11
12
12
12
12
12
12
12
12
12
12
12
12
12
12
13
13
13
13
13
13
13
13
13
13
13
13
13
13
14
14
14
14
14
14
14
14
14
14
14
14
14
14
15
15
15
15
15
15
15
15
15
15
15
15
15
15
16
16
16
16
16
16
16
16
16
16
16
16
16
16
18
18
18
18
18
18
18
19
19
19
19
19
19
19
21
21
21
21
21
21
21
21
21
21
21
22
22
22
22
22
22
22
22
22
23
23
23
23
23
23
23
23
23
25
25
25
26
27
27
27
27
28
28
28
28
30
30
30
30
30
30
30
30
30
30
30
30
30
30
32
32
32
32
33
33
33
33
35
35
35
35
35
35
35
35
35
35
35
35
35
35
35
37
37
37
37
37
38
39
39
39
40
42
42
42
42
42
42
42
43
44
44
44
44
44
44
45
47
47
47
47
47
48
49
49
49
50
52
52
52
52
52
52
52
53
54
54
54
54
54
54
55
57
57
57
57
57
57
57
57
58
59
59
59
60
62
62
62
62
62
62
62
63
64
64
64
64
64
64
64
64
64
65
67
67
67
67
67
68
69
69
69
69
69
69
69
69
69
70
72
72
72
72
72
73
74
74
74
75
78
78
78
78
78
79
80
80
80
80
80
82
82
82
82
82
82
83
84
84
84
84
84
84
84
84
84
85
86
86
86
86
86
86
86
86
86
86
86
86
86
86
86
86
87
88
88
88
88
88
88
88
88
88
88
89
90
90
90
90
90
90
90
90
90
90
90
90
90
90
90
90
91
92
92
92
92
92
92
92
92
92
92
93
96
96
96
96
96
96
96
96
96
96
98
98
98
98
98
98
98
99
100
100
100
100
100
100
100
100
100
100
100
100
100
100
100
100
100
101
102
103
105
105
105
107
109
109
109
109
109
109
109
110
111
111
111
111
111
111
113
113
113
113
114
116
116
116
116
116
117
118
118
118
119
121
121
122
122
122
122
122
123
124
124
124
124
124
124
124
124
125
127
127
127
127
127
128
129
129
129
129
129
131
131
131
131
131
131
131
131
131
131
131
131
131
131
131
131
132
133
133
133
133
133
133
133
133
133
133
133
133
133
134
134
134
134
134
134
134
134
134
134
135
137
137
137
138
140
140
140
140
140
141
142
142
142
142
142
142
142
142
144
144
144
144
144
144
144
144
144
144
144
144
144
144
144
144
145
146
146
146
146
146
146
146
146
146
146
146
146
146
146
146
146
146
147
149
149
149
149
149
149
149
149
149
149
149
149
149
151
151
151
151
151
151
151
152
154
154
154
154
154
154
154
154
154
154
155
156
156
156
156
156
156
156
156
157
158
158
158
158
158
158
158
158
159
160
161
162
162
162
162
162
162
163
164
166
166
166
166
166
166
166
167
168
168
168
168
168
168
168
168
170
170
170
170
170
170
170
170
170
170
170
170
170
170
172
172
172
172
172
172
172
172
172
172
172
172
172
172
172
172
172
172
172
172
172
172
172
172
174
174
174
174
174
174
175
176
176
176
176
176
176
176
176
176
178
178
178
178
178
178
178
178
178
178
178
178
178
178
179
181
181
181
181
181
181
182
183
183
183
183
183
183
183
183
185
185
185
185
185
185
185
186
187
187
187
187
187
187
187
187
187
187
187
187
187
187
187
187
187
187
187
187
187
188
190
190
190
190
190
190
190
190
190
192
192
192
192
192
192
192
192
192
192
192
194
194
194
194
194
194
194
194
194
194
194
194
194
194
194
194
196
196
196
196
196
196
196
197
199
199
199
199
200
201
201
201
201
201
201
201
202
204
204
204
204
204
204
204
205
207
207
207
207
207
207
207
207
207
207
208
209
209
209
209
209
209
209
211
211
211
211
211
211
211
211
213
213
213
213
213
213
213
213
213
213
213
213
213
213
215
215
215
215
215
215
216
218
218
218
218
218
218
218
218
218
218
218
218
218
218
218
218
218
218
218
218
218
218
218
218
219
219
219
219
219
219
219
219
219
219
219
221
221
221
221
221
221
221
221
221
221
221
221
223
223
223
223
224
225
225
225
225
225
225
225
225
225
225
225
225
226
227
228
228
228
228
228
228
228
228
228
229
230
230
230
230
230
230
230
230
230
230
230
230
230
230
230
230
231
232
233
234
234
234
234
234
234
234
234
234
234
234
234
234
234
234
234
234
234
234
235
236
236
236
236
236
236
236
236
236
236
236
236
236
238
238
238
238
238
238
238
238
238
238
238
238
238
238
239
240
241
242
242
242
242
242
242
242
243
244
246
246
246
246
246
246
246
247
249
249
250
250
250
250
250
251
252
252
252
252
252
252
253
253
253
253
253
254
254
254
254
254
254
254
254
254
254
254
254
254
254
254
254
254
254
254
254
254
254
255
255
255
255
255
255
255
255
255
255
255
255
255
255
256
256
256
256
256
256
256
256
257
257
257
257
257
257
257
257
257
257
257
257
257
257
257
257
257
257
257
257
257
257
258
258
258
258
258
258
258
258
258
258
258
258
258
258
258
258
258
258
258
258
258
258
259
259
259
260
262
262
263
263
263
263
263
263
263
264
265
265
265
265
265
265
266
267
267
267
268
270
270
270
270
270
270
271
272
272
272
273
275
275
275
275
275
275
275
275
275
275
275
275
276
277
277
277
278
280
280
280
280
280
280
280
280
282
282
282
282
282
282
283
284
284
284
284
284
284
284
284
285
286
286
286
287
288
289
289
289
289
289
289
289
289
289
289
289
289
289
290
291
291
291
292
294
294
294
294
294
294
294
294
295
296
296
296
297
299
299
299
299
299
299
299
299
300
301
301
301
302
304
304
304
304
304
304
304
304
305
306
306
306
307
309
309
309
309
309
309
310
311
311
311
311
311
311
311
311
312
313
313
313
314
315
316
316
316
316
316
316
316
316
316
316
316
316
316
317
318
318
318
319
321
321
321
322
323
324
