6
6
6
6
6
6
6
6
6
8
8
8
8
8
8
8
8
8
8
8
8
8
8
9
9
9
9
9
9
9
9
9
9
9
9
9
9
10
10
10
10
10
10
10
10
10
10
10
10
10
10
11
11
11
11
11
11
11
11
11
11
11
11
11
11
12
12
12
12
12
12
12
12
12
12
12
12
12
12
13
13
13
13
13
13
13
13
13
13
13
13
13
13
14
14
14
14
14
14
14
14
14
14
14
14
14
14
16
16
16
16
16
16
16
17
17
17
17
17
17
17
18
18
18
18
18
18
18
19
19
19
19
19
19
19
20
20
20
20
20
20
20
21
21
21
21
21
21
21
22
22
22
22
22
22
22
23
23
23
23
23
23
23
24
24
24
24
24
24
24
25
25
25
25
25
25
25
26
26
26
26
26
26
26
28
28
28
28
28
28
28
28
28
28
28
29
29
29
29
29
29
29
29
29
29
29
30
30
30
30
30
30
30
30
30
31
31
31
31
31
31
31
31
31
33
33
33
34
35
35
35
36
37
37
37
37
37
37
38
40
40
40
41
42
42
42
42
42
42
43
45
45
45
46
47
47
47
47
47
47
48
50
50
50
51
52
52
52
52
52
52
53
55
55
55
55
55
55
55
55
55
55
55
55
55
55
55
57
57
57
57
57
57
57
57
59
59
59
59
59
59
59
59
60
60
60
60
60
60
60
60
62
62
62
62
62
62
62
62
64
64
64
64
64
64
64
64
65
65
65
65
65
65
65
65
66
66
66
66
66
66
66
66
67
67
67
67
67
67
67
67
68
68
68
68
68
68
68
68
69
69
69
69
69
69
69
69
71
71
71
71
71
71
71
71
72
72
72
72
72
72
72
72
74
74
74
74
74
74
74
74
75
75
75
75
75
75
75
75
75
75
76
76
76
76
76
76
76
76
76
76
77
77
77
77
77
77
77
77
77
77
78
78
78
78
78
78
78
78
78
78
79
79
79
79
79
79
79
79
79
79
80
80
80
80
80
80
80
80
80
80
81
81
81
81
81
81
81
81
81
81
82
82
82
82
82
82
82
82
82
82
83
83
83
83
83
83
83
83
83
83
84
84
84
84
84
84
84
84
84
84
85
85
85
85
85
85
85
85
85
85
86
86
86
86
86
86
86
86
86
86
88
88
88
88
88
88
88
88
89
89
89
89
89
89
89
89
89
89
91
91
91
91
91
91
91
91
91
91
91
91
91
91
92
92
92
92
92
92
92
92
92
92
92
92
92
92
93
93
93
93
93
93
93
93
93
93
93
93
93
93
95
95
95
95
95
95
96
96
96
96
96
96
97
97
97
97
97
97
98
98
98
98
98
98
99
99
99
99
99
99
100
100
100
100
100
100
102
102
102
102
102
102
103
103
103
103
103
103
105
105
105
105
106
106
106
106
107
107
107
107
108
108
108
108
110
110
110
110
111
111
111
111
112
112
112
112
113
113
113
113
113
113
115
115
115
115
116
116
116
116
117
117
117
117
119
119
119
119
119
119
121
121
121
121
121
121
121
121
121
121
121
121
121
121
123
123
123
123
123
123
123
123
123
123
124
124
124
124
124
124
125
125
125
125
125
125
125
125
125
125
125
125
125
127
127
127
127
129
129
129
129
129
129
131
131
131
131
131
131
133
133
133
133
133
133
133
133
133
135
135
135
135
136
137
137
137
137
138
140
140
140
140
140
140
141
142
142
142
142
142
142
143
143
143
143
144
146
146
146
146
146
147
148
148
148
148
149
150
150
150
150
150
150
150
150
150
151
153
153
153
153
153
153
153
154
154
154
154
155
157
157
157
157
157
158
159
159
159
159
160
161
161
161
161
161
161
161
162
164
164
164
164
165
165
165
165
165
166
168
168
168
168
168
169
170
170
170
170
171
172
172
172
172
172
172
172
173
175
175
175
175
175
176
178
178
178
178
178
179
180
180
180
181
183
183
183
183
183
183
183
184
185
185
185
185
186
187
187
187
187
187
187
187
188
190
190
190
190
190
190
190
190
192
192
192
192
194
194
194
194
196
196
196
196
196
196
198
198
198
199
201
201
201
201
201
201
201
202
203
203
203
203
203
203
205
205
205
205
206
207
207
207
207
207
207
207
207
207
208
210
210
210
210
212
212
212
212
214
214
214
214
215
217
217
217
217
217
218
219
219
219
220
222
222
222
222
222
222
222
223
224
224
224
224
225
226
226
226
226
226
226
226
226
226
227
229
229
229
229
229
229
229
229
229
229
229
229
230
231
231
231
231
231
231
231
231
231
231
231
231
231
231
231
231
232
232
232
232
232
234
234
234
234
234
234
234
235
236
236
236
236
236
236
236
236
236
238
238
238
238
238
238
238
239
241
241
241
241
241
242
243
245
245
245
245
245
245
245
246
247
247
247
247
247
247
247
247
247
247
247
247
247
247
247
248
250
250
250
250
250
250
250
250
251
252
252
252
252
252
252
252
252
252
252
252
252
252
254
254
254
254
254
254
254
255
255
255
255
255
255
255
257
257
257
257
257
257
258
259
259
259
259
259
259
259
260
262
262
262
262
262
262
262
262
262
262
262
263
264
264
264
264
264
264
264
264
264
266
266
266
266
266
266
266
266
266
267
268
268
268
268
268
268
268
268
268
268
268
268
268
268
269
270
270
270
270
270
270
270
270
270
270
270
270
270
270
270
270
272
272
272
272
272
272
272
273
274
275
277
277
277
278
280
280
280
280
280
281
282
282
282
282
283
284
284
284
284
284
284
284
284
284
285
287
287
287
287
287
287
287
287
287
287
287
288
289
289
289
289
289
289
289
290
291
291
291
291
291
292
293
293
293
293
294
295
295
295
295
295
295
295
295
295
295
295
295
295
296
297
298
298
298
298
298
299
300
300
300
300
300
300
300
300
300
301
303
303
303
303
303
303
303
303
303
303
303
305
305
305
305
305
305
305
305
305
306
307
307
307
307
308
309
309
309
309
309
309
309
310
312
312
312
312
313
315
315
315
315
316
318
318
318
318
318
319
320
320
320
320
321
322
322
322
322
322
322
322
322
322
323
325
325
325
325
325
325
325
325
325
326
326
326
326
326
326
326
326
326
327
327
327
327
327
327
327
327
327
329
329
329
329
329
329
329
329
329
329
329
330
330
330
330
330
330
330
330
330
330
330
331
331
331
331
331
331
331
331
331
331
331
332
332
332
332
332
332
332
332
332
332
332
334
334
334
334
334
334
334
334
334
336
336
336
336
336
336
336
336
336
336
336
338
338
338
338
338
338
338
338
338
338
338
339
339
339
339
339
339
339
339
339
339
339
341
341
341
341
343
343
343
343
345
345
345
345
347
347
347
347
349
349
349
349
349
349
349
349
349
349
349
349
349
351
351
351
351
351
351
351
351
351
351
351
351
351
353
353
353
353
353
353
353
353
353
353
353
354
354
354
354
354
354
354
354
354
354
354
356
356
356
356
356
356
356
356
357
357
357
357
357
359
359
359
359
359
359
359
359
359
359
359
359
359
360
360
360
360
360
360
360
360
360
360
360
360
360
362
362
362
362
362
362
362
362
362
362
362
363
365
365
365
365
365
366
367
367
367
367
367
367
367
367
367
367
367
367
367
367
367
367
367
369
369
369
369
370
371
371
371
372
372
372
372
372
372
373
373
374
374
374
375
375
375
375
375
375
376
376
377
377
377
378
378
378
378
378
378
379
379
380
381
383
383
383
383
383
384
385
385
385
385
385
385
385
385
385
385
385
385
385
385
385
385
385
387
387
387
387
388
389
389
389
390
390
390
390
390
390
391
391
392
392
392
393
393
393
393
393
393
394
394
395
395
395
396
396
396
396
396
396
397
397
398
399
401
401
401
401
401
402
403
403
403
403
403
403
403
403
403
403
403
403
403
403
403
403
403
405
405
405
405
406
407
407
407
408
408
408
408
408
408
409
409
410
410
410
411
411
411
411
411
411
412
412
413
413
413
414
414
414
414
414
414
415
415
416
417
419
419
419
419
419
420
421
421
421
421
421
421
421
421
421
421
421
421
421
421
421
421
421
423
423
423
423
424
425
425
425
426
426
426
426
426
426
427
427
428
428
428
429
429
429
429
429
429
430
430
431
431
431
432
432
432
432
432
432
433
433
434
435
437
437
437
437
437
438
439
439
439
439
440
441
441
441
442
442
442
442
442
442
442
442
442
443
443
444
444
444
445
445
445
445
445
445
445
445
445
446
446
447
447
447
448
448
448
448
448
448
448
448
448
449
449
450
451
453
453
453
453
453
454
455
455
455
455
456
457
457
457
458
458
458
458
458
458
458
458
458
459
459
460
460
460
461
461
461
461
461
461
461
461
461
462
462
463
463
463
464
464
464
464
464
464
464
464
464
465
465
466
467
469
469
469
469
469
470
471
471
471
471
472
473
473
473
474
474
474
474
474
474
474
474
474
475
475
476
476
476
477
477
477
477
477
477
477
477
477
478
478
479
479
479
480
480
480
480
480
480
480
480
480
481
481
482
483
485
485
485
485
485
486
487
487
487
487
488
489
489
489
490
490
490
490
490
490
490
490
490
491
491
492
492
492
493
493
493
493
493
493
493
493
493
494
494
495
495
495
496
496
496
496
496
496
496
496
496
497
497
498
499
501
501
501
501
501
501
501
501
501
501
501
501
501
502
503
503
503
503
503
503
503
503
503
503
503
503
503
503
503
503
503
503
503
503
504
506
506
506
506
506
506
506
506
506
506
506
506
506
507
508
508
508
508
508
508
508
508
508
508
508
508
508
508
508
508
508
508
508
508
509
511
511
511
511
511
511
511
511
511
511
511
511
511
512
513
513
513
513
513
513
513
513
513
513
515
515
515
515
515
515
517
517
517
517
517
517
517
517
517
517
517
517
517
517
517
517
517
517
518
519
519
519
519
519
519
519
519
519
519
519
520
521
522
523
523
523
523
523
523
523
523
523
524
526
526
526
527
529
529
529
529
529
529
529
529
529
529
530
531
531
531
531
531
531
531
531
531
531
532
534
534
534
534
534
534
534
534
534
534
534
534
534
535
536
536
536
536
536
536
536
536
538
538
538
538
538
538
538
538
538
538
539
541
541
541
541
541
541
541
541
541
541
541
541
541
542
543
543
543
543
543
543
543
543
545
545
545
545
545
545
545
545
545
546
548
548
548
548
548
548
548
548
549
550
550
550
550
550
552
552
552
552
552
552
552
552
553
554
554
554
554
554
554
554
554
554
554
554
554
554
554
554
554
554
554
554
554
554
554
555
556
556
556
556
556
556
556
556
557
558
560
560
560
561
563
563
563
563
563
563
563
564
565
565
565
565
565
565
565
565
566
568
568
568
568
568
569
570
570
570
570
571
572
572
572
572
572
572
572
573
575
575
575
575
576
576
576
576
577
579
579
579
579
579
580
581
581
581
581
582
583
583
583
583
583
583
583
583
583
584
586
586
586
586
586
586
586
586
586
588
588
588
588
588
588
588
588
588
588
588
588
588
588
588
588
589
589
589
589
589
589
589
589
589
589
589
589
589
589
589
589
590
590
590
590
590
590
590
590
590
590
590
590
590
590
590
590
592
592
592
592
592
592
592
592
592
592
592
592
592
592
593
593
593
593
593
593
593
593
593
593
593
593
593
593
594
594
594
594
594
594
594
594
594
594
594
594
594
594
595
595
595
595
595
595
595
595
595
595
595
595
595
595
596
596
596
596
596
596
596
596
596
596
596
596
596
596
597
597
597
597
597
597
597
597
597
597
597
597
597
597
598
598
598
598
598
598
598
598
598
598
598
598
598
598
600
600
600
600
602
602
602
602
604
604
604
604
606
606
606
606
608
608
608
608
608
608
609
610
610
610
610
610
610
610
610
610
611
613
613
613
613
613
613
613
613
613
613
613
613
613
613
615
615
615
615
615
615
615
615
615
615
615
615
615
615
617
617
617
617
617
617
617
617
617
617
617
617
617
617
619
619
619
619
619
619
619
619
619
619
619
619
619
619
621
621
621
621
621
621
621
621
621
621
621
621
621
621
623
623
623
623
623
623
623
623
623
625
625
625
625
625
625
625
625
625
627
627
627
627
627
627
627
627
627
627
627
627
627
627
628
630
630
630
630
630
631
632
632
632
632
633
634
634
634
634
634
634
634
634
634
635
637
637
637
637
637
637
637
637
637
637
637
638
639
639
639
639
639
639
639
639
639
640
641
641
641
641
641
642
643
643
643
643
643
643
643
643
643
644
645
647
647
647
647
647
647
647
647
648
649
649
649
649
649
649
649
649
650
652
652
652
652
652
652
652
652
653
654
654
654
654
654
654
654
656
656
656
656
656
656
656
656
656
656
656
656
656
656
658
658
658
658
658
658
658
658
658
658
658
659
660
660
660
660
660
660
660
660
660
660
661
662
662
662
662
662
662
662
663
664
666
666
666
667
669
669
669
669
669
669
669
669
670
671
671
671
671
671
671
671
671
672
674
674
674
674
674
674
674
674
675
676
676
676
676
676
676
676
676
677
679
679
679
679
679
679
679
680
681
681
681
681
681
681
682
683
683
683
683
683
683
683
683
683
685
685
685
685
685
685
685
685
685
685
686
687
687
687
687
687
687
687
688
689
690
691
692
692
692
692
692
692
692
693
694
696
696
696
696
696
696
696
696
696
696
697
698
698
698
698
698
698
699
701
701
701
701
701
701
701
701
701
701
702
703
703
703
703
703
703
704
706
706
706
706
706
706
706
706
706
706
707
708
708
708
708
708
708
709
711
711
711
711
711
712
713
713
713
714
716
716
716
716
716
716
716
717
718
718
718
718
718
718
719
721
721
721
721
721
722
723
723
723
724
726
726
726
726
726
726
726
727
728
728
728
728
728
728
729
731
731
731
731
731
732
733
733
733
734
736
736
736
736
736
736
736
737
738
738
738
738
738
738
739
741
741
741
741
741
742
743
743
743
744
746
746
746
746
746
746
746
747
748
748
748
748
748
748
749
751
751
751
751
751
752
753
753
753
754
756
756
756
756
756
756
756
757
758
758
758
758
758
758
759
761
761
761
761
761
762
763
763
763
764
766
766
766
766
766
766
766
767
768
768
768
768
768
768
769
771
771
771
771
771
772
773
773
773
774
776
776
776
776
776
776
776
777
778
778
778
778
778
778
779
781
781
781
781
781
782
783
783
783
784
786
786
786
786
786
786
786
787
788
788
788
788
788
788
789
791
791
791
791
791
792
793
793
793
794
796
796
796
796
796
796
796
797
798
798
798
798
798
798
799
801
801
801
801
801
802
803
803
803
804
806
806
806
806
806
806
806
807
808
808
808
808
808
808
809
811
811
811
811
811
812
813
813
813
814
816
816
816
816
816
816
816
817
818
818
818
818
818
818
819
821
821
821
821
821
822
823
823
823
824
826
826
826
826
826
826
826
827
828
828
828
828
828
828
829
831
831
831
831
831
832
833
833
833
834
836
836
836
836
836
836
836
837
838
838
838
838
838
838
839
841
841
841
841
841
842
843
843
843
844
846
846
846
846
846
846
846
847
848
848
848
848
848
848
849
851
851
851
851
851
852
853
853
853
854
856
856
856
856
856
856
856
857
858
858
858
858
858
858
859
861
861
861
861
861
862
863
863
863
864
866
866
866
866
866
866
866
867
868
868
868
868
868
868
869
871
871
871
871
871
872
873
873
873
874
876
876
876
876
876
876
876
877
878
878
878
878
878
878
879
881
881
881
881
881
881
881
881
881
881
882
883
883
883
883
883
883
883
883
883
885
885
885
885
885
885
885
885
885
886
888
888
888
888
888
888
888
889
890
890
890
890
890
892
892
892
892
892
892
892
892
892
894
894
894
894
894
894
894
894
894
895
896
896
896
896
896
896
896
896
896
897
899
899
899
900
902
902
902
902
902
902
902
902
903
904
904
904
904
904
904
904
904
904
904
904
904
904
906
906
906
906
906
906
906
906
906
906
906
907
908
908
908
908
908
908
908
908
908
910
910
910
910
910
910
910
910
910
911
912
912
912
912
912
912
912
912
912
912
912
912
912
912
913
914
914
914
914
914
914
914
914
914
914
914
914
914
914
914
914
916
916
916
916
916
916
916
917
918
919
921
921
921
922
924
924
924
924
924
925
926
926
926
927
929
929
929
929
929
929
929
930
931
931
931
931
931
931
932
934
934
934
934
934
935
936
936
936
937
939
939
939
939
939
939
939
940
941
941
941
941
941
941
942
944
944
944
944
944
945
946
946
946
947
949
949
949
949
949
949
949
950
951
951
951
951
951
951
952
953
953
