6
6
6
6
6
6
6
6
6
8
8
8
8
8
8
8
9
9
9
9
9
9
9
11
11
11
11
11
11
11
11
11
11
11
12
12
12
12
12
12
12
12
12
12
12
13
13
13
13
13
13
13
13
13
13
13
15
15
15
15
15
16
17
17
17
17
17
17
17
17
17
17
19
19
19
19
19
19
19
19
19
20
21
21
21
21
21
21
21
22
22
22
22
22
22
22
22
22
23
25
25
26
26
26
26
26
26
26
27
28
28
28
28
28
28
28
28
29
30
30
30
30
30
30
30
30
32
32
32
32
32
32
32
32
32
32
32
32
32
32
32
34
34
34
34
34
34
34
34
34
34
34
34
34
34
34
34
34
34
35
36
36
36
36
36
36
36
36
36
36
36
36
36
36
36
36
36
38
38
38
38
38
40
40
40
40
40
40
40
40
40
41
42
42
42
42
42
42
42
42
42
43
45
45
45
45
45
45
45
45
45
45
45
46
47
48
50
50
51
51
51
51
51
52
53
53
53
53
53
53
53
53
53
53
53
53
53
53
53
53
53
53
54
55
55
55
55
55
55
55
55
55
55
55
55
55
55
55
55
55
55
55
55
55
55
55
55
55
56
57
58
58
