17
17
17
17
17
17
17
17
17
19
19
19
19
19
19
19
20
20
20
20
20
20
20
22
22
22
22
22
22
22
22
22
23
23
23
23
23
23
23
23
23
24
24
24
24
24
24
24
24
24
25
25
25
25
25
25
25
25
25
26
26
26
26
26
26
26
26
26
31
31
31
32
33
33
34
34
34
34
34
34
34
34
34
34
34
35
37
37
37
37
37
37
37
37
39
39
39
39
39
39
39
39
39
39
39
39
39
39
39
39
39
39
39
39
39
39
39
39
39
41
41
41
41
41
41
42
43
43
43
43
44
44
44
44
46
46
46
46
46
47
47
48
48
48
48
48
49
50
50
50
50
50
50
50
50
50
50
51
52
54
54
54
54
54
54
55
56
56
56
56
57
57
57
57
58
58
58
58
59
59
59
59
60
60
60
60
61
61
61
61
63
63
63
63
63
64
64
64
64
65
67
67
67
67
67
67
67
68
68
68
68
68
69
71
71
71
71
71
72
72
73
73
73
73
73
74
75
75
75
75
75
75
75
75
75
75
75
75
75
75
75
75
75
75
76
78
78
78
78
78
78
78
78
78
78
78
78
78
78
78
78
78
78
78
78
78
79
80
80
80
80
80
80
80
80
80
81
81
81
81
81
81
81
81
81
82
82
82
82
82
82
82
82
82
83
83
83
83
83
83
84
84
84
84
84
84
84
84
84
85
85
85
85
85
85
86
86
86
87
90
90
90
90
90
90
90
90
91
91
91
91
91
91
91
91
92
92
92
92
92
92
92
92
93
93
93
93
93
93
93
93
94
94
94
94
94
94
94
94
97
97
97
97
97
97
97
97
98
98
98
98
98
98
98
98
99
99
99
99
99
99
99
99
101
101
101
101
101
101
101
101
102
102
102
102
102
102
102
102
103
103
103
103
103
103
103
103
106
106
106
106
106
106
106
106
107
107
107
107
107
107
107
107
110
110
110
110
110
110
110
110
110
110
110
111
111
111
111
111
111
111
111
111
111
111
112
112
112
112
112
112
112
112
112
112
112
113
113
113
113
113
113
113
113
113
113
113
114
114
114
114
114
114
114
114
114
114
114
115
115
115
115
115
115
115
115
115
115
115
116
116
116
116
116
116
116
116
116
116
116
117
117
117
117
117
117
117
117
117
117
117
118
118
118
118
118
118
118
118
118
118
118
119
119
119
119
119
119
119
119
119
119
119
121
121
121
121
121
121
121
121
121
121
121
124
124
124
124
124
124
124
124
125
125
125
125
125
125
125
125
126
126
126
126
126
126
126
126
128
129
130
