20
20
20
20
20
20
20
20
20
22
22
22
22
22
22
22
23
23
23
23
23
23
23
25
25
25
25
25
25
25
25
25
26
26
26
26
26
26
26
26
26
26
26
27
27
27
27
27
27
27
27
27
27
27
33
33
33
33
33
34
34
34
35
36
36
36
36
36
37
37
37
37
37
38
38
38
38
38
40
40
40
40
40
41
41
41
41
41
42
42
42
42
42
43
43
43
43
43
44
44
44
44
44
46
46
46
46
46
47
47
47
47
47
48
48
48
48
48
49
49
49
49
49
51
51
51
51
51
52
52
52
52
52
54
54
54
54
54
56
56
56
56
56
57
57
57
57
57
59
59
59
59
59
61
61
61
61
61
61
61
61
61
61
61
61
61
61
61
61
61
61
61
61
61
61
61
63
63
63
63
64
65
65
65
65
66
67
69
69
69
69
69
69
70
71
71
71
71
71
72
74
74
75
75
75
75
75
75
75
75
75
75
76
77
77
77
77
77
77
77
77
77
77
77
77
78
78
78
78
78
78
78
78
78
78
79
79
79
80
81
81
81
82
83
85
85
85
85
85
86
87
87
87
87
87
87
87
87
89
89
89
89
90
91
91
91
91
91
92
94
94
94
94
94
94
95
96
96
96
96
96
96
96
96
96
97
98
100
100
100
100
100
101
102
102
102
102
102
102
102
102
104
104
104
104
105
106
106
106
106
106
107
109
109
109
109
109
109
110
111
111
111
111
111
111
111
111
111
112
113
115
115
115
115
115
116
117
117
117
117
118
119
119
119
119
119
120
122
122
122
122
122
122
123
124
124
124
124
124
124
124
124
124
124
124
125
127
127
127
127
127
128
129
129
129
129
129
129
129
129
129
129
130
131
133
133
133
133
133
134
135
135
135
135
136
137
137
137
137
137
137
137
137
137
138
140
140
140
140
140
140
141
142
142
142
142
142
142
142
143
143
143
143
143
144
146
146
146
146
146
146
146
147
148
148
148
148
148
148
148
148
148
149
149
149
149
149
149
149
149
149
149
149
149
149
149
149
150
151
151
152
152
152
152
152
152
152
152
152
152
152
152
152
152
152
153
154
156
156
156
156
156
157
158
158
158
158
158
158
158
158
158
158
158
158
158
158
158
158
158
158
158
158
158
158
158
158
158
158
158
158
158
159
160
162
162
162
162
163
164
164
164
164
165
165
165
165
166
166
166
166
168
168
169
169
169
169
169
170
170
170
170
170
171
172
172
172
172
172
172
172
172
172
172
172
172
172
172
172
172
172
172
173
174
176
176
176
176
177
178
178
178
178
179
179
179
179
180
180
180
180
181
181
181
181
182
182
182
182
183
183
183
183
184
184
184
184
185
185
185
185
186
186
186
186
187
187
187
187
188
188
188
188
189
189
189
189
190
190
190
190
191
191
191
191
192
192
192
192
193
193
193
193
194
194
194
194
195
195
195
195
197
197
198
198
198
198
198
199
199
199
199
199
200
201
201
201
201
201
201
201
201
201
201
201
201
201
201
201
201
201
201
201
201
201
201
201
201
201
201
201
201
201
201
202
202
202
202
202
202
202
202
202
202
202
202
202
202
202
202
202
202
203
205
205
205
205
206
207
207
207
207
207
207
207
207
207
207
208
209
211
211
211
211
212
213
213
213
213
214
214
214
214
215
215
215
215
216
216
216
216
218
218
219
219
219
219
219
220
220
220
220
220
221
222
222
222
222
222
222
222
222
222
222
222
222
222
222
222
222
222
222
222
222
223
224
225
226
