17
17
17
17
17
17
17
17
17
19
19
19
19
19
19
19
20
20
20
20
20
20
20
21
21
21
21
21
21
21
22
22
22
22
22
22
22
22
22
23
23
23
23
23
23
23
23
23
25
25
25
25
25
25
25
25
25
26
26
26
26
26
26
26
26
26
26
26
27
27
27
27
27
27
27
27
27
28
28
28
28
28
28
28
28
28
28
28
29
29
29
29
29
29
29
29
29
29
29
31
31
31
31
31
31
31
31
31
31
31
31
31
31
32
32
32
32
32
32
32
32
32
32
32
32
32
32
33
33
33
33
33
33
33
33
33
33
33
33
33
33
34
34
34
34
34
34
34
34
34
34
34
34
34
34
39
39
39
39
39
39
39
40
41
41
41
41
41
41
41
41
42
42
42
42
42
42
42
42
42
44
44
44
44
45
45
45
45
46
46
46
46
46
46
46
47
47
47
47
49
50
51
51
51
51
51
51
51
51
51
51
52
52
52
52
52
52
52
52
52
52
52
52
52
52
52
53
53
53
53
53
53
53
53
54
54
54
54
54
54
54
55
56
58
58
58
59
60
60
60
60
60
61
63
63
63
63
63
64
65
65
65
65
65
65
67
67
67
67
67
67
69
69
69
69
69
70
70
70
70
71
73
73
73
73
73
73
74
75
75
75
75
75
77
77
77
77
77
77
77
77
77
78
78
78
78
78
78
78
79
79
79
79
79
79
79
79
79
79
79
79
79
80
82
82
82
82
82
82
82
84
84
84
84
84
84
84
84
84
85
91
91
92
92
92
92
92
92
92
93
94
94
94
94
94
95
95
96
98
98
98
98
98
98
98
99
99
99
99
99
99
99
100
100
100
100
100
100
100
101
101
102
102
102
102
102
102
102
102
102
102
102
102
103
103
103
103
103
103
103
103
103
103
103
103
104
104
104
104
104
104
104
104
104
104
104
104
106
106
106
106
106
106
106
106
106
106
106
106
106
107
107
107
107
107
107
107
107
107
108
108
108
108
108
108
108
108
108
109
109
109
109
109
109
109
109
109
111
111
112
112
112
112
112
112
112
112
112
113
113
113
113
113
113
113
113
113
114
114
114
114
114
114
114
115
115
115
115
115
115
115
115
115
115
115
115
115
115
115
115
115
115
115
115
115
115
116
116
116
116
116
116
116
116
117
117
117
117
117
117
117
117
118
118
118
118
118
118
118
119
119
119
119
119
119
119
119
119
120
121
121
121
121
121
121
121
123
123
123
123
123
123
123
123
124
124
124
124
124
124
124
124
124
125
125
125
125
125
125
125
126
126
126
126
126
126
126
126
126
126
126
126
126
126
126
126
126
126
126
126
126
127
127
127
127
127
127
127
127
128
128
128
128
128
128
128
128
129
129
129
129
129
129
129
130
130
130
130
130
130
130
130
130
131
132
132
132
132
132
132
132
133
134
134
134
134
134
134
135
135
135
135
135
135
135
136
137
138
138
139
139
139
139
139
139
139
139
139
140
140
140
140
140
140
140
140
140
140
141
142
142
142
142
142
142
142
142
142
143
143
143
143
143
143
143
143
143
143
144
145
145
145
145
145
145
145
145
145
146
146
146
146
146
146
146
146
146
146
147
148
149
151
151
152
152
152
152
152
152
152
153
154
154
154
154
154
155
155
156
158
158
159
159
159
159
159
159
159
159
159
159
159
159
159
160
160
160
160
160
160
160
160
161
161
162
163
163
163
163
163
163
163
163
163
164
164
164
164
164
164
164
164
164
164
164
164
164
164
164
164
164
164
164
164
164
165
165
165
165
165
165
165
166
166
166
166
166
166
166
166
166
166
166
166
166
166
166
166
166
166
166
166
166
166
167
167
167
167
167
167
167
167
168
168
168
168
168
168
168
168
168
168
168
168
168
168
168
168
168
168
168
169
169
169
169
169
169
169
169
169
169
169
169
169
169
169
169
169
169
169
169
169
170
172
172
172
172
172
172
172
173
173
173
173
173
173
173
173
174
174
174
174
174
174
174
175
176
177
177
177
177
177
177
178
178
178
178
178
178
178
179
180
180
181
181
181
181
181
181
181
181
181
181
182
183
185
185
186
186
186
186
186
187
188
188
188
188
188
188
190
190
190
190
190
190
190
193
193
193
193
194
195
197
197
198
198
198
198
198
198
198
199
200
200
201
201
201
201
201
201
201
201
201
201
201
201
201
202
202
202
202
202
202
202
202
203
203
203
203
203
203
203
204
204
204
204
204
204
204
204
204
204
204
204
204
204
204
205
206
206
206
207
207
207
207
207
207
207
207
207
207
208
209
211
211
212
212
212
212
212
213
214
214
214
214
214
214
214
215
215
215
215
215
215
215
216
216
216
216
216
216
216
217
217
217
217
217
218
218
219
219
219
219
219
219
219
219
219
219
219
219
219
219
219
219
219
219
219
219
220
220
220
220
220
220
220
220
221
221
221
221
221
221
221
222
224
224
224
224
224
224
224
225
225
225
226
228
228
228
228
228
229
229
229
229
229
229
229
229
229
230
230
230
230
230
230
230
230
230
232
232
232
232
232
232
232
232
232
233
233
233
233
233
233
233
234
234
234
235
237
237
237
237
237
237
237
237
237
237
237
237
238
238
238
238
238
238
238
238
238
238
238
238
239
239
239
239
239
239
239
239
239
239
239
239
241
241
241
241
241
241
241
241
241
241
241
241
241
242
242
242
242
242
242
242
243
243
243
243
243
243
243
243
243
243
243
244
245
245
245
245
245
245
245
245
246
246
246
246
246
246
246
246
246
246
246
247
248
249
249
249
249
249
249
249
249
249
249
249
249
249
249
250
250
250
250
250
250
250
250
251
251
251
251
251
251
251
251
251
251
251
251
251
251
252
252
252
252
252
252
252
252
252
252
252
252
252
252
252
252
252
252
252
252
252
253
253
253
253
253
253
253
253
253
253
253
253
253
253
253
253
253
253
253
254
255
256
258
258
258
258
258
258
258
258
258
258
258
258
258
258
258
258
258
258
258
258
258
258
258
258
258
258
258
258
258
258
258
258
258
259
259
259
259
259
259
259
259
259
259
259
259
259
259
259
260
260
260
260
260
260
260
261
261
261
261
261
261
261
261
261
261
262
263
263
263
263
263
263
263
263
264
264
264
264
264
264
264
264
264
264
265
266
266
266
266
266
266
266
266
267
267
267
267
267
267
267
268
269
271
271
271
271
271
271
271
271
271
272
272
272
272
272
272
272
272
272
272
272
273
275
275
275
276
277
277
278
278
278
278
278
278
278
279
279
279
279
279
279
279
279
279
280
280
280
280
280
280
280
280
280
280
281
282
282
282
282
282
282
282
282
282
283
283
283
283
283
283
283
283
283
283
284
285
285
285
285
285
285
285
285
285
286
286
286
286
286
286
286
286
286
286
287
288
289
289
289
289
290
291
298
298
299
299
299
299
299
300
301
301
301
301
301
301
301
302
308
308
308
308
308
308
308
308
308
308
308
308
308
308
308
308
309
310
310
310
310
310
310
310
310
310
310
310
311
311
311
311
311
311
311
312
312
312
312
312
312
312
313
313
313
313
313
313
313
319
319
319
319
319
319
319
319
319
319
319
320
320
320
320
320
320
320
321
321
322
324
324
324
324
324
324
324
324
325
325
325
325
325
325
325
325
325
325
325
325
325
325
325
325
325
325
325
325
327
327
327
327
327
327
327
328
328
328
328
328
328
328
329
330
330
330
330
330
330
330
330
331
331
331
331
331
331
331
331
331
331
331
331
331
331
331
331
331
331
331
331
331
331
331
331
331
332
333
333
334
334
334
334
334
334
334
334
334
334
334
335
336
338
338
338
338
338
339
340
340
340
340
340
340
340
340
340
341
341
342
344
344
344
344
344
344
344
344
345
345
345
345
345
345
345
345
345
345
345
345
346
346
346
346
346
346
346
346
346
347
347
347
347
347
347
347
347
347
348
348
348
348
348
348
348
348
348
348
348
348
348
348
348
348
348
348
348
348
349
349
349
349
349
349
349
350
350
351
353
353
353
353
353
353
354
354
354
354
354
354
354
355
355
355
355
355
355
355
355
355
355
355
355
355
355
355
355
355
355
355
355
355
355
355
355
355
356
356
357
359
359
359
359
359
359
359
359
359
359
359
360
361
363
363
363
363
363
363
363
363
363
363
363
364
365
365
365
365
365
365
365
365
366
366
366
366
366
366
366
367
367
367
367
367
367
367
368
368
368
368
368
368
368
368
368
369
370
370
371
371
371
371
371
371
371
372
373
374
374
374
374
374
374
374
374
374
375
375
375
375
375
375
375
375
375
375
376
377
377
378
378
378
378
378
378
378
378
378
379
380
400
400
400
400
400
401
402
402
402
402
402
403
403
403
403
403
403
403
403
403
403
403
404
404
404
404
404
405
405
405
405
406
406
406
406
406
406
406
406
406
406
406
406
406
406
406
406
406
407
407
408
410
410
410
410
410
410
410
411
411
412
412
412
412
412
412
412
413
414
414
414
414
414
414
415
415
415
415
415
415
415
415
415
415
416
416
417
418
420
420
420
420
420
420
420
420
420
420
421
422
423
424
