17
17
17
17
17
17
17
17
17
19
19
19
19
19
19
19
19
19
20
20
20
20
20
20
20
20
20
21
21
21
21
21
21
21
21
21
22
22
22
22
22
22
22
22
22
23
23
23
23
23
23
23
23
23
24
24
24
24
24
24
24
24
24
24
24
24
24
25
25
25
25
25
25
25
25
25
25
25
25
25
27
27
27
27
27
27
27
28
28
28
28
28
28
28
28
28
29
29
29
29
29
29
29
30
30
30
30
30
30
30
30
30
31
31
31
31
31
31
31
31
31
32
32
32
32
32
32
32
32
32
33
33
33
33
33
33
33
33
33
34
34
34
34
34
34
34
34
34
34
34
35
35
35
35
35
35
35
35
35
35
35
37
37
37
37
37
37
37
37
37
37
37
37
37
37
42
42
42
42
42
42
43
44
44
44
44
44
44
46
46
46
46
46
46
46
46
47
47
47
47
47
47
47
47
49
49
49
49
49
49
49
49
50
50
50
50
50
52
52
52
52
52
52
53
53
53
53
53
53
55
55
55
55
55
56
56
56
56
56
58
58
58
58
58
59
59
59
59
60
60
60
60
62
62
62
63
63
63
63
63
64
64
64
64
66
66
66
66
66
67
67
67
67
67
68
68
68
68
68
70
70
70
70
71
71
71
71
72
72
72
72
74
74
74
74
74
74
74
75
75
75
75
75
77
77
77
77
77
78
78
78
78
78
79
79
79
79
79
81
81
81
81
83
83
84
84
84
84
84
84
84
84
84
84
84
84
84
84
84
84
85
85
85
85
85
85
85
85
87
87
87
87
87
87
87
87
87
87
87
87
87
87
87
87
89
89
89
89
89
89
89
89
90
90
90
90
90
90
90
90
90
90
90
90
90
90
90
91
91
91
91
91
91
91
91
91
91
92
94
94
94
94
94
94
94
94
94
94
94
94
94
94
94
94
94
95
95
95
95
95
95
95
95
95
95
95
95
95
95
95
95
96
96
97
97
97
97
97
98
99
99
99
99
99
99
99
99
99
99
99
99
99
99
99
99
99
100
100
100
100
100
100
100
100
100
100
101
101
101
101
101
101
101
101
101
102
103
104
105
105
105
105
106
107
109
109
109
109
109
110
111
111
111
111
111
111
113
113
113
113
113
113
113
113
113
114
114
114
114
114
114
114
114
114
115
115
115
115
115
115
115
115
115
115
116
116
116
116
116
116
117
117
117
117
117
117
118
118
118
118
118
118
119
119
119
119
119
119
119
119
119
120
120
120
120
120
120
120
120
120
120
120
121
128
128
129
129
129
129
129
129
129
129
129
129
129
129
130
131
131
131
131
131
131
131
132
132
132
132
132
132
133
134
134
134
134
134
134
134
134
134
134
134
134
134
134
135
135
135
135
135
136
138
138
138
138
138
138
138
139
142
142
143
143
143
143
143
144
145
145
145
145
145
145
145
145
145
145
145
145
145
145
145
145
145
145
145
145
145
145
145
145
145
146
146
146
146
146
146
146
147
147
147
147
147
147
147
148
149
152
152
153
153
153
153
153
153
153
153
154
155
155
155
155
155
155
155
155
155
155
155
155
155
155
155
155
155
155
155
155
155
155
155
155
155
156
156
156
156
156
156
156
157
157
157
157
157
157
158
158
158
158
158
158
158
159
160
161
161
162
162
162
162
162
162
162
163
164
167
167
168
168
168
168
168
168
168
169
170
170
170
170
170
171
171
171
171
172
172
172
173
173
173
173
173
173
173
173
173
173
173
173
174
174
174
174
174
174
174
175
175
175
175
175
175
176
176
176
176
176
176
176
177
178
178
178
179
179
179
179
179
179
179
180
181
182
185
185
186
186
186
186
186
187
188
188
188
188
188
188
188
188
189
192
192
193
193
193
193
193
193
193
194
195
195
195
195
195
195
195
195
195
195
195
195
195
196
198
198
198
198
198
198
202
202
202
202
202
202
202
202
202
202
202
202
203
206
206
207
207
207
207
207
208
209
209
209
210
213
213
214
214
214
214
214
214
214
215
216
216
216
216
216
216
217
223
223
223
223
223
223
223
223
223
223
223
223
223
223
223
223
223
224
225
225
225
225
227
227
228
228
228
228
228
228
228
228
228
230
230
230
230
232
232
232
232
234
234
234
234
234
234
234
234
234
235
236
236
236
236
236
236
237
237
237
237
237
237
238
238
238
238
238
238
238
239
240
240
241
241
241
241
241
241
241
242
242
242
242
242
242
242
243
243
243
243
243
243
243
244
246
246
246
247
249
249
249
249
249
249
249
249
249
249
249
249
249
249
249
249
249
250
251
251
251
251
253
253
254
254
254
254
254
254
254
254
254
256
256
256
256
256
256
256
256
258
258
258
258
260
260
260
260
260
260
260
260
260
261
262
262
262
262
262
262
263
263
263
263
263
263
264
264
264
264
264
264
264
265
265
266
267
267
268
268
268
268
268
268
268
269
269
269
269
269
269
269
270
270
270
270
270
270
270
271
275
275
275
275
275
275
276
278
278
278
278
278
278
278
278
278
278
278
278
278
278
278
278
278
278
279
280
280
280
280
282
282
282
282
282
282
282
282
282
282
283
283
283
283
283
283
283
283
283
283
283
283
283
284
284
284
284
284
284
284
284
284
284
284
284
284
284
284
286
286
286
286
286
286
286
286
287
287
287
287
287
287
288
288
288
288
288
288
288
288
288
288
288
288
288
288
289
289
289
289
289
289
290
290
290
290
290
290
291
291
291
291
291
291
292
292
292
292
292
292
292
292
294
294
294
294
294
294
294
296
296
296
296
296
296
296
296
296
296
296
296
296
296
296
296
296
296
296
297
297
297
297
297
297
297
297
297
297
297
297
297
297
297
297
297
297
297
297
297
297
297
297
297
297
297
297
298
298
298
298
298
298
298
298
298
298
298
298
298
298
298
298
298
298
298
298
299
299
299
299
299
299
299
299
299
299
299
299
300
300
300
300
300
300
300
300
300
301
301
301
301
301
301
301
301
301
302
304
304
304
304
305
307
307
307
307
308
309
309
309
309
309
310
312
312
312
312
313
314
314
314
315
317
317
317
317
318
319
319
319
320
322
322
322
322
323
324
324
324
325
327
327
327
327
327
327
328
329
329
329
329
329
330
330
331
333
333
334
334
334
334
334
334
334
335
335
335
335
336
336
336
336
336
336
336
336
337
337
337
337
337
337
337
337
337
337
337
338
338
339
340
340
340
340
340
340
340
340
341
341
342
344
344
344
344
344
344
344
344
345
345
345
345
345
345
345
345
345
345
345
345
345
346
346
346
346
346
346
346
347
347
347
347
347
347
347
347
347
348
348
348
348
348
348
349
350
350
350
350
350
350
352
352
352
352
352
352
353
354
354
354
354
354
354
354
354
354
354
354
354
358
358
358
358
358
358
358
359
360
362
362
362
362
362
362
363
364
364
364
364
364
365
365
366
368
368
369
369
369
369
369
369
369
370
370
370
370
371
371
371
371
371
371
371
371
372
372
372
372
372
372
372
372
372
372
372
373
373
374
375
375
375
375
375
375
375
375
376
376
377
379
379
379
379
379
379
379
379
380
380
380
380
380
380
380
380
380
380
380
380
380
381
381
381
381
381
381
381
382
382
382
382
382
382
382
382
382
383
383
383
383
383
383
384
385
385
385
385
385
385
387
387
387
387
387
387
388
389
389
389
389
389
389
389
389
389
389
389
389
393
393
393
393
393
393
393
394
395
397
397
397
397
397
397
398
399
399
399
399
399
399
399
399
399
400
400
400
401
403
403
403
403
403
403
403
403
403
403
403
403
403
403
403
403
403
404
404
404
404
404
404
404
404
404
404
404
405
405
405
405
405
405
405
405
405
405
405
405
405
405
405
405
405
405
405
405
405
405
405
405
405
405
405
407
407
407
407
408
408
408
409
411
411
411
411
413
413
413
413
413
413
413
413
413
413
414
414
414
414
414
414
414
414
416
416
416
416
416
416
416
416
416
417
417
417
417
417
417
417
418
418
418
418
418
419
419
419
419
419
419
419
420
420
420
420
420
420
421
421
421
422
422
422
422
422
422
422
422
422
422
422
422
422
423
423
423
423
423
423
423
423
423
424
424
424
424
424
424
424
425
425
425
425
425
425
425
425
425
426
426
426
426
426
426
426
426
426
426
426
426
426
427
428
428
429
429
429
429
429
429
429
429
429
430
430
430
430
430
430
431
433
433
433
433
433
433
433
433
435
435
435
435
435
435
435
435
435
435
435
436
436
436
437
438
440
440
440
440
440
440
440
440
440
440
440
440
442
442
443
443
443
443
443
443
443
443
444
444
444
444
444
444
445
445
445
445
445
445
445
445
445
445
445
445
447
447
447
448
449
449
449
449
449
449
451
451
451
451
451
451
452
452
452
453
454
456
456
456
457
459
459
459
459
459
459
460
461
461
461
461
461
461
461
461
461
461
461
462
462
463
465
465
466
466
466
466
467
467
467
467
467
467
467
468
468
468
468
468
468
468
468
468
468
468
468
468
468
468
468
469
469
469
469
469
469
469
469
470
470
470
470
470
470
470
470
470
470
470
471
472
472
472
472
472
472
472
472
472
472
472
472
472
472
472
472
473
473
473
473
473
473
473
473
474
474
474
474
474
474
474
474
474
474
474
475
476
476
476
476
476
476
476
476
476
476
476
477
477
477
477
477
477
477
478
479
480
480
480
480
480
480
482
482
482
482
482
482
483
484
484
485
485
485
485
485
485
487
487
487
487
487
487
487
488
488
488
488
488
488
489
489
489
489
489
489
489
489
489
490
493
493
493
493
493
493
494
496
496
496
496
496
496
496
497
497
497
497
497
497
497
497
497
498
498
498
498
498
498
499
500
500
500
500
500
500
500
501
501
501
501
501
501
501
501
501
502
502
502
502
502
502
503
505
505
505
505
505
505
505
506
506
506
506
506
506
506
506
506
507
507
507
507
507
507
507
507
507
508
510
510
510
510
511
511
511
511
512
512
512
512
513
513
513
513
514
515
517
517
517
517
518
519
519
519
519
519
519
519
519
519
520
522
522
522
522
523
524
524
524
524
524
524
524
524
524
524
525
525
525
525
525
525
525
525
525
526
527
527
527
527
528
530
530
530
530
530
531
532
532
533
533
533
533
533
533
533
534
535
535
535
535
535
535
537
538
540
540
540
540
540
541
542
542
543
543
543
543
543
543
543
544
545
545
545
545
545
545
547
547
547
547
547
547
548
549
551
551
551
551
551
552
553
553
553
553
553
553
553
553
554
554
554
554
554
554
554
554
554
554
554
554
554
554
555
555
555
555
555
555
556
556
556
556
556
556
559
559
559
559
559
559
559
559
559
560
560
560
560
560
560
560
560
560
560
560
561
561
561
561
561
561
561
561
561
561
561
561
561
561
561
561
561
561
561
561
562
562
562
562
562
563
563
563
563
563
565
565
565
565
565
565
565
565
565
565
565
565
565
565
565
565
565
565
565
565
565
565
565
566
566
566
566
566
566
566
566
566
566
566
567
567
567
567
567
568
568
568
568
568
568
568
568
568
568
569
569
569
569
569
569
569
569
569
569
569
569
572
572
572
572
572
572
572
572
573
573
573
573
573
573
573
573
573
573
574
574
574
574
574
574
574
574
574
574
574
574
574
574
574
574
574
574
574
574
575
575
575
575
575
576
576
576
576
576
578
578
578
578
578
578
578
578
578
578
578
578
578
578
578
578
578
578
578
578
578
578
578
579
579
579
579
579
579
579
579
579
579
579
580
580
580
580
580
581
581
581
581
581
581
581
581
581
581
582
582
582
582
582
582
582
582
582
582
582
582
585
585
585
585
585
585
585
585
586
586
586
586
586
586
586
586
586
586
587
587
587
587
587
587
587
587
587
587
587
587
587
587
587
587
587
587
587
587
588
588
588
588
588
589
589
589
589
589
591
591
591
591
591
591
591
591
591
591
591
591
591
591
591
591
591
591
591
591
591
591
591
592
592
592
592
592
592
592
592
592
592
592
593
593
593
593
593
594
594
594
594
594
594
594
594
594
594
595
595
595
595
595
595
595
595
595
595
595
595
596
598
598
598
598
598
599
600
600
600
600
600
600
600
600
600
600
602
602
602
602
603
603
603
603
604
604
604
604
605
605
605
605
607
607
607
607
607
607
607
607
607
607
607
608
608
608
608
608
608
608
608
608
608
608
609
609
609
609
609
609
609
609
609
609
609
613
613
613
613
613
613
613
613
613
614
616
616
616
616
616
617
618
618
618
618
618
619
619
619
619
619
620
620
620
620
621
621
621
621
621
621
621
621
621
621
621
621
622
624
624
624
624
624
624
624
625
625
625
625
625
625
625
627
627
627
627
627
627
627
627
627
628
628
628
628
628
628
628
628
628
630
630
630
630
630
630
630
630
630
630
630
630
630
631
631
631
631
631
631
631
632
632
632
632
632
632
634
634
635
635
635
635
635
635
636
637
637
637
637
637
637
638
638
638
638
638
638
638
639
640
641
643
643
643
643
643
643
643
643
643
643
643
643
644
645
645
645
645
645
645
645
645
646
646
646
646
646
647
647
647
647
647
647
647
647
648
648
648
648
648
649
649
649
649
650
650
650
652
652
652
652
652
652
652
653
658
658
658
658
658
658
658
658
658
659
660
660
660
660
660
660
660
660
660
660
660
660
661
663
663
663
663
663
663
663
663
663
663
663
664
665
665
665
665
665
665
665
665
665
665
665
665
665
665
665
665
665
665
669
669
669
669
669
671
671
671
671
671
671
671
671
672
672
672
672
672
672
672
672
672
672
673
673
673
673
673
673
673
673
674
674
674
674
674
674
674
674
674
674
674
674
675
675
675
675
675
675
675
675
675
675
675
675
675
675
675
675
675
675
675
675
675
675
675
675
675
675
675
675
679
679
679
679
679
679
679
679
679
679
680
680
680
680
681
682
683
687
687
687
687
687
688
688
688
688
688
688
688
688
688
688
689
689
689
689
689
689
689
690
690
690
690
690
690
690
690
690
691
692
694
694
694
694
694
694
694
694
694
694
695
697
697
697
697
697
697
697
697
697
697
697
697
698
700
700
700
700
700
700
700
700
700
700
700
700
700
700
700
700
700
700
700
700
700
700
700
700
700
700
700
700
700
700
700
700
700
701
701
701
701
701
701
701
701
701
701
701
701
703
703
703
703
703
703
703
703
703
703
703
703
703
703
703
704
704
704
704
704
704
704
704
704
704
704
704
704
704
704
705
705
705
705
705
705
705
705
705
705
705
705
705
705
705
705
705
705
705
705
705
705
705
705
705
705
705
705
705
705
706
709
709
709
709
709
709
709
709
709
709
709
709
710
710
710
710
710
710
710
711
713
713
713
713
713
713
713
714
715
715
715
715
715
715
715
715
715
715
715
715
715
715
715
715
716
716
716
716
716
716
716
716
716
716
716
716
716
717
718
720
720
720
720
720
720
720
721
722
722
722
723
723
723
723
723
723
723
723
723
723
723
723
723
723
723
723
723
723
723
723
723
723
723
724
724
724
724
724
724
724
724
724
725
726
728
728
728
728
728
728
728
728
728
728
729
730
730
731
731
731
731
731
731
731
731
731
731
732
733
733
733
733
733
733
733
733
733
734
734
734
734
734
734
734
734
734
735
735
735
735
735
735
735
735
735
735
735
735
735
735
735
735
735
735
735
735
735
735
736
736
736
736
736
736
736
736
736
736
737
737
737
737
737
737
737
737
737
737
738
738
738
738
738
738
738
739
739
739
739
739
739
739
739
739
740
740
740
740
740
740
740
740
740
741
741
741
741
741
741
741
742
742
742
742
742
743
744
745
747
747
747
747
747
748
749
751
751
751
751
751
751
751
751
751
751
751
751
751
751
751
751
751
752
753
753
753
753
753
753
753
753
753
755
755
756
756
756
756
756
756
756
756
756
756
756
756
756
756
756
756
756
756
756
756
756
756
756
756
757
758
758
758
758
758
758
758
758
758
758
758
758
758
758
758
758
758
758
759
760
762
762
762
762
763
764
764
764
764
765
765
765
765
766
766
766
766
767
767
767
768
768
768
770
770
770
770
770
770
770
770
771
772
772
772
772
772
772
773
773
773
773
773
773
774
774
774
774
774
774
774
774
774
775
776
777
778
