18
18
18
18
18
18
18
18
18
18
18
20
20
20
20
20
20
20
21
21
21
21
21
21
21
22
22
22
22
22
22
22
23
23
23
23
23
23
23
24
24
24
24
24
24
24
25
25
25
25
25
25
25
26
26
26
26
26
26
26
27
27
27
27
27
27
27
28
28
28
28
28
28
28
29
29
29
29
29
29
29
30
30
30
30
30
30
30
31
31
31
31
31
31
31
33
33
33
33
33
33
33
33
33
33
33
34
34
34
34
34
34
34
34
34
34
34
35
35
35
35
35
35
35
35
35
35
35
36
36
36
36
36
36
36
36
36
36
36
36
36
37
37
37
37
37
37
37
37
37
37
37
37
37
69
69
69
69
69
69
71
71
71
71
71
71
71
71
73
73
73
73
73
73
73
73
79
79
79
79
79
79
79
79
85
85
85
85
85
85
85
85
91
91
91
91
91
91
91
91
97
97
97
97
97
97
97
97
103
103
103
103
103
103
103
103
109
109
109
109
109
109
109
109
115
115
115
115
115
115
115
115
121
121
121
121
121
121
121
121
127
127
127
127
127
127
127
127
133
133
133
133
133
133
133
133
139
139
139
139
139
139
139
139
145
145
145
145
145
145
145
145
151
151
151
151
151
151
151
151
160
160
160
160
160
160
160
160
163
163
163
163
163
163
163
163
165
165
165
165
165
165
165
165
166
166
166
166
167
167
167
167
167
167
167
168
168
168
168
169
169
169
169
170
170
170
170
175
175
175
175
181
181
181
181
187
187
187
187
187
187
193
193
193
193
199
199
199
199
205
205
205
205
205
206
206
206
206
206
207
207
207
207
207
207
207
207
207
208
208
208
208
209
209
209
209
210
210
210
210
211
211
211
211
211
211
211
211
212
220
220
220
220
220
220
220
220
221
221
221
221
221
222
230
230
230
230
230
230
230
230
231
231
231
231
231
231
231
231
231
231
231
231
231
231
231
231
231
232
232
232
232
232
233
233
233
233
234
239
239
240
240
240
240
240
240
240
240
241
241
241
241
241
242
251
251
251
251
251
251
251
251
251
251
251
252
252
252
252
252
252
253
253
253
253
253
253
253
254
254
254
254
254
254
254
254
254
254
254
254
254
254
254
254
255
255
255
256
256
256
256
256
256
256
256
257
258
258
258
258
258
258
258
258
258
258
258
258
258
258
258
258
259
259
259
259
259
259
259
260
260
260
260
260
260
260
260
260
260
261
261
261
261
261
261
261
262
262
263
263
263
263
265
265
265
265
265
265
265
265
265
265
266
266
266
266
267
268
268
268
268
268
268
268
268
269
269
269
269
269
269
269
269
269
269
270
270
270
270
270
270
270
271
271
271
272
272
272
273
273
273
273
273
273
273
274
275
275
275
276
276
276
276
278
278
278
278
278
278
278
278
278
278
279
279
279
279
280
281
282
293
293
293
293
293
293
293
293
294
294
294
294
294
294
294
294
295
307
307
307
307
307
307
307
307
307
307
307
308
308
308
308
308
308
308
308
308
308
309
321
321
321
321
321
321
321
321
321
321
321
322
322
322
322
322
322
322
322
322
322
322
322
322
322
322
323
336
336
336
336
336
336
336
336
336
336
336
336
336
336
336
337
337
337
337
337
337
337
337
337
337
337
337
337
337
337
337
337
337
337
337
337
337
337
337
338
350
350
350
350
350
350
350
350
350
350
350
351
351
351
351
351
351
351
351
351
351
351
351
351
351
351
352
365
365
365
365
365
365
365
365
365
365
365
365
365
365
365
366
366
366
366
366
366
366
366
366
366
366
366
366
366
366
366
366
366
366
366
366
366
366
366
367
381
381
381
381
381
381
381
381
381
381
381
382
382
382
382
382
382
382
382
382
382
383
385
385
385
385
385
385
385
385
385
385
385
385
385
386
386
386
386
386
386
386
386
386
388
388
388
388
388
388
388
390
390
390
390
390
390
390
391
391
391
391
391
391
391
392
392
392
392
392
392
392
393
394
394
394
394
394
394
394
394
394
395
395
395
395
395
395
395
396
407
407
407
407
407
407
407
407
408
408
408
408
408
408
408
408
409
421
421
421
421
421
421
421
421
421
421
421
422
422
422
422
422
422
422
422
422
422
423
435
435
435
435
435
435
435
435
435
435
435
436
436
436
436
436
436
436
436
436
436
437
446
446
447
447
447
447
447
447
447
447
448
448
448
448
448
448
449
449
449
449
450
450
450
450
451
451
451
451
452
452
452
452
453
475
475
475
475
475
475
475
475
475
475
475
475
475
475
475
476
476
476
476
477
477
477
477
477
477
477
477
477
478
478
478
481
481
481
481
481
481
481
481
482
482
482
482
482
482
482
482
482
483
483
483
483
483
483
483
484
484
484
484
484
484
484
484
484
484
484
485
487
487
487
487
487
487
487
489
489
489
489
489
489
489
490
490
490
490
490
490
490
491
491
491
491
491
491
491
491
491
492
492
492
492
492
492
492
493
494
494
494
494
494
494
494
495
495
495
495
495
495
495
496
496
496
496
496
496
496
497
497
497
497
497
497
497
498
498
498
498
498
498
498
500
500
500
500
500
500
500
500
500
500
500
500
500
500
501
514
514
514
514
514
514
514
514
515
515
515
515
515
515
515
515
516
525
525
525
525
525
525
525
525
526
526
526
526
526
526
526
526
527
532
532
533
533
533
533
533
533
534
534
534
535
540
540
540
540
540
540
541
541
541
542
555
555
555
555
555
555
555
555
556
556
556
556
556
556
557
559
559
559
559
559
559
559
559
559
559
559
560
560
560
560
562
562
562
562
563
563
563
563
563
563
565
565
565
565
565
565
565
565
565
567
567
567
567
567
567
567
568
568
568
568
568
568
568
569
573
573
573
573
573
573
573
573
574
574
574
574
574
574
574
575
575
575
575
575
575
575
575
575
576
578
578
578
578
578
579
579
580
580
580
580
580
580
580
580
580
580
580
581
581
581
581
581
581
581
581
581
582
582
582
582
582
582
582
582
583
583
583
583
583
583
583
583
583
584
586
586
586
586
586
586
586
589
589
589
589
589
589
589
590
590
590
590
590
590
590
590
590
590
590
592
592
592
592
592
592
592
593
593
594
594
594
594
594
594
594
594
596
596
596
596
596
596
596
597
597
597
597
597
597
597
598
600
600
600
600
600
600
600
605
605
605
605
605
605
605
605
605
605
605
605
605
605
605
605
605
605
605
605
607
607
607
607
607
607
607
607
607
608
608
608
608
608
608
608
608
608
609
609
609
609
609
609
609
609
609
609
609
610
611
611
611
611
611
611
611
612
612
612
612
612
612
612
612
612
612
612
613
614
615
615
615
615
615
615
615
615
615
616
616
616
616
616
616
616
616
616
616
616
617
619
619
619
619
619
620
620
620
620
620
620
620
620
620
621
623
623
623
623
623
623
623
623
623
624
624
624
624
624
624
624
625
626
626
626
627
635
635
635
635
635
635
636
636
636
637
644
644
644
644
644
644
645
645
645
645
647
647
647
647
647
647
648
648
648
649
651
651
651
651
651
651
651
651
653
653
653
653
653
653
653
653
653
654
654
654
654
654
654
654
655
655
655
655
655
655
655
655
655
656
658
658
658
658
660
660
660
660
660
660
660
660
660
661
670
670
670
670
670
670
670
670
671
671
671
671
671
671
671
671
672
680
680
680
680
680
680
680
680
681
681
681
681
681
681
681
681
681
681
682
693
693
693
693
693
693
693
693
694
694
694
694
694
694
694
694
695
707
707
707
707
707
707
707
707
707
707
707
708
708
708
708
708
708
708
708
708
708
709
717
717
717
717
717
717
718
718
718
719
730
730
730
730
730
730
731
731
731
732
739
739
739
739
739
739
739
739
739
740
740
740
740
740
740
740
740
740
740
740
740
740
740
740
740
740
740
740
740
740
740
740
740
740
740
740
740
740
740
740
740
740
741
754
754
754
754
754
754
754
754
755
755
755
755
755
755
755
755
756
770
770
770
770
770
770
770
770
770
770
770
771
771
771
771
771
771
771
771
771
771
772
782
782
782
782
782
782
782
782
782
782
782
783
783
783
783
783
783
783
783
783
783
784
799
799
799
799
799
799
799
799
799
799
799
799
799
799
799
800
800
800
800
800
800
800
800
800
800
800
800
800
800
801
813
813
813
813
813
813
813
813
813
813
813
814
814
814
814
814
814
814
814
814
814
815
829
829
829
829
829
829
829
829
830
830
830
830
830
830
830
830
831
846
846
846
846
846
846
846
846
846
846
846
847
847
847
847
847
847
847
847
847
847
848
862
862
862
862
862
862
862
862
863
863
863
863
863
863
863
863
864
879
879
879
879
879
879
879
879
879
879
879
880
880
880
880
880
880
880
880
880
880
881
893
893
893
893
893
893
893
893
893
893
893
894
894
894
894
894
894
894
894
894
894
894
894
894
894
894
894
894
894
894
895
908
908
908
908
908
908
908
908
909
909
909
909
909
909
909
909
910
924
924
924
924
924
924
924
924
924
924
924
925
925
925
925
925
925
925
925
925
925
926
937
937
937
937
937
937
937
937
938
938
938
938
938
938
938
938
939
951
951
951
951
951
951
951
951
951
951
951
952
952
952
952
952
952
952
952
952
952
953
965
965
965
965
965
965
965
965
966
966
966
966
966
966
966
966
967
980
980
980
980
980
980
980
980
980
980
980
980
980
980
980
981
981
981
982
982
982
982
982
982
982
982
982
982
984
984
984
984
984
984
984
984
984
984
984
984
984
984
984
984
984
984
985
985
985
985
985
985
985
985
986
986
986
986
986
986
986
987
987
987
987
987
987
987
988
988
988
988
988
988
988
989
989
989
989
989
989
990
990
990
990
990
990
990
992
992
992
992
992
992
992
992
992
992
992
992
992
992
993
1004
1004
1004
1004
1004
1004
1004
1004
1005
1005
1005
1005
1005
1005
1005
1005
1006
1017
1017
1017
1017
1017
1017
1017
1017
1018
1018
1018
1018
1018
1018
1018
1018
1019
1030
1030
1030
1030
1030
1030
1030
1030
1031
1031
1031
1031
1031
1031
1031
1031
1032
1044
1044
1044
1044
1044
1044
1044
1044
1044
1044
1044
1045
1045
1045
1045
1045
1045
1045
1045
1045
1045
1046
1060
1060
1060
1060
1060
1060
1060
1060
1060
1060
1060
1061
1061
1061
1061
1061
1061
1061
1061
1061
1061
1062
1074
1074
1074
1074
1074
1074
1074
1074
1074
1074
1074
1075
1075
1075
1075
1075
1075
1075
1075
1075
1075
1076
1088
1088
1088
1088
1088
1088
1088
1088
1088
1088
1088
1089
1089
1089
1089
1089
1089
1089
1089
1089
1089
1090
1102
1102
1102
1102
1102
1102
1102
1102
1102
1102
1102
1103
1103
1103
1103
1103
1103
1103
1103
1103
1103
1104
1106
1106
1106
1106
1106
1106
1106
1106
1106
1106
1106
1106
1106
1106
1106
1107
1107
1108
1108
1108
1108
1108
1108
1108
1109
1109
1109
1109
1109
1109
1110
1110
1110
1110
1110
1110
1110
1110
1111
1111
1111
1111
1111
1111
1111
1111
1112
1112
1112
1112
1112
1112
1112
1113
1114
1114
1114
1115
1116
1130
1130
1130
1130
1130
1130
1130
1130
1130
1130
1130
1131
1131
1131
1131
1131
1131
1131
1131
1132
1147
1147
1147
1147
1147
1147
1147
1147
1147
1147
1147
1147
1147
1147
1147
1148
1148
1148
1148
1148
1148
1148
1148
1148
1148
1148
1148
1149
1162
1162
1162
1162
1162
1162
1162
1162
1162
1162
1162
1163
1163
1163
1163
1163
1163
1163
1163
1164
1179
1179
1180
1180
1180
1180
1180
1180
1180
1180
1180
1180
1180
1180
1180
1180
1180
1181
1181
1181
1181
1181
1181
1181
1181
1181
1181
1181
1181
1181
1182
1195
1195
1195
1195
1195
1195
1195
1195
1195
1195
1195
1196
1196
1196
1196
1196
1196
1196
1196
1197
1211
1211
1211
1211
1211
1211
1211
1211
1211
1211
1211
1211
1211
1211
1211
1212
1212
1212
1212
1212
1212
1212
1213
1213
1213
1213
1213
1213
1213
1214
1216
1216
1216
1216
1216
1216
1216
1216
1216
1216
1216
1218
1218
1218
1218
1218
1220
1220
1220
1220
1220
1220
1220
1222
1222
1222
1222
1222
1223
1233
1233
1233
1233
1233
1233
1233
1233
1233
1234
1234
1234
1234
1235
1243
1243
1243
1243
1243
1243
1243
1243
1243
1244
1244
1244
1244
1244
1244
1245
1258
1258
1258
1258
1258
1258
1258
1258
1258
1259
1259
1259
1259
1259
1259
1260
1272
1272
1272
1272
1272
1272
1272
1272
1272
1272
1272
1273
1273
1273
1273
1273
1273
1273
1273
1273
1273
1274
1287
1287
1287
1287
1287
1287
1287
1287
1287
1287
1287
1288
1288
1288
1288
1288
1288
1288
1288
1288
1288
1289
1301
1301
1301
1301
1301
1301
1301
1301
1301
1301
1301
1302
1302
1302
1302
1302
1302
1302
1302
1302
1302
1303
1314
1314
1314
1314
1314
1314
1314
1314
1315
1315
1315
1315
1315
1315
1315
1315
1316
1328
1328
1328
1328
1328
1328
1328
1328
1328
1328
1328
1329
1329
1329
1329
1329
1329
1329
1329
1329
1329
1330
1344
1344
1344
1344
1344
1344
1344
1344
1344
1344
1344
1345
1345
1345
1345
1345
1345
1345
1345
1345
1345
1346
1359
1359
1359
1359
1359
1359
1359
1359
1360
1360
1360
1360
1360
1360
1360
1360
1361
1375
1375
1375
1375
1375
1375
1375
1375
1375
1375
1375
1376
1376
1376
1376
1376
1376
1376
1376
1376
1376
1377
1380
1380
1380
1380
1380
1380
1380
1380
1380
1380
1380
1380
1380
1381
1381
1381
1381
1381
1381
1381
1381
1381
1381
1381
1381
1381
1381
1381
1381
1381
1381
1381
1381
1382
1394
1394
1394
1394
1394
1394
1394
1394
1394
1394
1394
1395
1395
1395
1395
1395
1395
1395
1395
1395
1395
1395
1395
1395
1395
1395
1395
1395
1395
1395
1396
1407
1407
1407
1407
1407
1407
1407
1407
1408
1408
1408
1408
1408
1408
1408
1408
1409
1421
1421
1421
1421
1421
1421
1421
1421
1421
1421
1421
1422
1422
1422
1422
1422
1422
1422
1422
1422
1422
1422
1422
1422
1422
1422
1422
1422
1422
1422
1423
1436
1436
1436
1436
1436
1436
1436
1436
1436
1436
1436
1436
1436
1436
1436
1437
1437
1437
1437
1437
1437
1437
1437
1437
1439
1439
1439
1439
1439
1439
1439
1439
1439
1439
1439
1439
1440
1440
1440
1440
1440
1440
1440
1441
1441
1441
1441
1441
1441
1441
1442
1442
1442
1442
1442
1442
1442
1443
1443
1443
1444
1444
1444
1444
1444
1444
1444
1444
1444
1444
1444
1444
1445
1447
1447
1447
1447
1447
1447
1447
1447
1447
1447
1447
1447
1447
1447
1448
1460
1460
1460
1460
1460
1460
1460
1460
1460
1460
1460
1461
1461
1461
1461
1461
1461
1461
1461
1461
1461
1462
1463
1464
