18
18
18
18
18
18
18
18
18
18
18
18
18
20
20
20
20
20
20
20
22
22
22
22
22
22
22
22
22
22
22
22
22
23
23
23
23
23
23
23
23
23
23
23
23
23
33
33
33
33
33
33
38
38
38
38
38
38
38
38
43
43
43
43
43
43
43
43
48
48
48
48
48
48
48
49
49
50
50
50
50
51
51
52
52
52
60
60
60
60
60
61
61
61
61
61
62
72
72
72
72
72
72
72
72
73
73
73
73
73
74
74
74
74
74
75
82
82
83
83
83
83
83
83
84
84
84
84
84
84
84
84
84
84
84
84
84
85
109
109
110
110
110
110
110
110
110
110
110
112
112
112
112
112
112
112
112
112
113
113
113
113
113
113
113
113
114
114
114
114
114
114
114
114
114
115
115
115
115
115
115
115
115
115
116
116
116
116
116
116
116
116
116
117
117
117
117
117
117
117
117
117
118
118
118
118
118
118
118
118
118
119
119
119
119
119
119
119
119
119
121
121
122
122
122
122
122
122
122
122
122
122
122
122
123
123
123
123
123
123
123
123
125
128
128
128
128
128
128
128
128
128
128
128
128
128
128
129
129
129
129
129
129
129
129
129
130
130
131
132
132
132
132
132
132
132
132
132
133
135
135
135
135
135
135
135
138
138
138
138
138
138
138
138
138
138
138
141
141
141
141
141
141
141
141
141
141
141
141
141
141
141
141
145
145
145
145
145
145
145
145
145
145
145
145
145
146
146
146
146
146
146
146
146
146
146
146
146
146
146
146
147
148
148
148
148
148
148
148
148
148
148
148
148
148
149
149
149
149
149
149
149
149
149
149
149
149
149
149
149
150
152
152
152
153
154
154
154
156
158
159
