18
18
18
18
18
18
18
18
18
18
18
26
26
26
26
26
28
28
28
28
28
28
28
28
30
30
30
30
30
30
30
30
32
32
32
32
32
32
32
32
34
34
34
34
34
34
34
34
36
36
36
36
36
36
36
36
38
38
38
38
38
38
38
38
40
40
40
40
40
40
40
40
42
42
42
42
42
42
42
42
44
44
44
44
44
44
44
44
46
46
46
46
46
46
46
46
48
48
48
48
48
48
48
48
50
50
50
50
50
50
50
50
56
56
56
56
56
56
56
56
62
62
62
62
62
62
62
62
64
64
64
64
64
64
64
64
64
64
66
66
66
66
66
66
66
66
66
66
66
66
66
66
66
66
66
66
66
66
66
66
66
66
66
66
66
66
66
66
66
66
66
66
66
66
66
66
68
68
69
69
69
69
69
69
69
69
69
70
70
70
70
70
70
70
71
72
81
81
81
81
81
81
81
81
81
81
82
82
82
82
82
82
83
86
86
86
86
86
87
88
89
