18
18
18
18
18
18
18
18
18
18
18
18
18
20
20
20
20
20
20
20
20
20
21
21
21
21
21
21
21
21
21
22
22
22
22
22
22
22
22
22
23
23
23
23
23
23
23
23
23
25
25
25
25
25
25
25
25
25
25
25
25
25
33
33
33
33
33
33
33
37
37
37
37
42
42
42
42
47
47
47
47
59
59
59
59
59
59
59
59
60
60
60
60
60
60
60
61
74
74
74
74
74
74
74
74
74
74
74
74
75
75
75
75
75
75
75
76
87
87
87
87
87
87
87
87
87
87
87
87
87
88
88
89
89
89
89
89
89
89
89
89
89
89
90
90
90
90
90
90
90
90
91
91
91
91
91
91
91
91
91
92
93
101
101
101
101
101
101
102
102
102
102
102
102
102
102
102
103
103
103
104
105
105
105
105
105
105
105
105
105
106
114
114
114
114
114
114
115
115
115
115
115
115
115
115
115
116
116
116
116
116
116
116
116
116
116
116
116
116
116
116
116
116
116
116
116
116
117
117
117
117
117
117
117
117
117
117
117
117
117
117
117
117
117
117
117
117
117
117
117
117
117
117
117
117
117
117
117
117
117
117
118
119
119
119
119
119
119
119
120
129
129
129
129
129
129
129
129
129
130
130
130
130
130
130
130
130
130
131
131
131
132
133
133
133
133
133
133
133
133
133
133
134
143
143
143
143
143
143
143
143
143
144
144
144
144
144
144
145
145
145
145
145
145
145
145
145
146
146
146
146
146
146
146
146
146
147
147
147
147
147
147
147
147
147
147
148
149
149
149
149
149
149
149
150
160
160
160
160
160
160
160
160
160
161
161
161
161
161
161
161
162
162
162
163
174
174
174
174
174
174
174
174
174
174
174
174
174
175
175
175
175
175
175
175
176
176
176
177
178
179
