19
19
19
19
19
19
19
19
19
19
19
21
21
21
21
21
21
21
21
21
22
22
22
22
22
22
22
22
22
24
24
24
24
24
24
24
24
24
31
31
31
31
38
38
38
38
38
38
38
38
38
38
39
39
40
40
40
40
40
40
40
40
40
40
40
40
40
40
41
41
41
41
41
41
41
41
41
41
41
41
41
41
41
42
42
42
42
42
42
42
42
42
42
42
42
42
43
43
43
43
43
43
43
43
43
43
43
43
43
43
43
44
44
44
44
44
44
44
44
44
44
44
45
45
45
45
45
45
45
46
46
46
46
46
46
46
46
46
47
47
47
47
47
47
47
47
47
48
48
48
49
50
50
50
50
50
50
50
50
50
50
50
50
50
51
51
51
51
51
52
53
53
53
54
56
56
56
56
56
58
59
60
