17
17
17
17
17
17
17
17
17
17
17
17
17
17
17
19
19
19
19
19
19
19
19
19
19
19
19
19
20
20
20
20
20
20
20
20
20
20
20
20
20
20
20
26
26
26
26
26
26
27
27
27
27
27
28
28
28
28
28
28
29
29
29
29
29
36
36
36
36
36
36
36
36
36
36
36
36
37
37
38
38
39
39
39
39
39
39
39
40
40
40
40
40
40
40
40
40
40
40
40
40
40
40
40
40
40
40
40
40
41
41
42
42
42
42
42
42
42
43
43
44
44
44
45
45
45
45
45
45
46
46
47
47
47
47
47
47
47
47
47
47
47
47
47
47
47
47
47
47
48
48
48
48
48
48
48
48
48
48
48
48
49
49
49
49
49
49
49
49
49
49
49
49
49
50
52
52
53
53
53
53
53
53
54
54
54
54
54
54
54
54
54
54
54
54
54
54
54
54
54
54
54
55
57
57
58
58
58
58
58
58
59
59
59
60
62
62
63
63
63
63
63
63
63
63
63
64
64
64
64
64
64
65
65
65
65
65
66
66
66
66
66
66
66
66
66
66
66
66
66
66
67
68
68
68
68
68
68
68
68
69
70
71
