17
17
17
17
17
17
17
17
17
17
17
19
19
19
19
19
19
19
20
20
20
20
20
20
20
21
21
21
21
21
21
21
22
22
22
22
22
22
22
23
23
23
23
23
23
23
24
24
24
24
24
24
24
25
25
25
25
25
25
25
26
26
26
26
26
26
26
27
27
27
27
27
27
27
28
28
28
28
28
28
28
29
29
29
29
29
29
29
30
30
30
30
30
30
30
31
31
31
31
31
31
31
32
32
32
32
32
32
32
33
33
33
33
33
33
33
34
34
34
34
34
34
34
35
35
35
35
35
35
35
36
36
36
36
36
36
36
37
37
37
37
37
37
37
38
38
38
38
38
38
38
39
39
39
39
39
39
39
40
40
40
40
40
40
40
41
41
41
41
41
41
41
42
42
42
42
42
42
42
43
43
43
43
43
43
43
44
44
44
44
44
44
44
45
45
45
45
45
45
45
46
46
46
46
46
46
46
47
47
47
47
47
47
47
47
47
49
49
49
49
49
49
49
49
49
49
49
50
50
50
50
50
50
50
50
50
50
50
50
50
50
50
51
51
51
51
51
51
51
51
51
51
51
51
51
51
51
52
52
52
52
52
52
52
52
52
52
52
52
52
52
52
53
53
53
53
53
53
53
53
53
53
53
53
53
54
54
54
54
54
54
54
54
54
54
54
54
54
55
55
55
55
55
55
55
55
55
55
55
55
55
56
56
56
56
56
56
56
56
56
56
56
56
56
57
57
57
57
57
57
57
57
57
57
57
57
57
58
58
58
58
58
58
58
58
58
58
58
58
58
59
59
59
59
59
59
59
59
59
59
59
59
59
60
60
60
60
60
60
60
60
60
60
60
60
60
61
61
61
61
61
61
61
61
61
61
61
61
61
300
300
300
300
300
300
300
300
303
303
303
303
303
303
303
305
305
305
305
305
306
306
306
306
306
307
307
307
307
307
309
309
309
309
309
309
309
309
309
309
310
310
310
310
311
311
311
311
312
312
312
312
314
314
314
314
314
314
314
314
314
314
314
314
314
314
314
314
314
315
315
315
315
315
315
315
315
315
315
316
316
316
316
316
316
317
317
317
317
317
317
317
317
317
317
318
318
318
318
318
318
318
318
318
318
318
318
319
321
321
322
322
322
322
322
322
322
322
322
323
323
323
323
323
323
323
323
323
323
323
323
323
323
323
323
323
323
323
323
323
324
326
326
327
327
327
327
327
327
327
327
328
328
328
328
328
328
328
328
328
329
329
329
329
329
329
329
329
329
329
330
330
330
330
330
330
330
330
330
331
331
332
332
332
332
332
332
333
333
333
334
334
334
334
334
334
334
334
335
335
335
336
336
336
336
336
336
336
336
337
337
337
339
340
340
340
340
341
342
344
344
344
344
344
344
344
344
344
345
345
345
345
345
345
346
346
347
347
347
347
347
347
347
348
348
348
348
348
348
349
349
349
350
351
351
351
351
351
351
351
351
353
353
353
354
354
354
354
354
354
354
355
356
356
356
356
356
356
356
356
356
356
356
356
356
356
356
357
359
367
367
367
367
368
368
368
368
368
368
368
368
368
369
376
376
376
376
376
376
376
377
377
377
377
377
379
379
379
379
379
379
379
379
380
380
380
380
380
380
381
383
383
384
384
384
384
384
384
384
384
384
384
384
385
385
385
385
385
386
386
386
386
386
386
386
386
386
386
386
388
388
388
388
388
388
388
388
388
389
389
389
389
389
389
389
389
389
389
389
389
390
390
390
390
390
390
390
390
390
390
391
391
391
391
391
391
391
391
392
393
394
394
394
395
396
398
398
398
398
398
400
400
400
400
400
402
402
403
403
403
403
403
403
403
403
403
403
403
403
403
404
404
404
404
404
405
405
405
405
405
405
405
406
406
406
406
406
406
406
407
407
408
408
408
408
408
408
408
409
409
409
409
409
409
409
409
411
411
411
412
412
413
413
413
413
413
413
414
414
414
414
414
414
414
414
416
417
418
419
419
419
419
420
422
430
430
430
430
430
430
430
430
438
438
438
438
438
438
438
438
450
450
450
450
450
450
450
450
466
466
466
466
466
466
466
466
475
475
475
475
475
475
475
475
483
483
483
483
483
483
483
483
491
491
491
491
491
491
491
491
500
500
500
500
500
500
500
500
503
503
503
503
503
503
503
503
503
503
503
503
505
505
506
506
506
506
506
506
506
506
506
506
506
506
507
507
507
508
510
510
510
510
510
510
510
511
511
511
511
511
512
531
531
531
531
531
531
531
531
532
533
533
533
533
533
533
533
533
533
533
533
533
533
534
534
534
534
534
534
534
534
534
534
535
535
535
535
535
535
535
535
535
536
536
536
536
536
538
538
538
538
538
538
538
538
538
538
538
538
538
538
538
538
538
538
538
539
539
539
539
539
539
539
539
539
539
539
540
540
540
540
540
540
540
541
541
541
541
541
542
542
542
542
542
542
542
543
543
543
543
544
544
544
546
546
546
546
547
548
548
548
549
549
549
549
549
550
550
550
550
550
550
550
551
552
552
552
552
552
552
552
553
554
555
555
555
555
555
556
556
556
556
556
556
556
557
558
560
560
560
561
563
563
563
563
564
564
564
564
566
566
566
566
567
567
567
567
568
568
568
568
568
569
569
569
569
570
570
570
570
571
571
571
571
574
574
574
574
577
577
577
577
578
578
578
578
579
579
579
579
579
580
580
580
580
581
581
581
581
581
582
582
582
582
583
583
583
583
583
584
584
584
584
586
586
586
586
588
588
588
588
590
590
590
590
592
592
592
592
594
594
594
594
596
596
596
596
598
598
598
598
600
600
600
600
604
604
604
604
608
608
608
608
611
611
611
611
613
613
613
613
616
616
616
616
619
619
619
619
619
619
619
619
623
623
623
623
623
623
623
623
623
623
623
626
626
626
626
626
626
632
632
632
632
632
632
632
632
632
632
635
635
635
635
638
638
638
638
638
638
638
638
638
638
638
638
640
640
640
640
640
640
640
640
640
640
640
640
640
640
640
640
640
640
660
660
660
660
661
662
662
662
662
663
663
663
663
663
663
663
663
663
663
664
664
664
664
665
665
665
665
665
665
665
666
666
666
666
667
667
667
667
668
668
668
668
669
669
669
669
669
669
669
670
670
670
670
671
673
673
674
674
674
674
674
674
674
674
675
675
675
675
675
676
683
683
684
684
684
684
684
684
684
684
684
684
684
685
685
685
685
685
685
685
686
686
686
686
689
689
689
689
689
690
690
690
690
690
690
690
690
690
690
690
690
690
690
690
691
691
691
691
691
691
692
692
692
692
692
692
692
692
692
692
692
692
693
694
694
694
694
694
695
695
695
695
695
695
695
695
695
695
695
695
695
695
695
695
696
696
696
696
696
696
696
696
696
696
696
696
696
696
696
696
697
699
699
699
699
699
699
700
700
700
700
700
700
700
701
701
701
701
702
702
702
702
703
704
725
725
725
725
725
725
725
725
725
725
725
725
726
726
727
728
728
728
728
728
728
728
728
728
728
728
728
729
750
750
751
751
751
751
751
751
751
751
751
751
751
751
751
751
751
752
752
752
752
752
752
752
752
752
752
752
752
752
753
774
774
774
774
774
774
774
774
774
774
774
774
775
775
776
777
777
777
777
777
777
778
778
778
778
778
779
779
779
780
782
782
782
782
782
782
782
782
782
782
784
784
784
784
786
786
786
786
786
786
786
786
786
786
786
787
787
787
787
787
787
788
791
791
791
791
791
791
791
791
791
791
791
791
791
791
791
791
791
791
791
791
791
791
799
799
799
799
799
800
800
800
800
800
800
800
800
800
800
800
800
800
800
800
800
800
800
800
800
800
800
801
801
801
802
803
803
803
803
803
803
803
803
803
803
803
803
803
803
803
803
803
803
803
803
803
803
803
803
804
804
804
805
807
807
807
807
807
807
807
807
807
807
807
807
807
807
807
808
808
808
809
811
811
811
811
811
811
811
811
811
811
811
811
811
811
811
811
812
812
812
813
819
819
819
819
819
819
819
820
820
820
820
820
820
820
821
822
822
822
822
822
822
822
822
825
825
825
825
825
825
825
826
826
826
826
826
826
826
827
828
828
828
828
828
828
828
829
829
829
829
829
829
829
830
831
831
831
831
831
831
831
832
832
832
832
832
832
832
833
834
835
836
837
846
846
846
846
846
846
846
846
846
846
847
847
847
847
847
847
847
847
847
847
847
847
848
849
849
849
849
849
849
849
849
849
849
850
851
852
853
853
853
853
853
854
854
854
855
857
857
857
857
857
857
857
857
857
857
857
858
858
858
859
860
860
860
860
860
860
860
860
860
860
861
863
863
863
863
863
863
863
863
864
864
864
864
864
864
864
865
865
865
865
865
865
865
866
867
867
867
867
867
867
867
868
868
868
868
868
868
868
869
870
870
870
870
870
870
870
871
871
871
871
871
871
871
871
871
871
871
871
871
872
878
878
878
878
878
878
878
879
879
879
879
879
879
879
880
882
882
882
882
882
882
882
882
882
882
882
882
882
882
882
883
883
883
883
883
883
883
883
883
883
883
883
883
883
884
885
885
885
885
885
885
886
886
886
887
889
889
889
889
889
889
889
889
889
889
889
889
889
889
889
890
891
891
891
891
891
891
892
892
892
893
894
896
896
896
896
896
896
896
896
896
896
897
899
899
899
899
899
899
899
899
899
899
901
901
901
901
901
901
903
903
903
903
904
904
904
904
904
904
904
904
905
905
905
905
905
905
905
905
905
905
905
906
908
908
908
909
911
911
911
911
911
911
911
911
911
911
912
912
912
912
912
912
912
912
912
912
912
912
912
912
912
912
912
912
912
912
912
912
912
912
912
912
912
914
914
914
914
914
914
914
914
914
914
914
915
915
915
915
915
915
915
915
915
915
915
916
916
916
916
916
916
916
916
916
916
916
917
917
917
917
917
917
917
917
917
917
917
917
917
917
917
917
917
919
919
919
919
919
919
919
919
919
919
919
919
919
919
919
919
919
919
919
919
919
920
920
920
920
921
921
921
921
921
922
924
924
924
924
925
925
926
926
926
926
926
926
926
926
926
926
926
926
926
926
926
926
926
926
926
926
926
926
927
927
927
927
927
927
927
927
928
928
928
928
929
929
929
929
929
930
933
933
933
933
933
933
933
933
933
933
933
933
934
934
934
934
934
934
935
942
942
942
942
942
942
942
942
942
942
942
943
943
943
943
943
943
943
943
943
943
943
944
944
944
944
944
944
944
944
944
944
945
945
945
945
945
945
945
945
945
946
948
948
948
950
950
950
950
950
950
950
950
950
950
950
950
950
950
950
950
950
950
950
950
950
950
950
950
950
950
950
950
950
950
950
950
950
950
950
950
950
950
950
952
952
953
953
953
953
953
953
953
953
953
953
953
953
953
953
953
953
954
954
954
954
954
954
954
954
954
954
954
954
954
954
954
954
955
955
955
955
955
955
955
955
955
955
955
956
956
956
956
956
956
956
956
957
957
957
957
957
957
957
957
957
958
960
960
960
960
960
960
960
962
962
962
962
962
962
962
963
963
964
964
964
964
964
964
964
964
964
964
964
965
965
965
965
965
965
965
965
965
965
965
966
966
966
966
966
966
966
966
966
966
966
966
966
966
966
966
966
967
967
967
967
968
969
969
969
969
969
969
969
969
970
970
970
970
970
970
970
970
970
971
972
973
973
973
975
975
975
975
975
975
975
976
976
976
976
977
977
977
978
978
978
978
978
978
978
978
978
978
978
978
979
980
981
981
981
981
981
981
982
982
982
982
982
982
983
993
993
993
993
993
993
993
993
993
993
993
993
993
993
993
993
994
994
995
996
996
996
996
996
996
996
996
996
996
996
998
998
998
998
998
998
998
999
999
999
1000
1002
1002
1002
1002
1002
1003
1003
1003
1003
1003
1004
1004
1005
1005
1006
1006
1006
1006
1006
1006
1006
1007
1007
1007
1007
1007
1007
1007
1007
1007
1007
1007
1007
1007
1007
1007
1008
1008
1008
1009
1009
1009
1009
1009
1009
1009
1009
1009
1009
1009
1010
1012
1012
1012
1012
1012
1012
1012
1012
1012
1012
1013
1013
1013
1013
1013
1013
1013
1013
1013
1013
1013
1013
1014
1017
1017
1017
1017
1017
1017
1017
1017
1017
1017
1017
1017
1017
1017
1017
1017
1017
1017
1017
1017
1017
1018
1018
1018
1019
1019
1019
1020
1020
1020
1020
1020
1020
1020
1021
1023
1023
1023
1023
1023
1024
1024
1024
1025
1025
1025
1025
1025
1025
1025
1026
1026
1026
1026
1026
1026
1026
1027
1027
1027
1027
1027
1027
1027
1027
1028
1029
1030
1040
1040
1040
1040
1040
1040
1040
1040
1040
1040
1040
1040
1041
1041
1042
1043
1043
1043
1043
1043
1043
1043
1043
1043
1043
1043
1045
1045
1045
1045
1045
1045
1045
1046
1046
1046
1047
1049
1049
1049
1049
1050
1050
1050
1050
1050
1050
1050
1058
1058
1058
1058
1058
1058
1058
1058
1058
1058
1058
1058
1058
1058
1058
1059
1059
1059
1060
1060
1060
1060
1060
1060
1060
1060
1061
1062
1062
1062
1062
1062
1062
1062
1062
1062
1062
1062
1062
1062
1062
1062
1062
1062
1062
1062
1063
1075
1075
1075
1075
1075
1075
1075
1075
1075
1075
1075
1075
1075
1075
1075
1075
1076
1076
1077
1078
1078
1078
1078
1078
1078
1078
1078
1078
1078
1078
1080
1080
1080
1080
1080
1080
1080
1081
1081
1081
1082
1084
1084
1084
1084
1086
1086
1086
1086
1086
1086
1086
1087
1087
1087
1087
1087
1087
1087
1087
1087
1087
1087
1087
1087
1087
1087
1088
1088
1088
1089
1089
1089
1089
1089
1089
1089
1089
1089
1089
1089
1090
1092
1092
1092
1092
1092
1093
1093
1093
1093
1093
1093
1093
1093
1093
1093
1094
1094
1094
1094
1094
1094
1094
1094
1094
1094
1094
1094
1095
1098
1099
1100
1100
1100
1100
1100
1100
1100
1100
1100
1100
1100
1100
1101
1101
1101
1101
1101
1101
1101
1101
1101
1102
1102
1102
1103
1103
1103
1103
1103
1103
1104
1104
1104
1104
1104
1104
1107
1107
1107
1107
1107
1108
1109
1109
1109
1109
1109
1109
1110
1111
1111
1111
1111
1111
1111
1111
1112
1112
1112
1112
1112
1112
1112
1113
1113
1113
1114
1114
1114
1115
1115
1115
1115
1115
1115
1115
1116
1116
1116
1116
1116
1116
1116
1116
1117
1118
1119
1128
1128
1128
1128
1128
1128
1128
1128
1128
1128
1128
1128
1129
1129
1130
1131
1131
1131
1131
1131
1131
1131
1131
1131
1131
1131
1133
1133
1133
1133
1133
1133
1133
1134
1134
1134
1135
1137
1137
1137
1137
1138
1138
1138
1138
1138
1138
1138
1146
1146
1146
1146
1146
1146
1146
1146
1146
1146
1146
1146
1146
1146
1146
1147
1147
1147
1148
1148
1148
1148
1148
1148
1148
1148
1149
1150
1150
1150
1150
1150
1150
1150
1150
1150
1151
1165
1165
1165
1165
1165
1165
1165
1166
1167
1167
1167
1167
1167
1167
1167
1167
1167
1167
1168
1183
1183
1183
1183
1183
1183
1183
1183
1183
1183
1184
1185
1185
1185
1185
1185
1185
1185
1185
1185
1185
1185
1186
1202
1202
1202
1202
1202
1202
1202
1202
1202
1202
1202
1202
1202
1202
1203
1204
1204
1204
1204
1204
1204
1204
1204
1204
1204
1204
1204
1204
1205
1220
1220
1220
1220
1220
1220
1220
1220
1220
1220
1221
1222
1222
1222
1222
1222
1222
1222
1222
1222
1222
1222
1223
1239
1239
1239
1239
1239
1239
1239
1239
1239
1239
1239
1239
1239
1239
1240
1241
1241
1241
1241
1241
1241
1241
1241
1241
1241
1241
1241
1241
1242
1269
1269
1269
1269
1269
1269
1269
1269
1269
1269
1269
1269
1270
1270
1271
1272
1272
1272
1272
1272
1272
1272
1272
1272
1272
1272
1272
1273
1303
1303
1303
1303
1303
1303
1303
1303
1303
1303
1304
1305
1305
1305
1305
1305
1305
1305
1305
1305
1305
1306
1321
1321
1321
1321
1321
1321
1321
1322
1323
1323
1323
1323
1323
1323
1323
1323
1323
1323
1324
1340
1340
1340
1340
1340
1340
1340
1340
1340
1340
1341
1342
1342
1342
1342
1342
1342
1342
1342
1342
1342
1342
1343
1389
1389
1389
1389
1389
1389
1389
1390
1391
1391
1391
1391
1391
1391
1391
1391
1391
1391
1392
1402
1402
1403
1403
1403
1403
1403
1403
1403
1403
1403
1404
1404
1404
1404
1404
1404
1405
1408
1408
1408
1408
1408
1408
1408
1408
1408
1408
1412
1412
1412
1412
1412
1412
1412
1412
1412
1412
1412
1412
1412
1412
1412
1412
1412
1412
1412
1412
1412
1413
1413
1413
1413
1413
1413
1413
1416
1416
1417
1417
1417
1417
1417
1417
1417
1418
1418
1418
1418
1420
1420
1422
1422
1422
1422
1422
1422
1422
1422
1422
1422
1422
1422
1422
1422
1422
1422
1422
1422
1422
1423
1423
1424
1424
1424
1424
1424
1424
1424
1425
1425
1425
1425
1425
1425
1425
1425
1426
1426
1426
1431
1431
1431
1431
1431
1431
1431
1431
1431
1431
1432
1432
1432
1432
1432
1432
1432
1433
1433
1433
1433
1433
1433
1434
1434
1434
1434
1434
1434
1434
1434
1435
1435
1435
1435
1435
1435
1435
1436
1436
1436
1436
1436
1436
1436
1436
1436
1436
1436
1437
1437
1437
1437
1437
1437
1437
1438
1438
1438
1438
1439
1440
1441
1442
1442
1442
1442
1442
1442
1442
1443
1443
1443
1443
1443
1443
1443
1443
1443
1443
1443
1443
1443
1443
1443
1444
1444
1444
1445
1445
1445
1445
1445
1445
1445
1445
1445
1446
1447
1447
1447
1447
1448
1449
1450
1465
1465
1465
1465
1465
1465
1465
1465
1465
1465
1466
1467
1467
1467
1467
1467
1467
1467
1467
1467
1467
1467
1468
1476
1476
1477
1477
1477
1477
1477
1477
1477
1478
1479
1479
1479
1479
1479
1479
1480
1480
1480
1480
1481
1499
1499
1499
1499
1499
1499
1499
1499
1499
1499
1499
1499
1499
1499
1500
1501
1501
1501
1501
1501
1501
1501
1501
1501
1501
1501
1501
1501
1502
1520
1520
1520
1520
1520
1520
1520
1520
1520
1520
1520
1520
1520
1520
1520
1520
1521
1522
1522
1522
1522
1522
1522
1522
1522
1522
1522
1522
1522
1522
1522
1522
1522
1523
1523
1523
1523
1523
1524
1524
1524
1524
1524
1525
1526
1526
1526
1527
1538
1538
1538
1538
1538
1539
1540
1540
1540
1540
1541
1541
1541
1541
1542
1542
1542
1542
1542
1543
1560
1560
1560
1560
1560
1561
1562
1562
1562
1562
1565
1565
1565
1565
1566
1566
1566
1566
1566
1567
1593
1593
1593
1593
1593
1593
1593
1593
1593
1593
1593
1593
1594
1594
1595
1596
1596
1596
1596
1596
1596
1596
1596
1596
1596
1596
1596
1596
1596
1597
1598
1598
1598
1598
1599
1599
1599
1599
1600
1600
1600
1600
1600
1601
1601
1601
1602
1603
1603
1603
1604
1628
1628
1628
1628
1628
1628
1628
1629
1630
1630
1630
1630
1630
1630
1630
1630
1630
1630
1630
1631
1631
1631
1632
1634
1634
1634
1634
1635
1635
1635
1635
1635
1635
1635
1635
1635
1635
1637
1637
1637
1638
1657
1657
1657
1657
1657
1657
1657
1657
1658
1658
1658
1658
1658
1658
1658
1658
1658
1658
1659
1673
1673
1673
1673
1673
1673
1673
1673
1673
1673
1673
1674
1674
1674
1674
1674
1674
1674
1674
1674
1674
1674
1675
1675
1675
1675
1675
1675
1675
1676
1676
1676
1676
1676
1676
1677
1678
1678
1678
1679
1692
1692
1692
1692
1692
1692
1692
1692
1692
1692
1692
1692
1692
1693
1693
1693
1693
1693
1693
1693
1693
1694
1694
1694
1695
1696
1696
1696
1696
1696
1696
1696
1696
1696
1696
1696
1696
1696
1696
1696
1696
1696
1696
1696
1696
1696
1697
1697
1697
1697
1697
1697
1697
1698
1698
1698
1698
1698
1698
1698
1698
1698
1698
1699
1700
1700
1700
1701
1708
1708
1708
1708
1709
1710
1710
1710
1710
1710
1710
1710
1710
1710
1710
1711
1712
1712
1712
1712
1712
1712
1712
1713
1713
1713
1714
1716
1716
1716
1716
1716
1716
1716
1716
1716
1716
1716
1716
1716
1716
1717
1719
1719
1719
1720
1726
1726
1726
1726
1726
1727
1728
1728
1728
1729
1731
1731
1731
1731
1731
1731
1731
1731
1731
1732
1732
1732
1732
1732
1732
1732
1733
1733
1733
1733
1733
1733
1733
1733
1733
1734
1735
1735
1735
1735
1735
1735
1735
1736
1738
1738
1738
1738
1738
1738
1738
1738
1738
1739
1739
1739
1739
1739
1739
1739
1740
1740
1740
1740
1740
1740
1740
1740
1740
1741
1742
1742
1742
1742
1742
1742
1742
1743
1749
1749
1749
1749
1749
1749
1750
1750
1750
1751
1760
1760
1761
1761
1761
1761
1761
1761
1762
1762
1762
1762
1762
1762
1762
1762
1763
1771
1771
1771
1771
1771
1771
1772
1772
1772
1773
1786
1786
1787
1787
1787
1787
1787
1787
1788
1788
1788
1788
1788
1788
1788
1789
1801
1801
1801
1801
1801
1801
1802
1802
1802
1803
1811
1811
1811
1811
1811
1811
1812
1812
1812
1813
1830
1830
1831
1831
1831
1831
1831
1831
1831
1831
1832
1832
1832
1833
1842
1842
1842
1842
1842
1843
1844
1844
1844
1845
1858
1858
1858
1858
1858
1859
1860
1860
1860
1861
1864
1864
1864
1864
1864
1865
1865
1865
1866
1874
1874
1874
1874
1875
1876
1876
1876
1876
1876
1876
1877
1878
1878
1878
1879
1881
1881
1881
1881
1881
1882
1889
1889
1889
1889
1889
1889
1889
1889
1889
1890
1890
1890
1890
1890
1890
1891
1892
1892
1892
1892
1892
1892
1893
1894
1894
1894
1894
1894
1894
1894
1894
1894
1894
1894
1894
1894
1894
1894
1894
1895
1895
1895
1895
1895
1895
1895
1896
1896
1896
1896
1896
1896
1896
1897
1897
1897
1897
1897
1897
1897
1898
1899
1899
1899
1900
1902
1902
1902
1903
1910
1910
1910
1910
1910
1910
1911
1911
1911
1911
1911
1912
1925
1925
1925
1925
1925
1925
1925
1925
1925
1925
1925
1926
1926
1926
1926
1926
1926
1926
1926
1926
1926
1926
1926
1926
1928
1928
1928
1928
1928
1928
1928
1928
1928
1928
1928
1929
1930
1930
1930
1931
1945
1945
1945
1945
1945
1946
1947
1947
1947
1948
1956
1956
1956
1956
1956
1957
1958
1958
1958
1958
1958
1959
1973
1973
1973
1973
1973
1974
1975
1975
1975
1976
1983
1983
1983
1983
1983
1983
1984
1984
1984
1985
1995
1995
1995
1995
1995
1996
1996
1996
1996
1996
1996
1996
1997
1997
1997
1998
1999
1999
1999
1999
1999
2000
2008
2008
2008
2008
2008
2009
2010
2010
2010
2011
2018
2018
2018
2018
2018
2018
2019
2019
2019
2020
2038
2038
2038
2038
2038
2038
2038
2038
2038
2038
2039
2040
2040
2040
2040
2040
2040
2040
2040
2040
2040
2040
2040
2040
2041
2041
2041
2041
2041
2041
2041
2041
2041
2041
2041
2042
2043
2043
2043
2044
2058
2058
2058
2058
2058
2058
2058
2059
2060
2060
2060
2060
2060
2060
2060
2060
2060
2060
2060
2060
2061
2061
2061
2061
2061
2062
2063
2063
2063
2064
2080
2080
2080
2080
2080
2080
2080
2080
2080
2080
2081
2082
2082
2082
2082
2082
2082
2082
2082
2082
2082
2082
2082
2082
2083
2083
2083
2083
2083
2084
2085
2085
2085
2086
2093
2093
2094
2094
2094
2094
2094
2094
2094
2095
2096
2096
2096
2096
2096
2096
2096
2096
2096
2096
2096
2096
2096
2096
2096
2096
2097
2097
2097
2097
2097
2097
2097
2097
2097
2097
2097
2097
2097
2097
2097
2097
2097
2097
2097
2097
2098
2099
2099
2099
2100
2123
2123
2123
2123
2123
2123
2123
2124
2129
2129
2129
2129
2129
2129
2129
2130
2130
2130
2130
2130
2130
2130
2130
2130
2130
2130
2130
2132
2132
2132
2132
2132
2132
2132
2132
2132
2132
2132
2132
2132
2132
2132
2132
2132
2132
2132
2132
2133
2133
2133
2135
2135
2135
2135
2135
2135
2135
2135
2135
2135
2135
2136
2136
2136
2136
2136
2136
2136
2137
2137
2137
2137
2137
2137
2137
2137
2137
2137
2137
2138
2139
2139
2139
2139
2140
2141
2142
2142
2142
2143
2157
2157
2157
2157
2157
2157
2157
2157
2157
2157
2157
2158
2158
2158
2158
2158
2158
2158
2158
2158
2158
2159
2173
2173
2173
2173
2173
2173
2173
2173
2173
2173
2173
2174
2174
2174
2174
2174
2174
2174
2174
2175
2175
2175
2176
2177
2177
2177
2177
2177
2177
2177
2177
2177
2177
2177
2177
2177
2177
2177
2178
2195
2195
2195
2195
2195
2195
2195
2195
2195
2195
2195
2195
2195
2195
2195
2196
2196
2196
2196
2196
2196
2196
2196
2197
2197
2197
2198
2199
2199
2199
2199
2199
2199
2199
2199
2199
2199
2199
2199
2199
2199
2199
2199
2199
2199
2199
2199
2199
2200
2200
2200
2200
2200
2200
2200
2201
2201
2201
2201
2201
2201
2201
2201
2202
2203
2203
2203
2204
2206
2206
2206
2206
2206
2207
2208
2208
2208
2208
2209
2209
2209
2209
2210
2210
2210
2210
2210
2211
2211
2211
2211
2212
2212
2212
2212
2213
2213
2213
2213
2214
2214
2214
2214
2215
2215
2215
2215
2215
2215
2216
2216
2216
2216
2216
2216
2217
2217
2217
2217
2217
2217
2218
2218
2218
2218
2218
2218
2219
2219
2219
2219
2220
2220
2220
2220
2221
2221
2221
2221
2222
2222
2222
2222
2223
2223
2223
2223
2224
2229
2229
2229
2229
2229
2229
2229
2229
2230
2230
2230
2230
2230
2230
2230
2232
2232
2232
2232
2232
2232
2232
2232
2233
2233
2233
2233
2233
2233
2233
2233
2233
2234
2234
2234
2235
2236
2236
2236
2236
2236
2236
2236
2236
2236
2236
2236
2238
2238
2238
2238
2238
2238
2238
2238
2238
2239
2239
2239
2239
2239
2239
2240
2240
2240
2241
2242
2242
2242
2242
2242
2242
2242
2242
2242
2243
2243
2243
2243
2243
2243
2243
2243
2243
2243
2244
2244
2244
2245
2245
2245
2245
2245
2246
2246
2246
2246
2246
2246
2246
2246
2246
2246
2246
2246
2246
2247
2247
2247
2247
2247
2247
2247
2248
2248
2248
2248
2248
2248
2248
2248
2248
2248
2248
2249
2249
2249
2249
2249
2249
2249
2249
2249
2249
2249
2250
2250
2250
2251
2251
2251
2251
2251
2251
2251
2251
2251
2252
2253
2253
2253
2253
2253
2253
2253
2253
2253
2253
2253
2254
2254
2254
2254
2254
2254
2254
2254
2254
2254
2254
2254
2254
2254
2254
2254
2254
2254
2254
2254
2254
2254
2255
2255
2255
2255
2255
2255
2255
2256
2257
2258
2259
2259
2259
2260
2295
2295
2295
2295
2295
2296
2296
2297
2298
2298
2298
2298
2298
2298
2298
2298
2298
2299
2315
2315
2315
2315
2316
2316
2316
2316
2316
2316
2316
2316
2317
2317
2318
2319
2319
2319
2319
2319
2319
2319
2319
2319
2319
2319
2319
2319
2319
2319
2319
2321
2321
2321
2321
2321
2321
2321
2321
2321
2321
2321
2321
2322
2322
2322
2322
2322
2322
2323
2324
2324
2324
2325
2327
2327
2328
2328
2328
2328
2328
2328
2328
2328
2328
2328
2328
2328
2328
2328
2328
2329
2330
2330
2331
2331
2331
2331
2331
2331
2331
2332
2334
2334
2334
2334
2335
2335
2335
2336
2388
2388
2388
2388
2388
2388
2388
2388
2389
2389
2390
2391
2391
2391
2391
2391
2391
2391
2391
2391
2391
2391
2392
2449
2449
2449
2449
2450
2450
2450
2450
2450
2450
2450
2450
2451
2451
2452
2453
2453
2453
2453
2453
2454
2454
2454
2454
2454
2454
2454
2454
2455
2463
2463
2463
2463
2463
2463
2463
2464
2465
2465
2465
2465
2465
2465
2466
2475
2475
2475
2475
2475
2475
2475
2475
2475
2475
2476
2477
2477
2477
2477
2477
2477
2477
2477
2477
2477
2477
2477
2477
2478
2478
2478
2478
2478
2478
2478
2478
2478
2478
2478
2478
2478
2478
2478
2478
2479
2479
2479
2479
2479
2479
2480
2481
2481
2481
2482
2484
2484
2485
2485
2485
2485
2485
2485
2485
2485
2485
2485
2485
2485
2485
2485
2485
2486
2487
2487
2488
2488
2488
2488
2488
2488
2488
2489
2489
2489
2489
2490
2491
2491
2491
2492
2501
2501
2501
2501
2501
2502
2503
2503
2503
2504
2512
2512
2512
2512
2512
2512
2513
2513
2513
2514
2559
2559
2559
2559
2559
2559
2559
2559
2559
2559
2560
2560
2560
2560
2560
2560
2560
2560
2560
2561
2607
2607
2607
2607
2607
2607
2607
2607
2607
2607
2607
2607
2607
2608
2608
2608
2608
2608
2608
2608
2608
2608
2608
2609
2656
2656
2656
2656
2656
2656
2656
2657
2657
2658
2659
2659
2659
2659
2659
2659
2659
2659
2659
2660
2714
2714
2714
2714
2714
2714
2714
2714
2714
2714
2714
2714
2714
2715
2715
2715
2715
2715
2715
2715
2715
2715
2715
2715
2715
2715
2715
2715
2716
2727
2727
2727
2727
2727
2727
2727
2727
2727
2727
2727
2727
2727
2727
2727
2727
2727
2728
2728
2728
2728
2728
2728
2728
2728
2728
2728
2728
2728
2728
2728
2728
2728
2729
2745
2745
2745
2745
2745
2745
2745
2745
2746
2746
2746
2746
2746
2746
2746
2746
2746
2746
2746
2746
2746
2746
2746
2746
2747
2763
2763
2763
2763
2763
2763
2763
2763
2763
2763
2763
2764
2764
2764
2764
2764
2764
2764
2764
2764
2764
2764
2764
2764
2764
2764
2764
2764
2765
2788
2788
2788
2788
2788
2788
2788
2788
2788
2789
2790
2790
2790
2790
2790
2790
2791
2822
2822
2822
2822
2822
2822
2822
2822
2822
2822
2822
2822
2823
2824
2824
2824
2824
2824
2824
2824
2824
2824
2824
2824
2824
2824
2824
2825
2825
2825
2825
2825
2825
2825
2825
2825
2825
2825
2825
2825
2825
2825
2825
2825
2825
2825
2827
2827
2827
2827
2827
2827
2827
2828
2828
2828
2829
2831
2831
2831
2831
2831
2831
2831
2831
2831
2832
2832
2832
2832
2832
2832
2832
2832
2832
2832
2832
2832
2832
2832
2832
2832
2834
2834
2834
2835
2835
2835
2835
2835
2835
2835
2835
2835
2835
2835
2835
2835
2835
2835
2836
2836
2836
2836
2836
2836
2836
2837
2838
2839
2841
2841
2841
2841
2841
2841
2841
2842
2842
2842
2842
2842
2842
2842
2842
2842
2842
2843
2845
2845
2845
2846
2862
2862
2862
2862
2862
2862
2862
2862
2862
2862
2862
2862
2862
2862
2863
2865
2865
2865
2865
2865
2867
2867
2867
2867
2867
2867
2867
2867
2867
2867
2868
2868
2868
2869
2873
2873
2873
2873
2873
2873
2873
2873
2873
2873
2873
2874
2874
2874
2875
2877
2877
2877
2877
2877
2877
2877
2877
2877
2877
2877
2878
2897
2897
2897
2897
2897
2897
2897
2897
2897
2897
2897
2897
2897
2897
2897
2897
2898
2898
2899
2900
2900
2900
2900
2900
2902
2902
2902
2902
2902
2902
2902
2902
2902
2902
2903
2903
2903
2904
2908
2908
2908
2908
2908
2908
2908
2908
2908
2908
2908
2909
2909
2909
2910
2912
2912
2912
2912
2912
2914
2914
2914
2914
2914
2914
2914
2914
2914
2914
2915
2915
2915
2916
2918
2918
2918
2918
2918
2918
2918
2918
2918
2918
2918
2919
2919
2919
2920
2922
2922
2922
2922
2922
2922
2922
2922
2922
2922
2922
2923
2937
2937
2937
2937
2937
2937
2937
2938
2939
2939
2939
2939
2939
2939
2939
2939
2939
2939
2940
2957
2957
2957
2957
2957
2957
2957
2957
2957
2957
2958
2959
2959
2959
2959
2959
2959
2959
2959
2959
2959
2959
2960
2974
2974
2974
2974
2974
2974
2974
2974
2974
2974
2974
2975
2975
2975
2975
2975
2975
2975
2975
2975
2976
2976
2976
2976
2976
2976
2976
2977
2977
2977
2977
2977
2977
2977
2977
2978
2979
2979
2979
2980
2994
2994
2994
2994
2994
2994
2994
2994
2994
2994
2994
2995
2995
2995
2995
2995
2995
2995
2995
2995
2996
2996
2996
2996
2996
2996
2996
2997
2997
2997
2997
2997
2997
2997
2997
2997
2998
2998
2998
2998
2998
2998
2998
2999
2999
2999
2999
2999
2999
2999
3000
3000
3000
3000
3000
3000
3000
3000
3000
3000
3000
3000
3001
3001
3001
3002
3003
3003
3003
3004
3018
3018
3018
3018
3018
3018
3018
3018
3018
3018
3018
3019
3019
3019
3019
3019
3019
3019
3019
3019
3020
3020
3020
3020
3020
3020
3020
3021
3021
3021
3021
3021
3021
3021
3021
3022
3023
3023
3023
3024
3033
3033
3033
3033
3033
3033
3033
3033
3033
3034
3034
3034
3034
3034
3034
3034
3035
3035
3035
3036
3037
3037
3037
3037
3037
3037
3037
3038
3038
3038
3039
3041
3041
3041
3041
3041
3041
3041
3041
3041
3042
3042
3042
3042
3042
3042
3042
3043
3043
3043
3043
3043
3043
3043
3044
3044
3044
3045
3054
3054
3054
3054
3054
3054
3054
3054
3054
3055
3056
3056
3056
3056
3056
3056
3057
3067
3067
3067
3067
3067
3067
3067
3067
3067
3067
3067
3067
3067
3068
3068
3068
3068
3068
3068
3068
3068
3068
3068
3069
3080
3080
3080
3080
3080
3080
3080
3080
3080
3080
3080
3080
3080
3080
3080
3080
3080
3081
3081
3081
3081
3081
3081
3081
3081
3081
3081
3081
3082
3092
3092
3092
3092
3092
3092
3092
3092
3092
3092
3093
3094
3094
3094
3094
3094
3094
3094
3094
3094
3094
3094
3094
3094
3094
3094
3094
3094
3094
3095
3095
3095
3095
3095
3096
3096
3096
3096
3096
3096
3096
3096
3098
3098
3098
3098
3098
3098
3098
3098
3098
3098
3098
3098
3098
3098
3098
3098
3098
3098
3098
3103
3103
3103
3103
3103
3103
3103
3103
3103
3103
3103
3104
3104
3104
3104
3104
3104
3104
3104
3104
3104
3104
3105
3107
3107
3107
3107
3107
3107
3107
3107
3107
3107
3107
3107
3107
3108
3108
3108
3108
3108
3108
3108
3108
3109
3110
3110
3110
3111
3126
3126
3126
3126
3126
3126
3126
3127
3128
3128
3128
3128
3128
3128
3128
3128
3128
3128
3128
3129
3129
3129
3130
3132
3132
3132
3132
3132
3132
3132
3132
3132
3132
3132
3132
3132
3132
3132
3132
3132
3133
3149
3149
3149
3149
3149
3149
3149
3150
3151
3151
3151
3151
3153
3153
3153
3153
3153
3153
3153
3153
3153
3154
3154
3154
3154
3154
3154
3154
3154
3155
3155
3155
3155
3155
3155
3155
3155
3155
3155
3156
3158
3158
3158
3158
3160
3160
3160
3161
3163
3163
3163
3164
3185
3185
3185
3185
3185
3185
3185
3185
3185
3185
3186
3187
3187
3187
3187
3187
3187
3188
3188
3188
3188
3188
3189
3189
3189
3189
3189
3189
3189
3189
3189
3189
3189
3190
3191
3191
3191
3192
3209
3209
3209
3209
3209
3209
3209
3209
3209
3209
3210
3211
3211
3211
3211
3211
3211
3212
3212
3212
3212
3212
3213
3213
3213
3213
3213
3213
3213
3213
3213
3213
3213
3214
3215
3215
3215
3216
3235
3235
3235
3235
3235
3235
3235
3235
3235
3235
3236
3237
3237
3237
3237
3237
3237
3238
3238
3238
3238
3238
3239
3239
3239
3239
3239
3239
3239
3239
3239
3239
3239
3240
3241
3241
3241
3242
3262
3262
3262
3262
3262
3262
3262
3263
3264
3264
3264
3264
3264
3264
3265
3265
3265
3265
3265
3266
3266
3266
3266
3266
3266
3266
3266
3266
3266
3267
3268
3268
3268
3269
3289
3289
3289
3289
3289
3289
3289
3289
3289
3289
3290
3291
3291
3291
3291
3291
3291
3292
3292
3292
3292
3292
3293
3293
3293
3293
3293
3293
3293
3293
3293
3293
3293
3294
3295
3295
3295
3296
3311
3311
3311
3311
3311
3311
3311
3311
3311
3311
3312
3313
3313
3313
3313
3313
3313
3313
3313
3313
3313
3313
3314
3330
3330
3330
3330
3330
3330
3330
3330
3330
3330
3330
3330
3330
3330
3331
3332
3332
3332
3332
3332
3332
3332
3332
3332
3332
3332
3332
3332
3332
3333
3333
3333
3334
3336
3336
3336
3336
3336
3336
3336
3336
3336
3336
3336
3337
3358
3358
3358
3358
3358
3358
3358
3358
3358
3358
3359
3360
3360
3360
3360
3361
3361
3361
3361
3361
3361
3361
3361
3361
3361
3361
3361
3361
3361
3361
3361
3362
3389
3389
3389
3389
3389
3389
3389
3389
3389
3389
3389
3389
3390
3390
3391
3392
3392
3392
3392
3392
3392
3392
3392
3392
3392
3392
3392
3392
3392
3392
3392
3393
3425
3425
3425
3425
3425
3425
3425
3425
3425
3425
3426
3427
3427
3427
3427
3427
3427
3427
3427
3427
3427
3427
3427
3427
3427
3428
3443
3443
3443
3443
3443
3443
3443
3444
3445
3445
3445
3445
3445
3445
3445
3445
3445
3445
3446
3460
3460
3460
3460
3460
3460
3460
3460
3460
3460
3461
3462
3462
3462
3462
3462
3462
3462
3462
3462
3462
3462
3463
3473
3473
3473
3473
3473
3473
3473
3473
3473
3473
3474
3475
3475
3475
3475
3475
3475
3475
3475
3475
3475
3475
3476
3485
3485
3485
3485
3485
3485
3485
3485
3485
3485
3485
3485
3486
3487
3487
3487
3487
3487
3487
3488
3488
3488
3488
3488
3488
3489
3498
3498
3498
3498
3498
3498
3498
3498
3499
3500
3500
3500
3500
3501
3508
3508
3508
3508
3508
3508
3508
3508
3508
3509
3509
3509
3509
3510
3519
3519
3519
3519
3519
3519
3519
3519
3519
3520
3520
3520
3520
3520
3520
3520
3520
3520
3521
3531
3531
3532
3532
3532
3532
3532
3532
3532
3532
3532
3533
3533
3533
3533
3533
3533
3533
3533
3533
3534
3547
3547
3547
3547
3547
3547
3547
3547
3547
3548
3548
3548
3548
3548
3548
3548
3548
3548
3549
3563
3563
3564
3564
3564
3564
3564
3564
3564
3564
3564
3565
3565
3565
3565
3565
3565
3565
3565
3565
3566
3575
3575
3575
3575
3575
3575
3575
3575
3575
3576
3576
3576
3576
3577
3590
3590
3590
3590
3590
3590
3590
3590
3591
3592
3592
3592
3592
3592
3592
3592
3592
3592
3593
3608
3608
3609
3609
3609
3609
3609
3609
3609
3609
3610
3611
3611
3611
3611
3611
3611
3611
3611
3611
3612
3630
3630
3630
3630
3630
3630
3630
3630
3630
3630
3631
3632
3632
3632
3632
3632
3632
3632
3632
3632
3632
3632
3632
3633
3634
3634
3634
3634
3635
3635
3635
3636
3637
3637
3637
3638
3656
3656
3656
3656
3656
3656
3656
3656
3656
3656
3657
3658
3658
3658
3658
3658
3658
3658
3658
3658
3658
3658
3658
3659
3660
3660
3660
3660
3661
3661
3661
3662
3663
3663
3663
3664
3692
3692
3692
3692
3692
3692
3692
3692
3692
3692
3693
3694
3694
3694
3694
3694
3694
3694
3694
3694
3694
3694
3694
3695
3696
3696
3696
3696
3696
3696
3697
3697
3697
3697
3697
3697
3697
3697
3698
3698
3698
3699
3700
3700
3700
3701
3739
3739
3739
3739
3739
3739
3739
3739
3739
3739
3739
3739
3740
3740
3741
3742
3742
3742
3742
3742
3742
3742
3742
3742
3742
3742
3742
3742
3742
3743
3744
3744
3744
3744
3744
3744
3745
3745
3745
3745
3745
3745
3746
3746
3746
3747
3748
3748
3748
3749
3760
3760
3760
3760
3760
3760
3760
3760
3760
3761
3761
3761
3761
3761
3761
3762
3781
3781
3781
3781
3781
3781
3781
3781
3781
3781
3781
3781
3781
3781
3781
3782
3782
3782
3782
3782
3782
3782
3782
3782
3782
3782
3782
3782
3782
3782
3783
3794
3794
3794
3794
3794
3794
3794
3794
3794
3795
3795
3795
3795
3795
3795
3796
3804
3804
3804
3804
3804
3804
3804
3804
3805
3806
3806
3806
3806
3806
3806
3807
3816
3816
3816
3816
3816
3816
3816
3816
3816
3816
3817
3818
3818
3818
3818
3818
3818
3818
3818
3818
3818
3818
3819
3835
3835
3836
3836
3836
3836
3836
3836
3836
3836
3836
3837
3837
3837
3837
3837
3837
3837
3837
3837
3837
3837
3837
3837
3837
3838
3850
3850
3850
3850
3850
3850
3850
3850
3850
3851
3851
3851
3851
3851
3851
3852
3861
3861
3861
3861
3861
3861
3861
3861
3861
3862
3862
3862
3862
3863
3874
3874
3874
3874
3874
3874
3874
3874
3875
3876
3876
3876
3876
3877
3888
3888
3888
3888
3888
3888
3888
3888
3888
3888
3889
3890
3890
3890
3890
3890
3890
3890
3890
3890
3890
3890
3891
3909
3909
3909
3909
3909
3909
3909
3909
3910
3911
3911
3911
3911
3911
3911
3911
3912
3912
3912
3912
3913
3914
3923
3923
3923
3923
3923
3923
3923
3923
3923
3924
3924
3924
3924
3925
3941
3941
3941
3941
3941
3941
3941
3941
3941
3942
3942
3942
3942
3942
3942
3943
3945
3945
3945
3945
3945
3945
3945
3945
3945
3945
3945
3945
3945
3945
3945
3945
3946
3946
3947
3948
3948
3948
3948
3948
3948
3948
3948
3948
3948
3948
3948
3948
3948
3949
3975
3975
3975
3975
3975
3975
3975
3975
3975
3975
3975
3975
3976
3976
3977
3978
3978
3978
3978
3978
3978
3978
3978
3978
3978
3978
3978
3979
3981
3981
3981
3981
3981
3981
3981
3981
3981
3981
3981
3981
3982
3982
3983
3984
3984
3984
3984
3984
3984
3984
3984
3984
3984
3984
3984
3985
4015
4015
4015
4015
4015
4015
4015
4015
4015
4015
4016
4017
4017
4017
4017
4017
4017
4017
4017
4017
4017
4018
4044
4044
4044
4044
4044
4044
4044
4044
4044
4044
4045
4046
4046
4046
4046
4046
4046
4046
4046
4046
4046
4046
4046
4047
4075
4075
4075
4075
4075
4075
4075
4075
4075
4075
4075
4075
4076
4076
4077
4078
4078
4078
4078
4078
4078
4078
4078
4078
4078
4078
4078
4079
4109
4109
4109
4109
4109
4109
4109
4110
4111
4111
4111
4111
4111
4111
4111
4111
4111
4111
4112
4144
4144
4144
4144
4144
4144
4144
4144
4144
4144
4145
4146
4146
4146
4146
4146
4146
4146
4146
4146
4146
4147
4162
4162
4162
4162
4162
4162
4162
4162
4162
4162
4163
4164
4164
4164
4164
4164
4164
4164
4164
4164
4164
4164
4165
4181
4181
4181
4181
4181
4181
4182
4182
4182
4183
4200
4200
4200
4200
4200
4200
4200
4200
4201
4201
4201
4201
4201
4201
4202
4203
4204
