18
18
18
18
18
18
18
18
18
18
18
18
18
20
20
20
20
20
20
20
21
21
21
21
21
21
21
22
22
22
22
22
22
22
24
24
24
24
24
24
24
24
24
24
24
24
24
25
25
25
25
25
25
25
25
25
25
25
25
25
34
34
34
34
34
36
36
36
36
36
36
36
36
36
36
36
36
36
36
36
36
36
36
36
36
36
36
37
37
37
37
38
38
38
38
40
40
40
40
40
40
40
40
40
41
41
41
43
43
44
44
44
44
44
44
44
44
44
44
44
44
44
44
44
44
44
44
44
44
44
44
44
44
45
45
45
45
45
45
45
46
46
46
46
46
46
47
48
48
48
48
48
48
48
48
50
51
51
51
53
53
53
53
53
53
53
53
53
54
54
55
55
55
55
55
55
55
55
55
56
56
56
56
56
56
56
56
57
57
57
57
57
57
58
58
58
58
58
58
58
59
60
60
60
62
62
62
62
62
62
62
62
62
62
62
62
62
62
62
62
62
64
64
64
64
64
64
65
65
65
65
65
65
65
66
66
66
66
66
66
68
68
69
69
69
69
69
69
70
70
70
70
70
70
71
71
71
71
71
71
71
71
73
74
76
77
