18
18
18
18
18
18
18
18
18
18
18
28
28
28
28
28
33
33
33
33
33
33
33
33
36
36
36
36
36
36
36
36
39
39
39
39
39
39
39
39
44
44
44
44
44
44
44
44
46
46
46
46
47
47
47
47
48
48
48
48
49
49
49
49
50
50
50
50
52
52
53
53
53
53
53
53
54
54
54
54
54
54
55
63
63
63
63
63
63
64
64
64
65
67
67
68
68
68
68
68
68
69
69
69
69
69
69
70
78
78
78
78
78
78
79
79
79
80
82
82
83
83
83
83
83
83
84
84
84
84
84
84
85
93
93
93
93
93
93
94
94
94
95
103
103
103
103
103
103
104
104
104
105
113
113
113
113
113
113
114
114
114
115
117
117
117
117
117
117
117
117
118
118
118
118
119
121
121
121
121
121
121
121
121
122
122
122
122
123
133
133
133
133
133
133
133
133
134
134
134
134
135
137
137
137
137
137
137
137
137
138
138
138
138
138
138
139
141
141
141
141
141
141
141
141
142
142
142
142
143
144
145
