18
18
18
18
18
18
18
18
18
18
18
20
20
20
20
20
20
20
21
21
21
21
21
21
21
22
22
22
22
22
22
22
23
23
23
23
23
23
23
24
24
24
24
24
24
24
25
25
25
25
25
25
25
26
26
26
26
26
26
26
28
28
28
28
28
28
28
28
28
28
28
29
29
29
29
29
29
29
29
29
29
29
29
29
30
30
30
30
30
30
30
30
30
30
30
30
30
31
31
31
31
31
31
31
31
31
31
31
31
31
32
32
32
32
32
32
32
32
32
32
32
32
32
61
61
61
61
61
61
63
63
63
63
63
63
63
63
63
63
63
63
63
63
72
72
72
72
72
72
72
72
72
77
77
77
77
77
77
77
77
77
78
78
78
78
78
78
78
79
79
79
79
79
79
79
79
79
79
79
79
79
80
80
80
80
80
80
80
80
80
81
81
81
81
81
82
82
83
83
83
83
83
83
83
83
83
83
83
83
83
83
83
83
84
84
84
84
84
84
84
84
84
84
84
85
85
85
85
85
85
85
85
85
85
85
86
86
86
86
86
86
86
86
86
86
86
87
87
87
87
87
87
87
87
87
87
87
88
88
88
88
88
88
88
88
88
88
88
89
89
89
89
89
89
89
89
91
92
93
93
93
94
101
101
101
101
101
101
101
101
101
101
101
101
101
101
101
101
102
102
102
102
102
102
102
102
102
102
102
102
102
103
103
103
103
103
103
103
103
103
104
104
104
104
104
105
105
107
107
107
107
107
107
107
107
107
107
107
107
107
107
107
107
109
109
109
109
109
109
109
109
109
109
109
109
109
109
109
109
111
111
111
111
111
111
111
111
111
111
111
111
111
111
111
111
113
113
113
113
113
113
113
113
113
113
113
115
115
115
115
115
115
115
115
115
116
116
117
117
117
117
117
117
117
117
119
120
122
122
122
122
122
122
122
122
122
123
126
126
126
126
126
126
126
126
126
127
127
127
127
127
127
127
127
127
127
127
127
127
128
128
128
128
128
128
128
128
128
129
129
129
130
131
131
131
131
131
131
131
131
131
133
133
133
133
133
135
135
135
135
135
135
135
135
135
135
135
137
137
138
138
138
138
138
138
138
138
138
138
138
138
138
138
138
139
139
139
139
139
139
139
139
139
139
139
139
139
139
139
140
140
140
140
140
140
140
141
141
141
141
141
141
141
142
142
142
142
142
142
142
142
142
142
142
142
142
142
142
143
143
143
143
143
143
143
144
144
144
145
145
145
145
145
145
145
145
145
145
145
146
147
147
147
147
147
147
147
147
148
148
148
149
151
151
151
151
151
151
151
151
151
151
151
151
151
151
152
152
152
153
153
153
154
154
154
154
154
154
154
154
154
155
155
156
156
156
157
157
157
158
158
158
158
158
158
158
158
158
159
159
160
160
160
161
161
161
162
162
162
162
162
162
162
162
162
163
163
164
164
165
165
165
165
165
165
165
165
165
166
166
167
169
169
169
170
172
172
172
172
172
173
173
173
173
173
173
173
173
173
173
173
173
173
174
174
174
174
174
174
174
175
175
175
175
175
175
175
175
176
176
176
176
176
176
176
176
176
176
176
177
178
180
180
180
180
180
180
180
180
180
180
180
180
180
180
181
181
181
181
181
181
181
182
182
182
183
184
184
184
184
184
184
184
184
184
185
185
185
186
198
198
198
198
198
198
198
198
198
198
198
198
198
198
198
199
199
199
199
199
199
199
199
201
201
201
201
201
201
201
201
201
202
202
202
202
202
202
202
204
204
204
204
204
204
204
204
204
205
205
205
205
205
205
206
206
206
207
208
209
209
209
210
239
239
239
239
239
239
239
239
240
240
240
240
240
240
240
240
240
240
241
243
243
243
243
243
243
243
243
243
243
243
244
244
244
244
244
244
244
244
244
244
244
244
244
244
245
245
245
246
248
248
248
248
248
248
248
249
261
261
261
261
261
261
261
261
261
261
261
261
261
261
261
261
261
261
262
262
262
262
262
262
262
262
262
262
262
263
263
263
263
263
263
263
264
264
264
264
264
264
264
264
264
264
264
265
267
267
267
267
267
267
267
267
267
267
267
267
267
268
285
285
285
285
285
285
285
285
285
285
285
285
285
285
286
286
286
286
286
286
286
286
286
286
286
286
286
286
286
286
286
286
286
286
286
286
286
286
286
286
286
286
286
286
286
286
286
286
286
286
286
286
286
286
286
287
287
287
287
287
287
287
288
289
289
289
289
289
289
289
289
289
289
289
290
306
306
306
306
306
306
306
306
306
306
306
306
306
306
307
307
307
307
307
307
307
307
307
307
307
307
307
307
307
307
307
307
307
307
307
307
307
307
307
307
307
307
307
307
307
307
307
307
307
308
308
308
308
308
308
308
309
310
310
310
310
310
310
310
310
310
310
310
311
327
327
327
327
327
327
327
327
327
327
327
327
327
327
328
328
328
328
328
328
328
328
328
328
329
343
343
343
343
343
343
343
343
343
343
343
344
344
344
344
344
344
344
344
344
344
344
344
345
345
345
345
345
345
345
346
347
347
347
347
347
347
347
347
347
347
347
348
360
360
360
360
360
360
360
360
360
360
360
360
360
360
361
361
361
361
361
361
361
361
361
361
361
361
361
362
362
362
362
362
362
362
363
364
364
364
364
364
364
364
364
364
364
364
364
364
364
364
365
379
379
379
379
379
379
379
379
379
379
379
380
380
380
380
380
380
380
380
380
381
393
393
393
393
393
393
393
393
393
393
393
393
393
393
394
394
394
394
394
394
394
394
394
394
395
407
407
407
407
407
407
407
407
408
408
408
408
408
408
408
408
408
408
408
408
408
409
409
409
410
412
412
412
412
412
412
412
412
412
412
412
412
412
412
412
412
412
412
412
412
412
412
413
413
413
413
413
413
413
413
413
414
414
414
414
414
414
414
415
416
434
434
434
434
434
434
434
434
434
434
434
434
434
435
435
435
435
435
435
435
435
435
435
435
435
435
435
435
435
435
435
435
435
435
435
435
435
435
435
435
435
435
435
435
435
435
435
435
435
435
435
435
435
435
435
436
436
436
437
439
439
439
439
439
439
439
439
439
439
439
439
439
439
440
440
440
440
440
440
440
440
440
440
440
440
440
442
442
442
443
443
443
443
443
443
443
443
443
443
443
443
443
443
443
444
444
444
444
444
444
444
445
446
448
448
448
448
448
448
448
448
448
448
449
449
449
449
449
449
449
450
450
450
450
450
451
453
453
453
453
453
453
453
453
453
453
453
453
454
454
454
454
454
454
454
456
456
456
457
474
474
474
474
474
474
474
474
474
474
474
474
474
475
475
475
475
475
475
475
475
475
475
475
475
475
475
475
475
475
475
475
475
475
475
475
475
475
475
475
475
475
475
475
475
475
475
475
475
476
476
476
477
479
479
479
479
479
480
496
496
496
496
496
496
496
496
496
496
497
497
497
497
497
497
497
497
497
497
497
497
497
498
498
498
499
501
501
501
501
501
502
515
515
515
515
515
515
515
515
515
515
515
515
515
516
516
516
516
516
516
516
516
516
516
516
516
516
516
517
517
517
518
519
519
519
519
519
520
528
528
528
528
528
528
528
528
528
528
529
529
529
529
529
529
529
529
529
529
529
529
529
529
529
529
530
530
530
531
533
533
533
533
533
533
533
533
533
533
533
533
533
534
534
534
535
535
535
535
535
535
535
535
535
535
535
535
535
535
536
536
536
536
536
536
536
536
536
536
536
536
536
536
536
537
537
537
537
537
537
537
538
539
539
539
539
539
539
539
539
539
539
540
541
551
551
551
551
551
551
551
551
552
552
552
552
552
552
552
552
552
552
553
563
563
563
563
563
563
563
563
563
563
563
563
563
563
563
564
564
564
564
564
564
564
564
564
564
564
564
564
565
565
565
565
565
565
565
565
565
566
566
566
566
566
567
567
569
569
569
569
569
569
569
569
569
569
569
569
569
569
569
571
571
571
571
571
571
571
571
571
571
572
572
573
573
573
573
573
573
573
573
575
576
577
577
577
577
577
577
577
577
577
578
603
603
603
603
603
603
603
603
604
604
604
604
604
604
604
604
604
604
604
604
604
605
605
605
606
608
608
608
608
608
608
608
609
611
611
611
611
611
611
611
611
611
611
615
615
615
615
615
615
615
615
615
615
615
615
615
615
615
617
617
617
618
618
618
618
618
618
618
618
618
618
618
618
618
619
619
619
619
619
619
619
619
619
619
619
619
619
619
619
620
620
620
620
620
620
620
620
620
621
621
621
621
621
621
621
622
622
622
622
622
622
622
623
624
624
624
624
624
624
624
625
626
627
627
627
627
628
628
628
628
628
628
628
628
628
628
628
628
628
628
628
629
629
629
630
632
632
632
632
632
632
632
632
632
632
632
632
633
633
633
633
633
633
633
635
635
635
636
638
638
638
638
638
638
638
638
638
638
638
638
638
638
638
638
638
638
638
639
639
639
639
639
639
639
639
639
639
639
639
639
639
639
639
639
639
639
639
639
640
640
640
641
643
643
643
643
643
643
643
644
644
644
644
644
644
644
644
644
645
647
647
647
647
647
647
647
648
650
650
650
650
650
650
650
650
650
650
650
650
650
650
650
650
650
650
650
651
651
651
651
651
651
651
652
652
652
652
652
652
652
652
652
652
652
652
652
652
652
652
653
653
653
654
655
655
655
655
655
655
655
655
655
655
655
655
655
655
655
655
656
656
656
657
659
659
659
659
659
659
659
660
660
660
660
660
660
660
660
660
661
663
663
663
663
663
663
663
664
672
672
672
672
672
672
672
672
673
673
673
673
673
673
673
673
673
674
682
682
683
683
683
683
683
683
683
683
683
683
683
684
684
684
684
684
684
684
684
684
685
694
694
695
695
695
695
695
695
695
695
695
695
695
695
695
695
695
696
696
696
696
696
696
696
696
696
697
697
697
697
697
697
697
697
697
697
697
698
698
698
698
698
698
698
699
699
699
700
709
709
709
709
709
709
709
709
709
709
709
710
710
710
710
710
710
710
710
711
736
736
736
736
736
736
736
736
736
736
736
736
736
736
736
737
737
737
737
737
737
737
737
737
737
737
737
738
747
747
747
747
747
747
747
747
747
747
747
748
748
748
748
748
748
748
748
748
748
748
749
774
774
774
774
774
774
774
774
774
774
774
774
774
774
774
775
775
775
775
775
775
775
775
775
775
775
775
777
786
786
787
787
787
787
787
787
787
787
787
787
787
787
787
787
787
788
788
788
788
788
788
788
788
788
789
789
789
789
789
789
789
789
789
789
789
790
790
790
790
790
790
790
791
791
791
792
800
800
800
800
800
800
800
800
801
801
801
801
801
801
802
810
810
811
811
811
811
811
811
811
811
811
811
811
812
812
812
812
812
812
812
812
812
813
822
822
823
823
823
823
823
823
823
823
823
823
823
823
823
823
823
824
824
824
824
824
824
824
824
824
825
825
825
825
825
825
825
825
825
825
825
826
826
826
826
826
826
826
827
827
827
828
837
837
837
837
837
837
837
837
837
837
837
838
838
838
838
838
838
838
838
839
864
864
864
864
864
864
864
864
864
864
864
864
864
864
864
865
865
865
865
865
865
865
865
865
865
865
865
866
875
875
875
875
875
875
875
875
875
875
875
876
876
876
876
876
876
876
876
876
876
876
877
903
903
903
903
903
903
903
903
903
903
903
903
903
903
903
904
904
904
904
904
904
904
904
904
904
904
904
906
915
915
916
916
916
916
916
916
916
916
916
916
916
916
916
916
916
917
917
917
917
917
917
917
917
917
918
918
918
918
918
918
918
918
918
918
918
919
919
919
919
919
919
919
920
920
920
921
929
929
929
929
929
929
929
929
930
930
930
930
930
930
930
930
930
931
939
939
940
940
940
940
940
940
940
940
940
940
940
941
941
941
941
941
941
941
941
941
942
951
951
952
952
952
952
952
952
952
952
952
952
952
952
952
952
952
953
953
953
953
953
953
953
953
953
954
954
954
954
954
954
954
954
954
954
954
955
955
955
955
955
955
955
956
956
956
957
966
966
966
966
966
966
966
966
966
966
966
967
967
967
967
967
967
967
967
968
993
993
993
993
993
993
993
993
993
993
993
993
993
993
993
994
994
994
994
994
994
994
994
994
994
994
994
995
1004
1004
1004
1004
1004
1004
1004
1004
1004
1004
1004
1005
1005
1005
1005
1005
1005
1005
1005
1005
1005
1005
1006
1032
1032
1032
1032
1032
1032
1032
1032
1032
1032
1032
1032
1032
1032
1032
1033
1033
1033
1033
1033
1033
1033
1033
1033
1033
1033
1033
1035
1044
1044
1045
1045
1045
1045
1045
1045
1045
1045
1045
1045
1045
1045
1045
1045
1045
1046
1046
1046
1046
1046
1046
1046
1046
1046
1047
1047
1047
1047
1047
1047
1047
1047
1047
1047
1047
1048
1048
1048
1048
1048
1048
1048
1049
1049
1049
1050
1058
1058
1059
1059
1059
1059
1059
1059
1059
1059
1059
1059
1059
1060
1060
1060
1060
1060
1060
1060
1060
1060
1061
1070
1070
1071
1071
1071
1071
1071
1071
1071
1071
1071
1071
1071
1071
1071
1071
1071
1072
1072
1072
1072
1072
1072
1072
1072
1072
1072
1072
1072
1072
1072
1073
1083
1083
1083
1083
1083
1083
1083
1083
1083
1083
1083
1084
1084
1084
1084
1084
1084
1084
1084
1084
1084
1084
1085
1096
1096
1096
1096
1096
1096
1096
1096
1096
1096
1096
1096
1096
1096
1096
1097
1097
1097
1097
1097
1097
1097
1097
1097
1097
1098
1110
1110
1110
1110
1110
1110
1110
1110
1110
1110
1110
1111
1111
1111
1111
1111
1111
1111
1111
1111
1111
1111
1111
1111
1111
1112
1112
1112
1113
1115
1115
1115
1115
1115
1115
1115
1116
1125
1125
1126
1126
1126
1126
1126
1126
1126
1126
1126
1126
1126
1126
1126
1126
1126
1127
1127
1127
1127
1127
1127
1127
1127
1127
1127
1127
1128
1141
1141
1142
1142
1142
1142
1142
1142
1142
1142
1142
1142
1142
1142
1142
1142
1142
1142
1142
1142
1142
1143
1143
1143
1143
1143
1143
1143
1143
1143
1143
1143
1143
1143
1143
1143
1143
1144
1155
1155
1155
1155
1155
1155
1155
1155
1155
1155
1155
1155
1155
1155
1155
1156
1156
1156
1156
1156
1156
1156
1156
1156
1156
1156
1156
1156
1157
1169
1169
1169
1169
1169
1169
1169
1169
1169
1169
1169
1169
1169
1169
1169
1169
1169
1169
1169
1170
1170
1170
1170
1170
1170
1170
1170
1170
1170
1170
1170
1171
1184
1184
1184
1184
1184
1184
1184
1184
1184
1184
1184
1184
1184
1184
1184
1185
1185
1185
1185
1185
1185
1185
1185
1185
1185
1185
1185
1185
1185
1185
1185
1186
1186
1186
1187
1189
1189
1189
1189
1189
1189
1189
1190
1199
1199
1199
1199
1199
1199
1199
1199
1199
1199
1199
1200
1200
1200
1200
1200
1200
1200
1200
1201
1209
1209
1210
1210
1210
1210
1210
1210
1210
1210
1210
1210
1210
1211
1211
1211
1211
1211
1211
1211
1211
1211
1212
1212
1212
1212
1212
1212
1212
1212
1212
1213
1213
1213
1213
1213
1213
1213
1214
1214
1214
1216
1224
1224
1225
1225
1225
1225
1225
1225
1225
1225
1225
1225
1225
1226
1226
1226
1226
1226
1226
1226
1226
1226
1227
1236
1236
1237
1237
1237
1237
1237
1237
1237
1237
1237
1237
1237
1237
1237
1237
1237
1238
1238
1238
1238
1238
1238
1238
1238
1238
1239
1239
1239
1239
1239
1239
1239
1239
1239
1239
1239
1240
1240
1240
1240
1240
1240
1240
1241
1241
1241
1242
1251
1251
1251
1251
1251
1251
1251
1251
1251
1251
1251
1252
1252
1252
1252
1252
1252
1252
1252
1253
1271
1271
1271
1271
1271
1271
1271
1271
1271
1271
1271
1271
1271
1271
1271
1272
1272
1272
1272
1272
1272
1272
1272
1272
1272
1272
1272
1272
1272
1273
1273
1273
1274
1276
1276
1276
1276
1276
1276
1276
1277
1277
1277
1277
1277
1277
1277
1277
1277
1278
1280
1280
1280
1281
1290
1290
1290
1290
1290
1290
1290
1290
1290
1290
1290
1291
1291
1291
1291
1291
1291
1291
1291
1291
1291
1291
1292
1311
1311
1311
1311
1311
1311
1311
1311
1311
1311
1311
1311
1311
1311
1311
1312
1312
1312
1312
1312
1312
1312
1313
1313
1313
1313
1313
1313
1313
1313
1313
1313
1313
1313
1313
1313
1314
1314
1314
1315
1316
1316
1316
1316
1316
1316
1316
1316
1316
1316
1316
1316
1316
1316
1316
1317
1317
1317
1318
1320
1320
1320
1320
1320
1320
1320
1321
1321
1321
1321
1321
1321
1321
1321
1321
1322
1324
1324
1324
1325
1334
1334
1335
1335
1335
1335
1335
1335
1335
1335
1335
1335
1335
1335
1335
1335
1335
1336
1336
1336
1336
1336
1336
1336
1336
1336
1337
1337
1337
1337
1337
1337
1337
1337
1337
1337
1337
1338
1338
1338
1338
1338
1338
1338
1339
1339
1339
1341
1350
1350
1350
1350
1350
1350
1350
1350
1350
1350
1350
1351
1351
1351
1351
1351
1351
1351
1351
1352
1368
1368
1368
1368
1368
1368
1368
1368
1368
1368
1368
1368
1368
1368
1368
1369
1369
1369
1369
1369
1369
1369
1369
1369
1369
1369
1369
1369
1369
1370
1370
1370
1371
1373
1373
1373
1373
1373
1373
1373
1374
1374
1374
1374
1374
1374
1374
1374
1374
1375
1377
1377
1377
1378
1386
1386
1386
1386
1386
1386
1386
1386
1387
1387
1387
1387
1387
1387
1387
1387
1387
1388
1405
1405
1405
1405
1405
1405
1405
1405
1405
1405
1405
1406
1406
1406
1406
1406
1406
1406
1406
1406
1406
1406
1406
1406
1407
1407
1407
1408
1410
1410
1410
1410
1410
1410
1410
1411
1411
1411
1411
1411
1411
1411
1411
1411
1412
1414
1414
1414
1415
1423
1423
1424
1424
1424
1424
1424
1424
1424
1424
1424
1424
1424
1425
1425
1425
1425
1425
1425
1425
1425
1425
1426
1426
1426
1426
1426
1426
1426
1426
1426
1427
1427
1427
1427
1427
1427
1427
1428
1428
1428
1430
1438
1438
1438
1438
1438
1438
1438
1438
1439
1439
1439
1439
1439
1439
1439
1439
1439
1440
1459
1459
1459
1459
1459
1459
1459
1459
1459
1459
1459
1460
1460
1460
1460
1460
1460
1460
1460
1460
1460
1460
1460
1460
1461
1461
1461
1462
1464
1464
1464
1464
1464
1464
1464
1465
1465
1465
1465
1465
1465
1465
1465
1465
1466
1468
1468
1468
1469
1477
1477
1478
1478
1478
1478
1478
1478
1478
1478
1478
1478
1478
1479
1479
1479
1479
1479
1479
1479
1479
1479
1480
1480
1480
1480
1480
1480
1480
1480
1480
1481
1481
1481
1481
1481
1481
1481
1482
1482
1482
1483
1484
1485
