18
18
18
18
18
18
18
18
18
18
18
20
20
20
20
20
20
20
21
21
21
21
21
21
21
22
22
22
22
22
22
22
24
24
24
24
24
24
24
24
24
24
24
24
24
29
29
29
29
29
29
36
36
36
36
36
36
36
36
36
36
37
37
37
37
37
37
37
37
37
37
37
38
46
46
46
46
46
46
46
46
46
46
46
46
46
46
47
47
47
47
47
47
47
47
47
47
47
48
58
58
58
58
58
58
58
58
58
58
58
58
58
58
58
58
58
58
59
59
59
59
59
59
59
59
59
59
59
59
59
59
59
60
60
60
60
60
60
60
61
62
62
62
62
62
62
62
62
62
62
62
62
62
62
62
62
62
62
62
62
62
62
62
62
62
62
62
63
63
63
63
63
63
63
63
63
64
64
64
64
64
64
64
64
64
64
64
65
66
66
66
66
66
66
66
66
66
67
67
67
67
67
67
67
67
67
68
69
78
78
78
78
78
78
78
78
78
78
78
78
78
78
79
79
79
79
79
79
79
79
79
80
82
82
82
82
83
83
83
83
84
84
84
84
85
85
85
85
87
87
87
87
89
89
89
89
90
90
90
90
90
90
90
92
92
92
92
94
94
94
94
94
94
96
96
96
96
96
97
97
97
97
97
98
100
100
102
102
102
102
102
102
102
102
102
102
102
102
102
103
110
110
110
110
110
110
110
110
110
111
111
111
111
111
111
111
111
111
111
111
111
111
112
112
113
114
114
114
114
114
114
114
115
115
115
115
115
115
115
115
115
116
117
117
117
117
118
118
118
118
118
118
118
118
118
118
118
118
118
118
119
121
121
121
121
121
121
122
122
122
122
123
125
125
125
125
125
125
126
126
126
127
129
129
130
130
130
130
130
130
131
131
131
131
131
131
132
134
134
134
134
134
134
135
135
135
136
138
138
138
138
138
138
139
139
139
140
142
142
142
142
142
142
143
143
143
144
151
151
151
151
151
151
151
151
152
152
152
152
152
152
152
153
153
153
153
153
154
155
155
155
155
155
155
155
155
155
155
156
158
158
158
158
158
158
159
159
159
160
162
162
163
163
163
163
163
163
164
164
164
164
164
164
164
164
165
167
167
168
168
168
168
168
168
169
169
169
169
169
169
170
172
172
173
173
173
173
173
173
174
174
174
175
177
177
178
178
178
178
178
178
178
178
179
179
179
179
179
180
182
182
182
182
182
182
182
182
182
183
183
183
183
184
186
186
187
187
187
187
187
187
187
187
187
188
188
188
188
189
191
191
191
191
191
191
191
191
191
192
192
192
192
193
195
195
196
196
196
196
196
196
196
196
196
197
197
197
197
197
197
197
197
197
198
198
198
198
199
201
201
201
201
201
201
201
201
201
202
202
202
202
203
205
205
205
205
205
205
205
205
205
206
206
206
206
207
209
209
210
210
210
210
210
210
210
210
210
211
211
211
211
211
211
211
211
211
212
212
212
212
213
215
215
215
215
215
215
215
215
215
216
216
216
216
217
219
219
220
220
220
220
220
220
221
221
221
221
221
221
221
222
222
222
222
223
224
224
224
225
233
233
233
233
233
233
234
234
234
234
234
235
235
235
235
235
235
235
235
236
236
236
236
236
236
236
236
236
236
238
238
238
238
238
240
240
240
240
240
240
241
241
241
241
245
245
245
245
245
245
245
245
245
245
245
245
245
245
245
245
246
246
246
247
249
249
249
249
249
249
249
249
249
249
249
249
249
249
249
249
249
249
249
249
249
249
249
249
249
249
249
249
249
250
250
250
250
250
250
250
250
250
250
250
250
250
250
250
250
250
250
250
250
250
250
250
250
250
250
252
252
252
252
252
252
252
252
252
252
252
252
252
252
253
253
253
253
254
254
254
254
255
255
255
255
255
255
255
255
255
255
255
255
255
255
255
255
255
255
255
255
255
255
255
255
255
255
255
255
255
255
255
255
255
255
255
255
255
257
257
257
257
257
257
257
259
259
259
259
259
259
259
259
259
259
259
259
259
259
259
259
259
259
259
259
259
259
259
259
259
260
260
260
261
263
263
263
263
263
263
263
263
263
263
263
263
263
263
263
263
263
263
263
263
263
263
263
263
263
263
263
263
263
263
263
263
263
263
263
263
263
263
263
263
263
263
264
264
264
264
264
264
265
265
265
265
266
267
268
270
270
270
270
270
270
270
270
270
270
271
271
271
271
272
274
274
274
274
274
276
276
276
276
276
276
276
276
276
276
276
276
276
276
276
276
276
276
277
277
277
278
280
280
280
280
280
280
280
280
280
280
280
281
281
281
281
282
282
282
283
283
283
283
283
283
283
283
283
283
283
284
285
286
288
288
289
289
289
289
289
289
290
290
290
291
293
293
294
294
294
294
294
294
295
295
295
295
295
295
295
295
295
295
295
296
298
299
