18
18
18
18
18
18
18
18
18
18
18
18
18
20
20
20
20
20
20
20
22
22
22
22
22
22
22
22
22
22
22
22
22
23
23
23
23
23
23
23
23
23
23
23
23
23
23
23
36
36
36
36
36
38
38
38
38
38
38
38
38
38
38
38
38
39
39
39
39
40
40
40
40
41
41
41
41
42
42
42
42
43
43
43
43
45
45
45
45
45
45
45
45
45
46
46
46
46
46
46
46
46
46
47
47
47
47
47
47
47
48
48
49
51
51
51
51
51
51
51
53
53
53
53
53
53
53
54
54
54
54
54
54
54
55
55
55
55
55
55
55
56
56
56
56
56
56
56
58
58
59
59
59
59
59
59
59
60
60
60
60
60
60
60
60
61
61
61
61
61
61
61
61
61
62
62
62
62
62
62
63
63
63
63
63
63
63
64
66
66
67
67
67
67
67
67
67
67
67
67
67
68
68
68
68
68
68
68
68
69
69
70
70
70
70
70
70
71
71
71
71
71
71
71
71
72
73
73
73
73
73
73
74
74
74
74
74
74
74
74
74
75
75
75
75
75
75
75
76
78
78
78
78
78
78
78
78
78
78
78
78
78
78
78
78
78
78
78
78
78
78
78
78
78
80
80
81
81
81
81
81
81
82
82
82
82
82
82
82
82
83
83
83
83
83
83
84
84
84
84
84
84
84
85
87
87
87
87
87
87
87
88
90
91
