18
18
18
18
18
18
18
18
18
18
18
20
20
20
20
20
20
20
21
21
21
21
21
21
21
22
22
22
22
22
22
22
23
23
23
23
23
23
23
25
25
25
25
25
25
25
25
25
26
26
26
26
26
26
26
26
26
27
27
27
27
27
27
27
27
27
28
28
28
28
28
28
28
28
28
29
29
29
29
29
29
29
29
29
30
30
30
30
30
30
30
30
30
31
31
31
31
31
31
31
31
31
33
33
33
33
33
33
33
33
33
33
33
33
33
34
34
34
34
34
34
34
34
34
34
34
34
34
35
35
35
35
35
35
35
35
35
35
35
35
35
62
62
62
62
62
62
64
64
64
64
64
64
64
64
68
68
68
68
68
71
71
71
71
71
74
74
74
74
79
79
79
79
79
79
82
82
82
82
82
82
85
85
85
85
88
88
88
88
91
91
91
91
94
94
94
94
99
99
99
99
99
100
100
100
100
100
100
100
101
108
108
108
108
108
108
108
108
109
109
109
109
109
109
109
110
118
118
118
118
118
118
118
118
118
118
118
118
119
119
119
119
120
120
120
120
121
121
121
121
122
130
130
130
130
130
130
130
130
131
131
131
131
131
131
131
132
139
139
139
139
139
139
139
139
140
140
140
140
140
140
140
141
149
149
149
149
149
149
149
149
149
149
149
149
150
150
150
150
151
151
151
151
152
162
162
162
162
162
162
162
162
162
162
162
162
162
162
162
162
163
163
163
163
163
164
164
164
164
165
165
165
165
166
175
175
176
176
176
176
176
176
176
176
178
178
178
178
178
179
179
179
179
180
180
180
180
181
182
182
182
182
182
182
184
192
192
192
192
192
192
192
192
193
193
193
193
193
193
193
193
193
193
193
193
193
193
194
194
194
196
197
197
197
197
198
198
198
199
207
207
207
207
207
207
207
207
208
208
208
208
208
208
208
209
209
209
209
209
209
209
209
209
209
209
209
210
211
211
211
212
220
220
220
220
220
220
220
220
221
221
221
221
221
221
221
222
222
222
222
222
222
222
222
222
222
222
222
223
224
224
224
225
233
233
233
233
233
233
234
234
234
235
242
242
242
242
242
242
243
243
243
244
251
251
251
251
251
251
252
252
252
253
260
260
260
260
260
260
260
260
261
261
261
261
261
261
261
262
262
262
262
262
262
262
262
262
262
262
262
262
262
262
262
262
263
264
272
272
272
272
272
272
273
273
273
274
281
281
281
281
281
281
281
281
282
282
282
282
284
284
284
284
284
284
284
284
284
284
285
285
285
285
285
285
285
285
285
285
285
285
285
285
285
285
285
285
286
286
286
286
286
286
286
286
287
287
287
287
287
287
287
287
287
287
287
287
287
287
287
287
287
287
287
287
288
288
288
288
288
288
288
289
289
289
289
289
289
289
291
291
291
291
291
292
292
292
292
292
292
292
293
294
294
294
294
294
294
294
295
295
295
295
295
295
295
296
297
297
297
297
297
297
297
298
298
298
298
298
298
298
299
300
300
300
300
300
300
303
303
303
303
304
304
304
304
304
304
304
304
305
305
305
305
305
305
305
305
306
306
306
306
306
306
306
306
306
306
306
306
306
306
307
307
307
307
307
307
307
307
307
307
307
307
307
307
309
309
309
309
309
309
309
309
309
309
309
309
309
309
309
309
309
309
309
309
309
310
310
310
310
310
310
310
311
312
319
319
319
319
319
319
319
319
319
319
319
320
320
320
320
320
320
320
320
321
328
328
328
328
328
328
328
328
328
328
328
329
329
329
329
329
329
329
329
330
338
338
338
338
338
338
338
338
338
339
339
339
339
340
348
348
348
348
348
348
348
348
348
349
349
349
349
350
358
358
358
358
358
358
358
358
358
359
359
359
359
360
368
368
368
368
368
368
368
368
368
369
369
369
369
370
371
374
