18
18
18
18
18
18
18
18
18
18
18
20
20
20
20
20
20
20
21
21
21
21
21
21
21
22
22
22
22
22
22
22
23
23
23
23
23
23
23
35
35
35
35
35
35
36
36
36
36
36
36
36
36
38
38
38
38
39
39
39
39
40
40
40
40
41
41
41
41
41
41
42
42
42
42
47
47
47
47
47
48
48
48
48
48
48
48
49
56
56
56
56
56
56
56
56
57
57
57
57
57
57
57
58
65
65
65
65
65
65
65
65
66
66
66
66
66
66
66
67
75
75
75
75
75
75
75
75
75
75
75
75
77
77
77
77
77
79
79
79
79
79
79
80
80
80
80
80
80
81
81
81
81
81
81
82
89
89
90
90
90
90
90
90
90
90
91
91
91
91
91
91
92
92
92
92
92
92
92
92
92
92
92
92
92
92
93
93
93
93
93
94
94
94
94
94
94
95
102
102
102
102
102
102
102
102
103
103
103
103
103
103
103
103
104
114
114
115
115
115
115
115
115
115
115
115
115
115
115
115
116
116
116
116
116
116
116
117
120
120
120
120
120
120
120
121
121
121
121
121
121
121
122
122
123
124
124
125
125
125
125
125
125
126
126
126
127
127
127
127
128
129
139
139
140
140
140
140
140
140
140
140
140
140
140
140
140
141
141
141
141
141
141
141
142
148
148
149
149
149
149
149
149
149
149
150
150
151
151
151
151
151
151
151
152
152
152
152
152
152
153
154
154
154
154
154
154
154
155
155
155
155
155
155
156
157
157
157
158
158
158
158
159
159
159
159
160
160
160
160
160
160
161
162
164
164
164
164
164
164
164
165
165
165
165
165
165
165
166
166
166
166
166
166
166
167
168
168
168
168
168
168
169
177
177
177
177
177
177
178
178
178
179
188
188
188
188
188
188
188
188
188
190
190
190
190
190
190
190
190
190
190
190
192
202
202
202
202
202
202
203
203
203
204
211
211
211
211
211
211
212
212
212
213
222
222
222
222
222
222
222
222
222
224
224
224
224
224
224
224
224
224
224
224
226
232
232
232
232
232
233
233
233
233
234
234
234
234
234
235
235
235
235
235
235
236
237
237
237
237
237
237
237
238
238
238
238
238
238
239
240
259
259
259
259
259
259
259
259
259
259
260
260
260
260
260
260
261
268
268
269
269
269
269
269
269
269
269
269
270
270
270
270
270
270
270
271
279
279
279
279
279
279
279
279
279
280
280
280
280
280
280
280
281
294
294
294
294
294
294
294
294
294
294
294
294
294
294
294
295
295
295
295
295
295
296
311
311
311
311
311
311
311
311
311
311
311
311
311
312
312
312
312
312
313
329
329
329
329
329
329
329
329
329
329
329
329
329
329
329
330
330
330
330
330
330
330
330
330
331
331
331
331
331
331
331
332
333
333
333
333
333
334
356
356
356
356
356
356
356
356
356
357
357
357
357
358
364
364
364
364
364
364
365
365
365
365
365
365
366
374
374
374
374
374
374
374
375
375
375
375
375
375
376
382
382
383
383
383
383
383
383
384
384
384
384
384
384
385
386
387
