18
18
18
18
18
18
18
18
18
18
18
25
25
25
25
25
29
29
29
29
29
29
29
34
34
34
34
39
39
39
39
44
44
44
44
49
49
49
49
54
54
54
54
59
59
59
59
72
72
72
72
72
72
72
72
72
72
72
72
72
72
72
72
72
72
72
72
72
72
72
72
73
73
73
73
74
74
74
74
75
75
75
75
76
76
76
76
77
77
77
77
78
92
92
92
92
92
92
92
92
92
92
92
92
92
92
92
92
92
93
93
93
94
102
102
102
102
102
102
103
103
103
104
112
112
112
112
112
112
113
113
113
114
122
122
122
122
122
123
123
123
124
132
132
132
132
132
132
133
133
133
134
142
142
142
142
142
142
143
143
143
144
152
152
152
152
152
152
153
153
153
154
162
162
162
162
162
163
163
163
164
172
172
172
172
172
172
172
172
172
173
173
173
173
174
182
182
182
182
182
182
182
182
182
183
183
183
183
184
192
192
192
192
192
192
192
192
193
193
193
193
194
202
202
202
202
202
202
202
202
202
203
203
203
203
204
212
212
212
212
212
212
212
212
212
213
213
213
213
214
222
222
222
222
222
222
222
222
223
223
223
223
224
235
235
235
235
235
235
235
235
236
236
236
237
248
248
248
248
248
248
248
248
249
249
249
250
251
252
