18
18
18
18
18
18
18
18
18
18
18
20
20
20
20
20
20
20
21
21
21
21
21
21
21
37
37
37
37
37
37
37
39
39
39
39
39
39
39
39
42
42
42
42
42
42
42
42
45
45
45
45
45
45
45
45
48
48
48
48
48
48
48
48
53
53
53
53
53
53
53
53
56
56
56
56
56
56
56
56
59
59
59
59
59
59
59
59
62
62
62
62
62
62
62
62
65
65
65
65
65
68
68
68
68
68
76
76
76
76
76
76
76
76
76
77
77
77
77
77
77
77
77
77
77
77
77
77
77
77
77
77
77
77
78
78
78
79
79
79
79
80
80
80
80
80
80
81
81
81
81
83
83
83
83
83
83
83
83
84
84
84
84
84
84
84
84
86
86
86
86
86
86
86
86
86
86
86
86
87
87
87
87
87
87
87
88
90
90
90
90
90
90
90
90
90
90
90
90
90
90
90
90
90
90
90
90
90
92
92
92
92
92
92
92
93
93
93
93
93
93
93
94
96
96
96
96
97
97
97
97
97
97
97
99
99
99
99
99
99
99
99
99
99
99
99
99
99
100
100
100
100
100
100
100
100
100
100
100
100
100
101
101
101
102
104
104
104
104
104
104
104
104
105
115
115
115
115
115
115
115
115
115
115
115
115
115
115
115
115
115
115
115
115
116
116
116
116
116
116
116
116
116
116
116
118
118
118
118
118
118
119
119
119
119
119
119
120
127
127
127
127
127
127
128
128
128
129
136
136
136
136
136
136
137
137
137
138
147
147
148
148
148
148
148
148
149
149
149
149
149
149
150
150
150
150
152
152
152
152
152
152
152
152
154
154
154
154
154
154
154
154
154
154
155
155
155
155
155
155
155
156
156
156
156
156
156
156
156
156
156
157
157
157
157
157
157
157
157
157
157
157
157
157
157
157
157
157
157
157
158
158
158
158
158
158
158
158
158
158
158
158
158
158
160
160
160
160
160
160
160
160
160
160
160
160
160
160
160
160
160
160
160
162
162
162
162
162
162
162
162
162
164
164
164
164
164
164
164
164
164
164
164
164
164
164
164
165
175
175
176
176
176
176
176
176
176
176
176
176
176
176
176
176
177
177
177
177
179
179
179
179
179
179
179
179
181
181
181
181
181
181
181
182
182
182
182
182
182
182
182
182
182
183
183
183
183
183
183
183
183
183
183
183
183
183
183
183
183
183
183
183
184
184
184
184
184
184
184
184
184
184
184
184
184
184
186
186
186
186
186
186
186
186
186
186
186
186
186
186
186
186
186
186
186
188
188
188
188
188
188
188
188
188
190
190
190
190
190
190
190
191
191
191
191
191
191
191
192
192
192
192
192
192
192
193
193
193
193
193
193
193
193
193
195
195
195
196
203
203
204
204
204
204
204
204
205
205
205
205
205
205
205
205
205
205
205
205
205
205
205
206
207
208
