18
18
18
18
18
18
18
18
18
18
18
20
20
20
20
20
20
20
21
21
21
21
21
21
21
22
22
22
22
22
22
22
32
32
32
32
32
32
32
33
33
33
33
40
40
40
40
40
40
40
40
41
41
41
41
41
42
42
42
42
43
51
51
52
52
52
52
52
52
52
52
52
52
52
52
52
52
53
53
53
53
53
53
53
53
53
53
53
54
64
64
65
65
65
65
65
65
65
65
65
65
65
65
65
65
65
65
65
65
65
65
66
66
66
66
66
66
66
66
67
67
67
67
67
67
67
67
67
68
69
78
78
79
79
79
79
79
79
79
79
79
79
79
79
80
80
80
80
80
81
81
81
82
82
82
82
83
83
83
83
83
83
83
84
84
85
85
85
86
86
86
86
86
86
87
87
87
87
87
87
87
88
90
90
91
91
91
91
92
92
92
92
92
92
92
93
94
96
97
