17
17
17
17
17
17
17
17
17
19
19
19
19
19
19
19
20
20
20
20
20
20
20
22
22
22
22
22
22
22
22
22
23
23
23
23
23
23
23
23
23
24
24
24
24
24
24
24
24
24
25
25
25
25
25
25
25
25
25
25
25
27
27
27
27
27
27
27
27
27
27
27
27
27
41
41
42
42
42
42
42
42
44
44
44
44
44
44
44
44
45
45
45
45
46
46
46
46
47
47
47
47
48
48
48
48
55
55
55
55
55
55
55
55
56
56
56
56
56
56
57
57
57
57
57
57
57
57
58
64
64
64
64
64
64
64
64
65
65
65
65
65
65
65
65
65
65
65
66
72
72
73
73
73
73
73
73
74
74
74
74
74
74
74
75
75
76
76
76
76
76
76
76
77
77
77
77
77
77
77
77
77
78
78
78
78
79
79
79
79
79
79
79
79
79
79
80
80
80
80
80
80
80
80
80
81
81
81
81
81
81
81
81
82
83
83
84
84
84
84
84
84
84
84
85
86
87
87
87
87
87
87
87
88
88
88
88
89
90
90
90
90
90
91
91
91
91
91
91
92
92
92
92
93
93
93
93
93
93
94
94
94
94
95
95
95
96
97
98
98
98
99
105
105
106
106
106
106
106
106
106
106
106
107
107
107
107
107
107
108
109
110
