18
18
18
18
18
18
18
18
18
18
18
20
20
20
20
20
20
20
21
21
21
21
21
21
21
22
22
22
22
22
22
22
22
22
23
23
23
23
23
23
23
23
23
25
25
25
25
25
25
25
25
25
26
26
26
26
26
26
26
26
26
33
33
33
33
34
35
35
35
35
35
35
35
37
37
37
37
37
39
39
39
39
39
39
39
40
40
40
40
40
40
41
46
46
47
47
47
47
47
47
47
47
47
47
47
47
47
47
48
49
51
51
52
52
52
52
52
52
52
52
52
52
52
52
52
52
53
53
54
55
55
55
55
55
56
56
56
56
56
56
56
56
57
58
58
58
58
58
58
59
60
61
66
66
67
67
67
67
67
67
67
68
69
69
69
69
69
70
71
73
73
73
73
73
73
73
73
73
73
73
73
75
75
75
75
75
75
75
75
75
75
75
75
82
82
82
82
82
82
82
83
83
83
84
97
97
97
97
97
97
97
97
97
97
97
97
98
98
98
98
98
98
98
98
98
98
99
99
99
99
99
99
99
99
99
99
99
100
100
100
100
100
100
100
101
101
101
101
101
101
101
101
101
101
101
101
101
102
110
110
110
110
110
110
110
111
111
111
112
114
115
