18
18
18
18
18
18
18
18
18
18
18
20
20
20
20
20
20
20
21
21
21
21
21
21
21
22
22
22
22
22
22
22
23
23
23
23
23
23
23
24
24
24
24
24
24
24
25
25
25
25
25
25
25
26
26
26
26
26
26
26
27
27
27
27
27
27
27
29
29
29
29
29
29
29
29
29
29
29
30
30
30
30
30
30
30
30
30
30
30
30
30
31
31
31
31
31
31
31
31
31
31
31
31
31
38
38
38
38
38
39
45
45
45
45
52
52
52
52
52
52
52
53
55
55
55
56
58
58
60
60
62
62
64
65
68
68
68
68
68
68
68
68
74
74
74
74
74
74
74
74
96
96
96
96
96
96
96
96
96
96
110
110
110
110
110
110
110
110
110
111
111
111
111
111
111
111
112
112
112
113
114
114
114
114
114
114
114
114
114
115
115
115
116
118
118
118
118
118
118
118
118
118
118
118
118
118
118
118
118
118
118
118
118
118
118
118
118
118
119
119
119
120
121
121
121
121
121
121
121
121
121
121
123
123
123
123
123
123
123
123
123
123
123
123
123
123
124
125
125
125
127
128
128
128
128
129
129
129
129
131
131
131
131
133
133
133
133
134
134
134
134
134
134
134
134
136
136
136
136
136
138
138
138
138
138
138
138
138
138
138
138
138
138
138
138
138
138
144
144
144
144
145
146
146
146
146
146
147
147
147
147
147
147
148
148
148
148
149
149
149
149
150
150
150
150
150
150
150
150
150
151
151
151
151
152
158
158
159
159
159
159
159
159
159
160
161
161
161
161
161
161
162
162
163
163
163
163
163
163
163
163
164
164
164
164
165
165
166
166
166
166
166
166
166
166
167
167
167
167
168
168
168
168
168
168
168
168
169
169
169
169
169
169
169
170
170
170
170
170
171
172
172
172
172
172
173
173
173
173
173
173
173
174
174
174
174
174
175
176
176
176
176
176
176
176
177
187
187
188
188
188
188
188
188
188
189
190
190
190
190
190
190
191
191
191
191
192
192
192
192
193
193
193
193
193
193
194
194
194
194
194
194
194
195
205
205
205
205
205
205
205
205
205
205
206
207
207
207
207
207
207
207
207
207
207
207
208
219
219
219
219
219
219
219
219
219
219
219
219
219
219
220
221
221
221
221
221
221
221
221
221
221
221
221
221
222
234
234
235
235
235
235
235
235
235
235
235
235
235
235
235
236
236
236
236
236
236
236
236
236
236
236
236
236
237
237
237
237
237
237
237
237
237
237
237
237
237
238
239
245
245
245
245
245
246
247
247
247
247
247
247
247
247
247
247
249
249
249
249
249
250
250
250
250
250
250
250
250
250
250
250
250
250
250
250
250
250
250
250
250
251
252
252
252
252
252
252
252
252
252
253
254
254
254
254
254
254
254
255
256
257
258
258
258
258
258
258
259
259
259
259
260
261
262
262
262
263
271
271
271
271
271
271
271
272
273
273
273
273
273
274
283
283
283
283
283
283
283
283
283
283
284
285
285
285
285
285
285
286
286
286
286
286
286
286
286
286
288
288
288
288
288
288
288
289
289
289
289
289
289
289
290
292
292
292
292
292
292
292
294
294
294
294
294
295
295
295
295
295
295
295
295
295
295
296
296
296
296
296
296
296
296
296
296
297
297
297
297
297
297
297
297
298
298
298
298
298
298
298
299
299
299
299
299
299
299
299
300
300
300
300
300
300
300
301
301
301
301
301
301
301
302
303
303
303
303
303
303
303
304
304
304
304
304
304
304
304
304
304
305
306
306
306
306
306
307
307
307
307
307
307
308
308
308
308
308
308
308
309
309
309
309
309
309
309
309
309
309
309
310
310
310
310
310
311
311
311
311
311
311
311
311
311
311
311
312
312
312
312
312
312
313
314
315
316
316
316
316
316
316
316
316
317
317
317
317
317
317
317
318
318
318
318
318
318
318
319
320
320
320
320
320
320
320
321
323
323
323
323
323
323
323
323
323
324
324
324
325
325
325
325
325
325
325
325
325
326
328
328
328
328
328
328
328
328
328
329
338
338
338
338
338
339
340
340
340
340
340
340
340
340
340
340
341
341
341
341
341
341
341
341
342
343
343
343
343
343
343
343
344
344
344
344
344
344
344
344
344
345
347
347
347
347
347
347
347
348
355
355
355
355
355
355
355
356
357
357
357
357
357
357
357
357
357
357
358
365
365
365
365
365
365
365
366
367
367
367
368
379
379
379
379
379
379
379
379
379
379
380
381
381
381
381
381
381
381
381
382
393
393
393
393
393
393
393
393
393
393
393
393
393
393
394
395
395
395
395
395
395
395
395
395
395
395
395
396
406
406
406
406
406
406
406
406
406
406
407
408
408
408
408
408
408
408
408
409
419
419
419
419
419
419
419
419
419
419
419
419
419
419
420
421
421
421
421
421
421
421
421
421
421
421
421
422
432
432
432
432
432
432
432
432
432
432
432
432
432
432
432
432
432
432
433
434
434
434
434
434
434
434
434
434
435
435
435
435
435
435
436
437
437
437
437
437
437
437
438
438
438
438
438
438
438
439
440
440
440
440
440
440
440
442
442
442
442
442
442
443
444
444
444
444
444
444
444
445
445
445
445
445
445
445
446
447
447
447
447
447
447
447
447
447
449
449
449
449
449
449
449
449
449
449
450
450
450
450
450
450
450
451
451
451
451
451
451
453
453
453
453
453
453
453
455
455
455
455
456
456
456
457
466
466
466
466
466
466
466
466
466
466
467
468
468
468
468
468
468
468
468
468
468
469
482
482
482
482
482
482
482
482
482
483
483
483
483
484
492
492
492
492
492
492
492
492
492
492
493
494
494
494
494
494
494
495
496
498
