18
18
18
18
18
18
18
18
18
18
18
18
18
20
20
20
20
20
20
20
22
22
22
22
22
22
22
22
22
22
22
22
22
23
23
23
23
23
23
23
23
23
23
23
23
23
33
33
33
33
34
36
36
36
36
36
36
36
36
36
36
36
37
38
38
38
38
38
38
38
38
39
40
40
40
40
40
40
40
40
40
41
41
42
44
44
44
44
44
44
44
44
44
45
45
45
45
45
45
45
45
45
45
45
45
45
45
45
45
45
47
48
49
49
49
49
49
49
49
49
49
49
51
51
51
51
51
52
52
53
53
53
53
53
53
53
53
53
53
53
53
53
53
54
54
54
55
55
55
55
55
55
55
55
55
56
57
57
57
57
57
57
57
57
58
58
58
58
58
58
59
60
60
60
60
60
60
60
60
60
62
62
62
62
63
63
63
63
63
63
63
63
63
63
63
63
63
63
64
64
64
65
65
65
65
65
65
65
65
65
65
65
65
65
66
67
67
67
67
67
67
67
67
67
68
69
69
69
69
69
69
70
71
71
71
71
71
71
72
73
74
75
76
77
77
77
77
77
77
77
77
77
78
78
78
78
78
78
79
80
81
81
81
81
81
81
82
83
83
83
83
83
83
83
83
83
84
84
84
84
84
84
85
85
85
85
85
85
85
86
87
89
91
94
