1
1
1
1
1
1
1
1
1
1
1
1
1
3
3
3
3
3
3
3
4
4
4
4
4
4
4
5
5
5
5
5
5
5
6
6
6
6
6
6
6
7
7
7
7
7
7
7
8
8
8
8
8
8
8
10
10
10
10
10
10
10
10
10
11
11
11
11
11
11
11
11
11
12
12
12
12
12
12
12
12
12
14
14
14
14
14
14
14
14
14
14
14
15
15
15
15
15
15
15
15
15
15
15
15
15
16
16
16
16
16
16
16
16
16
16
16
16
16
17
17
17
17
17
17
17
17
17
17
17
17
17
18
18
18
18
18
18
18
18
18
18
18
18
18
19
19
19
19
19
19
19
19
19
19
19
19
19
20
20
20
20
20
20
20
20
20
20
20
20
20
22
22
22
22
22
22
22
22
22
22
22
22
22
23
23
23
23
23
23
23
23
23
23
23
23
23
24
24
24
24
24
24
24
24
24
24
24
24
24
25
25
25
25
25
25
25
25
25
25
25
25
25
25
25
26
26
26
26
26
26
26
26
26
26
26
26
26
26
26
32
32
32
33
33
34
34
35
40
40
40
40
40
40
40
40
48
48
48
48
48
48
48
48
48
49
50
50
50
50
50
50
50
51
51
51
51
51
51
51
52
52
52
52
52
52
52
53
58
58
58
58
58
59
72
72
72
72
72
87
87
87
87
87
103
105
105
105
105
106
106
106
106
112
112
112
112
112
112
113
114
114
114
114
114
115
115
115
115
115
115
115
115
115
115
116
116
116
116
116
116
116
116
116
117
117
117
117
117
117
117
117
118
119
120
120
120
121
123
123
123
123
123
123
123
124
124
124
124
125
125
125
125
125
125
125
125
125
125
125
126
128
128
128
128
128
128
128
128
128
128
128
128
129
129
129
129
129
129
129
129
129
129
129
129
130
130
130
130
130
130
130
130
130
130
130
130
130
130
130
130
130
130
130
130
130
130
131
145
145
145
145
145
145
158
158
158
158
160
160
160
160
168
168
168
168
168
173
173
173
173
173
180
180
180
180
192
192
192
192
194
194
194
194
194
200
200
200
200
202
202
202
202
204
204
204
204
214
214
214
214
226
226
226
226
226
226
234
234
234
234
234
234
246
246
246
246
246
246
250
250
250
250
251
251
251
251
255
255
255
255
263
263
263
263
263
263
263
263
263
263
263
263
264
264
264
264
264
264
264
264
264
265
265
266
267
267
267
267
267
268
268
268
268
269
269
269
269
270
270
270
270
270
270
270
270
271
271
271
271
272
272
272
272
272
272
272
272
272
272
272
272
272
273
273
273
273
273
273
273
273
273
273
273
273
273
274
274
274
274
274
276
276
276
276
277
277
278
278
278
278
278
278
278
278
279
279
279
279
279
279
279
280
280
280
280
280
280
280
280
280
281
281
282
286
286
286
286
286
286
286
286
286
287
287
287
287
287
287
288
288
288
289
289
289
289
289
290
290
290
290
290
293
293
293
293
293
293
294
294
295
295
295
295
295
296
296
296
296
296
296
296
296
299
299
299
299
299
299
299
300
300
300
300
300
300
301
301
301
302
302
302
302
302
302
303
304
304
305
305
306
306
306
306
306
306
306
306
306
306
306
307
308
309
311
311
312
312
312
312
312
312
313
313
313
313
313
314
316
316
317
317
317
317
317
317
318
318
318
319
321
321
322
322
322
322
322
322
322
322
323
323
323
323
324
329
329
329
329
329
329
329
329
330
330
330
330
331
345
345
346
346
346
346
346
346
347
347
347
348
350
350
351
351
351
351
351
351
351
351
351
351
353
353
354
354
354
354
354
354
354
354
354
354
356
356
357
357
357
357
357
357
357
357
357
358
358
358
359
367
367
367
367
367
367
367
367
368
368
368
368
368
368
368
368
369
369
369
369
369
369
369
370
370
370
371
373
373
373
373
373
373
373
373
374
374
374
374
374
374
374
374
374
375
375
375
375
375
375
375
376
376
376
377
379
379
379
379
379
379
379
379
379
380
380
380
380
380
380
380
380
380
380
380
380
380
381
383
383
383
383
383
383
383
383
383
383
383
384
384
384
384
384
385
385
385
385
385
386
386
386
387
387
387
387
387
388
389
389
389
390
392
392
393
393
393
393
393
393
394
394
394
395
403
403
404
404
404
404
404
404
405
405
405
406
408
408
409
409
409
409
409
409
409
409
409
409
409
410
410
410
410
410
410
410
410
410
410
410
410
410
410
410
411
411
411
411
411
411
411
412
412
412
413
431
431
431
431
431
431
432
432
432
432
432
432
432
433
441
441
442
442
442
442
442
442
442
442
442
442
442
442
442
443
446
446
446
446
446
446
446
446
447
447
447
447
447
447
447
448
448
448
454
454
454
454
454
454
454
454
455
455
455
455
455
455
455
455
455
455
455
455
455
456
456
456
456
456
456
456
456
456
457
457
457
457
457
457
457
457
457
457
457
457
457
457
457
457
459
459
459
459
459
459
460
461
462
462
462
462
462
462
462
463
475
475
476
476
476
476
476
476
476
477
479
479
479
480
480
480
480
480
480
480
480
480
480
480
480
480
480
480
481
481
481
481
481
481
481
481
481
482
482
482
482
482
482
482
482
483
483
483
484
484
484
484
484
484
484
484
485
487
487
487
487
487
487
487
488
488
488
488
488
488
488
488
488
489
490
490
490
491
493
493
494
494
494
494
494
494
494
495
497
497
497
497
497
498
498
498
498
498
498
498
498
498
498
498
498
498
498
498
499
499
499
499
499
499
499
499
500
501
501
501
501
501
501
501
502
504
504
505
505
505
505
505
505
505
506
507
507
507
507
507
507
508
508
508
508
509
509
510
510
510
510
510
510
510
510
510
510
510
510
510
510
510
510
510
510
511
511
511
511
511
511
512
512
512
513
513
513
513
513
513
514
515
515
515
515
515
515
515
516
516
516
516
516
516
516
516
516
517
517
517
519
519
519
519
520
521
522
524
524
525
525
525
525
525
525
525
525
525
525
527
527
528
528
528
528
528
528
529
529
529
530
537
537
538
538
538
538
538
538
539
539
539
539
539
539
539
540
546
546
547
547
547
547
547
547
548
548
548
548
548
548
548
549
558
558
559
559
559
559
559
560
561
561
561
561
561
562
562
562
562
562
562
562
562
562
563
563
563
563
563
563
565
565
565
565
565
565
569
569
569
569
569
569
569
569
569
570
570
570
570
570
570
571
571
571
572
572
572
572
573
575
575
575
575
575
575
576
576
576
577
579
579
579
579
579
579
579
579
579
580
588
588
589
589
589
589
589
590
591
591
591
591
591
592
592
592
592
592
592
592
592
592
593
593
593
593
593
593
593
593
593
593
594
594
594
594
594
594
594
594
594
595
595
595
595
595
595
595
596
596
596
596
596
596
596
597
597
597
597
597
597
597
597
597
598
598
598
598
599
599
599
599
599
599
600
600
600
601
602
602
602
602
602
602
602
603
603
603
603
603
603
603
603
603
603
604
604
604
604
604
604
604
605
605
605
605
605
605
605
605
606
606
606
606
606
606
606
606
607
607
607
607
607
607
607
608
608
608
608
609
609
609
609
610
610
610
610
610
610
611
611
611
612
613
614
614
614
614
615
615
615
615
616
616
616
616
616
616
617
617
617
618
620
620
620
620
620
620
620
621
621
621
621
622
622
622
622
622
622
622
622
622
622
622
622
623
623
623
623
623
623
623
623
623
623
623
623
623
623
623
623
624
624
624
625
625
625
625
625
625
625
625
625
625
625
626
627
627
627
627
627
628
628
628
628
628
628
628
628
628
629
629
629
629
630
630
630
630
630
630
631
631
631
632
633
635
635
636
636
636
636
636
636
636
636
636
636
636
636
636
637
637
637
637
637
637
637
639
639
639
639
639
639
639
640
641
641
641
641
641
641
642
642
642
642
642
642
642
642
642
642
643
643
643
643
644
644
644
644
644
644
645
645
645
646
647
648
648
648
648
648
648
648
648
648
649
675
675
676
676
676
676
676
676
676
677
678
678
678
678
679
679
679
679
681
681
681
681
681
681
681
682
682
682
682
682
683
683
683
683
684
684
684
684
686
686
686
686
686
687
687
687
688
688
688
688
688
688
688
688
688
688
688
688
688
689
689
690
690
690
691
691
691
691
691
691
691
691
691
691
691
691
691
692
692
693
693
693
694
694
694
695
695
695
695
695
695
695
695
696
696
697
697
697
700
700
700
700
700
701
701
701
701
702
702
702
702
702
702
702
703
703
703
703
703
703
704
704
704
705
705
705
705
705
705
705
705
705
705
705
706
707
707
708
708
711
711
711
711
711
711
712
713
713
713
714
716
716
716
716
716
716
716
719
719
719
719
719
719
719
719
719
721
721
721
721
721
723
723
723
723
723
723
724
724
724
724
724
724
724
724
724
724
724
724
724
725
725
725
725
725
725
725
725
725
726
727
727
727
727
727
727
727
727
727
730
730
730
730
730
730
731
731
731
731
732
732
733
734
734
734
734
734
734
734
734
734
735
735
735
735
735
735
735
739
739
739
739
739
739
739
739
739
739
740
740
740
740
740
740
741
743
743
743
743
746
746
746
746
746
746
746
746
746
747
750
750
750
750
750
751
751
751
751
751
752
752
752
752
752
754
754
754
754
754
755
755
755
755
756
756
756
756
756
756
756
756
756
759
759
759
759
759
759
760
760
760
760
760
760
760
760
760
760
760
760
760
761
761
761
761
761
761
761
761
761
762
764
764
764
764
764
764
764
764
764
766
766
766
766
766
766
767
767
767
767
767
767
767
767
767
768
769
770
770
770
770
770
770
770
770
770
770
770
770
770
770
770
770
771
771
771
771
771
771
771
771
772
772
772
774
774
774
774
774
776
776
776
776
776
777
777
777
777
778
778
778
778
778
778
779
779
779
779
779
779
779
779
780
780
780
780
780
780
780
780
780
780
780
780
780
781
781
781
781
781
781
781
781
781
782
783
783
783
783
783
783
783
783
783
783
783
784
784
784
784
784
784
784
784
784
785
785
785
785
785
786
786
786
786
786
786
786
786
788
788
788
788
788
788
789
789
789
789
789
789
789
789
789
790
790
790
790
790
791
791
791
791
791
791
791
791
792
792
792
792
792
793
793
793
793
801
801
801
801
801
801
803
803
803
803
803
803
803
803
803
804
804
804
804
804
804
804
804
804
805
805
805
805
805
805
805
805
805
805
809
809
809
809
809
809
810
810
810
810
810
810
810
810
810
810
810
810
810
811
811
811
811
811
811
811
811
811
812
813
814
814
814
814
814
814
814
814
814
815
816
816
816
816
816
816
816
816
816
817
817
817
817
817
817
817
817
817
817
818
818
819
819
819
819
819
819
819
819
819
819
819
819
820
823
823
823
823
823
823
824
824
824
824
824
824
824
824
824
824
824
824
824
825
829
829
829
829
829
829
829
829
829
830
830
830
830
830
830
830
830
830
834
834
834
834
835
835
835
835
835
835
836
836
836
836
836
836
836
836
836
837
837
837
837
837
837
837
837
837
837
837
837
838
838
838
838
838
838
839
839
840
841
841
841
841
841
841
841
841
841
841
841
843
843
843
843
843
843
843
843
843
843
844
844
844
844
844
844
845
845
846
849
849
849
850
850
850
850
850
851
851
852
855
855
855
855
855
855
855
856
856
856
856
856
856
857
857
857
857
857
857
857
857
857
858
858
858
858
858
859
859
859
859
859
859
859
860
860
861
861
861
861
861
861
862
863
864
886
886
887
887
887
887
887
887
887
888
889
889
889
889
890
890
890
890
890
890
890
891
891
891
891
891
892
892
892
892
893
893
893
893
896
896
896
896
896
896
896
896
896
898
898
898
898
898
898
899
899
899
900
901
901
901
901
901
902
902
902
903
905
905
905
905
905
905
905
908
908
908
908
908
908
908
908
908
909
909
909
909
909
910
910
910
910
910
910
911
911
911
911
911
911
911
911
911
911
911
911
911
912
912
912
912
912
912
913
913
913
914
915
915
915
915
915
915
915
915
915
916
916
916
916
916
916
917
917
917
917
918
918
919
920
920
920
920
920
920
920
920
920
921
921
921
921
921
921
921
922
922
922
922
922
922
922
922
922
922
924
924
924
924
924
924
925
926
926
926
926
927
927
927
927
927
927
928
928
928
929
932
932
932
932
932
933
933
933
933
933
934
934
934
934
934
936
936
936
936
937
937
937
937
937
937
939
939
939
939
939
939
940
940
940
940
940
940
940
941
942
942
942
942
942
942
942
942
942
942
942
942
942
942
942
942
943
943
943
943
943
943
943
943
944
944
945
945
945
945
945
947
947
947
947
947
948
948
948
948
949
949
949
949
949
949
950
950
950
950
950
950
950
950
951
951
951
951
951
951
951
951
951
951
951
951
951
952
952
952
952
952
952
953
953
953
954
954
954
954
954
954
954
954
954
954
954
955
955
955
955
955
955
956
957
957
958
958
958
958
958
959
959
959
959
959
959
961
961
961
961
961
961
962
962
962
962
962
962
962
962
962
962
962
963
963
963
963
963
964
964
964
964
964
964
964
964
965
965
965
965
965
966
966
966
966
968
968
968
968
972
972
972
972
972
972
973
973
973
973
973
973
974
974
974
975
977
977
977
977
977
977
977
978
978
978
978
978
978
979
979
979
979
979
979
980
980
981
981
981
981
981
982
982
982
982
983
983
984
984
984
984
984
984
985
986
986
986
987
990
990
990
990
990
990
990
991
992
992
992
992
992
993
993
993
994
994
994
994
994
994
994
994
994
994
994
994
994
995
995
996
996
996
997
997
997
997
997
997
997
997
997
997
997
997
997
998
998
999
999
999
1000
1000
1000
1001
1001
1001
1001
1001
1001
1001
1001
1002
1002
1003
1003
1003
1004
1004
1004
1004
1004
1004
1004
1004
1004
1004
1004
1005
1005
1006
1006
1007
1007
1007
1007
1007
1008
1009
1017
1017
1018
1018
1018
1018
1018
1018
1018
1019
1020
1020
1020
1020
1020
1020
1020
1021
1021
1021
1022
1023
1023
1023
1023
1023
1024
1024
1024
1025
1025
1025
1025
1025
1026
1026
1026
1027
1027
1027
1028
1028
1029
1029
1029
1029
1029
1029
1029
1030
1031
1033
1033
1034
1034
1034
1034
1034
1034
1034
1034
1034
1034
1035
1035
1035
1035
1035
1035
1035
1036
1036
1036
1036
1036
1036
1036
1036
1036
1036
1036
1036
1036
1036
1036
1037
1039
1039
1040
1040
1040
1040
1040
1040
1040
1040
1041
1041
1041
1041
1041
1041
1041
1042
1042
1042
1042
1042
1042
1042
1042
1042
1042
1042
1042
1042
1042
1042
1043
1045
1045
1046
1046
1046
1046
1046
1046
1046
1046
1047
1047
1047
1048
1054
1054
1055
1055
1055
1055
1055
1056
1057
1057
1057
1058
1060
1060
1061
1061
1061
1061
1061
1061
1061
1061
1061
1062
1063
1063
1063
1063
1063
1063
1063
1064
1064
1064
1064
1064
1064
1064
1065
1065
1065
1066
1067
1067
1067
1067
1067
1067
1067
1068
1068
1068
1068
1068
1068
1068
1069
1077
1077
1078
1078
1078
1078
1078
1078
1078
1078
1080
1080
1080
1081
1083
1083
1084
1084
1084
1084
1084
1084
1084
1084
1084
1084
1084
1085
1086
1086
1086
1086
1086
1086
1086
1086
1087
1087
1087
1087
1087
1087
1087
1087
1087
1087
1087
1087
1087
1088
1088
1088
1088
1088
1088
1088
1088
1088
1089
1093
1093
1093
1093
1093
1093
1093
1094
1094
1095
1095
1095
1095
1095
1095
1095
1096
1096
1096
1096
1096
1096
1096
1097
1097
1097
1097
1097
1097
1097
1097
1097
1097
1097
1097
1097
1097
1097
1097
1098
1099
1100
1100
1100
1101
1103
1103
1103
1103
1103
1104
1104
1104
1104
1104
1104
1104
1104
1104
1104
1104
1105
1106
1106
1106
1106
1106
1106
1106
1107
1107
1107
1107
1107
1107
1107
1107
1108
1108
1108
1108
1108
1108
1108
1108
1108
1109
1109
1109
1109
1109
1109
1109
1110
1118
1118
1119
1119
1119
1119
1119
1119
1120
1120
1120
1121
1123
1123
1124
1124
1124
1124
1124
1124
1124
1124
1125
1125
1125
1125
1125
1125
1125
1126
1126
1126
1126
1126
1127
1130
1130
1130
1130
1130
1130
1130
1130
1130
1130
1130
1131
1131
1131
1131
1131
1132
1133
1133
1133
1133
1133
1133
1133
1133
1133
1133
1133
1134
1134
1134
1134
1134
1135
1136
1136
1136
1136
1136
1137
1139
1139
1140
1140
1140
1140
1140
1140
1140
1140
1141
1141
1141
1141
1141
1141
1141
1142
1142
1142
1142
1142
1143
1146
1146
1146
1146
1146
1146
1146
1146
1146
1146
1146
1147
1147
1147
1148
1149
1149
1149
1149
1149
1149
1149
1149
1149
1149
1149
1150
1150
1150
1151
1152
1152
1152
1152
1152
1152
1152
1152
1152
1152
1152
1153
1153
1153
1154
1155
1155
1155
1155
1156
1156
1156
1157
1159
1159
1160
1160
1160
1160
1160
1160
1160
1160
1161
1161
1161
1161
1161
1161
1161
1161
1161
1161
1161
1162
1162
1162
1162
1162
1162
1162
1163
1163
1163
1163
1163
1164
1165
1165
1165
1165
1165
1165
1165
1165
1165
1165
1165
1166
1166
1166
1166
1167
1168
1169
1169
1169
1170
1172
1172
1173
1173
1173
1173
1173
1173
1173
1173
1174
1174
1174
1174
1174
1174
1174
1174
1174
1174
1174
1175
1175
1175
1175
1175
1175
1175
1176
1176
1176
1176
1176
1177
1178
1178
1178
1178
1178
1178
1178
1178
1178
1178
1178
1179
1179
1179
1179
1180
1181
1182
1182
1182
1183
1185
1185
1186
1186
1186
1186
1186
1186
1186
1186
1187
1187
1187
1187
1187
1187
1187
1187
1187
1187
1187
1188
1188
1188
1188
1188
1188
1188
1189
1189
1189
1189
1189
1190
1191
1191
1191
1191
1191
1191
1191
1191
1191
1191
1191
1192
1192
1192
1192
1193
1194
1195
1195
1195
1196
1198
1198
1199
1199
1199
1199
1199
1199
1199
1199
1200
1200
1200
1200
1200
1200
1200
1200
1200
1200
1200
1201
1201
1201
1201
1201
1201
1201
1202
1202
1202
1202
1202
1203
1204
1205
1205
1205
1205
1205
1206
1208
1208
1209
1209
1209
1209
1209
1209
1209
1209
1210
1210
1210
1210
1210
1210
1210
1210
1210
1210
1210
1211
1211
1211
1211
1211
1211
1211
1212
1212
1212
1212
1212
1213
1214
1215
1215
1215
1215
1215
1216
1218
1218
1219
1219
1219
1219
1219
1219
1219
1219
1220
1220
1220
1220
1220
1220
1220
1220
1220
1220
1220
1221
1221
1221
1221
1221
1221
1221
1222
1222
1222
1222
1222
1223
1224
1225
1225
1225
1225
1225
1226
1230
1230
1230
1230
1230
1230
1230
1230
1230
1230
1230
1231
1231
1231
1231
1231
1231
1231
1231
1231
1232
1232
1233
1234
1234
1234
1234
1234
1234
1234
1234
1234
1234
1234
1235
1238
1238
1238
1238
1238
1238
1238
1238
1239
1240
1240
1240
1240
1240
1240
1240
1240
1240
1240
1241
1241
1241
1241
1241
1241
1241
1242
1242
1242
1242
1242
1242
1242
1242
1242
1242
1244
1244
1244
1244
1244
1244
1244
1244
1244
1244
1244
1244
1244
1244
1245
1245
1245
1245
1245
1245
1245
1245
1245
1245
1245
1245
1245
1245
1245
1246
1246
1246
1246
1246
1246
1246
1246
1246
1246
1247
1247
1247
1247
1247
1247
1247
1247
1247
1247
1247
1248
1248
1248
1248
1249
1250
1251
1251
1251
1251
1251
1252
1253
1253
1253
1254
1256
1256
1256
1256
1256
1256
1256
1257
1259
1259
1259
1259
1259
1259
1259
1259
1259
1259
1259
1261
1261
1261
1261
1261
1261
1261
1261
1262
1262
1262
1262
1262
1262
1262
1262
1262
1262
1262
1262
1263
1263
1263
1263
1263
1263
1263
1263
1263
1263
1263
1264
1265
1265
1265
1265
1266
1266
1266
1266
1266
1266
1266
1266
1266
1266
1266
1266
1266
1267
1267
1267
1267
1267
1267
1267
1267
1267
1267
1268
1268
1268
1268
1268
1268
1268
1268
1268
1268
1268
1269
1269
1269
1269
1270
1271
1271
1271
1271
1271
1271
1271
1271
1272
1272
1272
1273
1273
1273
1273
1274
1275
1275
1275
1275
1276
1278
1278
1278
1278
1278
1278
1278
1279
1280
1280
1280
1280
1280
1280
1280
1280
1280
1280
1280
1281
1281
1281
1281
1281
1281
1281
1282
1282
1282
1282
1282
1282
1282
1282
1282
1282
1282
1282
1282
1283
1283
1283
1283
1283
1283
1283
1283
1283
1283
1284
1284
1284
1284
1284
1284
1284
1284
1284
1284
1284
1285
1285
1285
1285
1286
1287
1287
1287
1287
1287
1287
1287
1287
1288
1288
1288
1289
1289
1289
1289
1290
1291
1291
1291
1291
1292
1294
1294
1294
1294
1294
1294
1294
1295
1296
1296
1296
1296
1296
1296
1296
1296
1296
1296
1296
1297
1297
1297
1297
1297
1297
1297
1297
1297
1298
1298
1298
1298
1298
1298
1298
1298
1298
1298
1298
1298
1298
1299
1299
1299
1299
1299
1299
1299
1299
1299
1300
1300
1300
1301
1301
1301
1301
1302
1303
1303
1303
1303
1304
1306
1306
1306
1306
1306
1306
1306
1307
1310
1310
1310
1310
1310
1310
1310
1310
1310
1310
1310
1311
1311
1311
1311
1311
1311
1311
1312
1313
1313
1313
1313
1313
1313
1313
1313
1313
1313
1313
1314
1314
1314
1314
1314
1314
1315
1316
1316
1316
1316
1316
1316
1316
1316
1316
1316
1316
1317
1317
1317
1317
1317
1317
1318
1319
1319
1319
1319
1320
1320
1320
1321
1323
1323
1323
1323
1323
1323
1323
1324
1326
1326
1326
1326
1326
1326
1326
1326
1326
1326
1326
1327
1327
1327
1327
1327
1327
1327
1328
1329
1329
1329
1329
1329
1329
1329
1329
1329
1329
1329
1330
1330
1330
1330
1330
1330
1331
1332
1332
1332
1332
1332
1332
1332
1332
1332
1332
1332
1333
1333
1333
1333
1333
1333
1334
1335
1335
1335
1335
1336
1336
1336
1337
1339
1339
1339
1339
1339
1339
1339
1340
1341
1341
1341
1341
1341
1341
1341
1341
1341
1341
1341
1342
1342
1342
1342
1342
1342
1342
1343
1344
1344
1344
1344
1344
1344
1344
1344
1344
1344
1344
1345
1345
1345
1345
1345
1345
1345
1345
1346
1347
1347
1347
1347
1347
1347
1347
1347
1347
1347
1347
1348
1348
1348
1348
1348
1348
1348
1348
1349
1350
1350
1350
1350
1351
1351
1351
1352
1365
1365
1366
1366
1366
1366
1366
1366
1366
1367
1368
1368
1368
1368
1368
1368
1368
1368
1368
1368
1369
1369
1369
1369
1369
1369
1369
1369
1369
1369
1369
1369
1369
1370
1370
1370
1370
1370
1370
1371
1371
1372
1372
1373
1373
1373
1373
1373
1373
1373
1373
1373
1373
1373
1373
1374
1374
1374
1375
1376
1388
1388
1388
1388
1388
1388
1388
1388
1390
1392
1392
1392
1392
1392
1393
1394
1394
1394
1394
1394
1394
1394
1395
1395
1395
1395
1395
1395
1395
1396
1396
1396
1397
1397
1397
1397
1397
1397
1398
1399
1399
1399
1400
1402
1402
1402
1402
1402
1402
1402
1402
1402
1402
1402
1403
1403
1403
1403
1403
1403
1403
1403
1403
1404
1406
1406
1406
1406
1406
1406
1406
1406
1407
1407
1408
1408
1408
1408
1408
1408
1408
1409
1409
1409
1409
1409
1409
1409
1410
1410
1410
1410
1410
1410
1410
1410
1410
1410
1411
1411
1411
1411
1411
1411
1411
1414
1414
1414
1414
1414
1414
1414
1414
1414
1414
1414
1414
1414
1414
1414
1415
1416
1418
1418
1418
1418
1418
1418
1418
1418
1419
1419
1420
1420
1420
1420
1420
1420
1421
1421
1421
1421
1421
1421
1421
1422
1422
1422
1422
1422
1422
1422
1422
1422
1423
1423
1423
1423
1423
1423
1423
1424
1424
1424
1424
1424
1424
1424
1424
1424
1424
1424
1424
1424
1424
1424
1425
1426
1427
1428
