18
18
18
18
18
18
18
18
18
18
18
18
18
20
20
20
20
20
20
20
22
22
22
22
22
22
22
22
22
22
22
22
22
23
23
23
23
23
23
23
23
23
23
23
23
23
23
23
50
50
50
50
51
53
53
53
53
53
53
53
53
53
53
53
54
55
55
55
55
56
56
56
56
57
57
57
57
58
58
58
58
59
59
59
59
61
61
61
61
61
61
61
61
62
63
63
63
63
63
63
64
64
64
65
65
65
65
65
65
65
66
66
67
69
69
69
69
69
69
69
71
71
71
71
71
71
71
72
72
72
72
72
72
72
73
73
73
73
73
73
73
74
74
74
74
74
74
74
76
77
78
78
78
78
78
78
78
79
80
80
80
80
80
80
81
82
82
82
82
82
82
82
82
82
83
83
83
83
83
83
84
84
84
84
84
84
84
85
87
88
89
89
89
89
89
89
89
89
89
89
89
90
91
91
91
91
91
91
92
93
94
95
95
95
95
95
95
96
97
97
97
97
97
97
98
98
99
99
99
99
99
99
100
100
100
100
100
100
100
100
100
101
101
101
101
101
101
101
102
105
105
105
105
105
105
105
105
105
105
105
105
105
105
105
105
106
106
106
106
106
106
106
106
106
108
109
110
110
110
110
110
110
111
112
112
112
112
112
112
113
114
114
114
114
114
114
115
115
115
115
115
115
115
116
118
118
118
118
118
118
118
119
121
123
