17
17
17
17
17
17
17
17
17
17
17
17
17
17
17
19
19
19
19
19
19
19
20
20
20
20
20
20
20
21
21
21
21
21
21
21
23
23
23
23
23
23
23
23
23
23
23
24
24
24
24
24
24
24
24
24
24
24
25
25
25
25
25
25
25
25
25
25
25
26
26
26
26
26
26
26
26
26
26
26
27
27
27
27
27
27
27
27
27
27
27
27
27
28
28
28
28
28
28
28
28
28
28
28
28
28
29
29
29
29
29
29
29
29
29
29
29
29
29
30
30
30
30
30
30
30
30
30
30
30
30
30
30
30
31
31
31
31
31
31
31
31
31
31
31
31
31
31
31
32
32
32
32
32
32
32
32
32
32
32
32
32
32
32
33
33
33
33
33
33
33
33
33
33
33
33
33
33
33
34
34
34
34
34
34
34
34
34
34
34
34
34
34
34
35
35
35
35
35
35
35
35
35
35
35
35
35
35
35
36
36
36
36
36
36
36
36
36
36
36
36
36
36
36
36
36
37
37
37
37
37
37
37
37
37
37
37
37
37
38
38
38
38
38
38
38
38
38
39
39
39
39
39
39
39
39
39
40
40
40
40
40
40
40
40
40
41
41
41
41
41
41
41
41
41
42
42
42
42
42
42
42
42
42
43
43
43
43
43
43
43
43
43
44
44
44
44
44
44
44
44
44
45
45
45
45
45
45
45
45
45
51
51
51
51
51
51
53
53
53
53
53
53
53
53
53
55
55
55
55
56
56
56
56
57
57
57
57
58
58
58
58
59
59
59
59
62
62
62
62
62
62
63
63
66
66
66
66
66
66
67
67
74
74
74
74
74
74
74
74
74
74
75
75
75
75
75
75
75
76
76
76
76
76
76
77
85
85
85
85
85
85
85
85
85
85
85
85
85
86
86
86
86
86
86
86
87
87
87
87
87
87
88
88
88
88
88
88
89
96
96
96
96
96
96
96
96
96
96
97
97
97
97
97
98
98
98
98
98
98
99
101
101
101
101
101
101
101
101
102
102
102
102
102
102
102
102
103
111
111
111
111
111
111
111
111
111
111
111
111
112
112
112
112
112
112
112
113
113
113
114
115
115
115
115
115
115
115
116
116
116
116
116
116
116
116
116
116
116
116
116
117
117
117
118
120
120
120
120
120
120
120
120
121
121
121
121
121
121
121
121
121
122
122
122
122
122
122
122
122
122
123
123
123
123
123
123
123
123
123
124
124
124
124
124
124
124
124
124
125
125
125
125
125
125
125
125
125
126
126
126
127
128
128
128
129
129
129
129
129
129
130
130
130
130
130
130
130
130
130
130
130
130
131
131
131
131
131
131
131
131
131
131
132
132
132
132
132
132
132
132
132
132
132
133
133
133
133
133
133
133
133
133
133
133
134
135
135
135
136
137
137
137
137
137
137
137
138
138
138
138
138
138
138
138
138
139
139
139
139
139
139
139
139
139
139
139
139
139
139
140
140
140
140
140
141
141
141
142
142
142
142
142
143
143
143
143
143
143
144
144
144
144
144
144
144
145
145
145
145
145
146
146
146
146
146
146
146
147
147
147
147
147
148
148
148
148
148
148
148
149
149
150
150
150
151
152
153
153
153
153
153
154
154
154
154
154
154
154
154
154
154
154
154
155
155
155
155
155
155
155
155
155
155
155
155
155
155
156
156
156
156
156
156
156
156
156
156
156
156
156
156
157
157
157
157
157
157
157
157
158
159
159
159
160
168
168
168
168
168
168
168
168
168
168
168
168
169
169
169
169
169
169
169
170
170
170
171
172
172
172
172
172
172
172
172
172
172
172
172
172
172
173
173
173
173
173
173
173
173
173
173
173
173
173
173
174
174
174
174
174
174
174
174
175
177
177
177
177
177
177
178
178
178
178
178
179
179
179
179
179
180
180
180
180
180
180
180
180
180
181
181
181
181
181
181
181
181
181
182
182
182
182
182
182
182
182
182
183
183
183
183
183
183
183
183
183
184
185
185
185
185
185
185
185
185
185
185
186
186
186
186
186
186
186
186
186
186
186
186
186
187
188
188
188
188
188
188
188
188
188
189
191
191
191
191
191
191
192
192
192
192
192
192
193
195
195
195
195
195
195
195
195
195
195
196
196
196
196
197
197
197
197
197
197
197
197
197
197
197
197
197
198
200
200
200
200
200
200
200
200
201
201
201
201
201
201
201
201
201
202
204
204
204
204
204
204
204
204
205
205
205
205
205
205
205
205
205
206
208
208
208
208
208
208
209
209
209
209
209
209
209
210
212
212
212
212
212
212
212
213
213
213
213
213
213
213
214
214
214
214
214
214
214
214
214
214
214
214
215
215
215
215
215
215
215
216
217
217
217
218
220
220
220
220
220
220
220
220
221
221
221
221
221
221
221
221
221
221
221
221
221
221
222
222
222
222
222
223
225
225
225
225
225
225
225
225
225
225
226
226
226
227
229
229
229
229
229
229
229
229
229
229
230
230
230
231
233
233
233
233
233
234
234
234
234
234
234
234
235
235
235
235
235
235
235
236
237
237
238
238
238
238
238
238
238
238
238
238
238
238
239
241
241
241
241
241
241
241
242
242
242
242
242
242
242
243
243
243
243
243
244
244
244
244
244
244
244
245
245
245
245
245
245
245
245
245
245
245
245
245
246
247
247
247
247
247
247
247
248
248
248
248
248
248
248
248
248
248
248
248
248
249
249
249
249
249
249
249
249
249
249
249
249
249
249
249
250
250
250
250
250
250
250
251
251
251
251
251
251
251
251
252
252
253
254
255
255
255
255
255
255
255
255
256
257
257
257
257
257
257
257
257
257
257
257
257
257
257
258
258
258
258
258
258
259
260
262
262
262
262
262
262
262
262
262
263
263
263
263
263
263
263
264
264
264
265
268
268
268
269
271
271
271
271
271
271
272
272
272
272
272
272
272
273
273
273
273
273
274
274
274
274
274
274
274
275
275
275
275
275
275
275
275
275
275
275
275
275
276
277
277
277
277
277
277
277
278
278
278
278
278
278
278
278
278
278
278
278
278
279
279
279
279
279
279
279
279
279
279
279
279
279
279
279
280
280
280
280
280
280
280
281
281
281
281
281
281
281
281
282
282
283
284
285
285
285
285
285
285
285
285
286
287
288
288
288
288
288
288
288
289
289
289
289
290
292
292
292
292
292
292
292
292
292
292
292
292
293
295
295
295
295
295
295
296
296
296
297
299
299
299
299
299
299
300
300
300
301
303
303
303
303
303
303
304
304
304
305
307
307
307
307
307
307
308
308
308
309
311
311
311
311
311
311
312
312
312
313
315
315
315
315
315
315
316
316
316
316
316
316
316
316
317
326
326
326
326
326
326
326
326
327
327
327
327
327
327
327
328
328
328
328
328
328
328
328
328
328
328
329
329
329
329
329
329
329
329
329
329
329
329
329
329
329
329
329
329
329
329
329
329
330
339
339
339
339
339
339
339
339
339
339
339
339
340
340
340
340
340
340
340
341
341
341
341
341
341
341
341
341
341
341
341
341
342
342
342
342
342
342
342
342
343
343
343
343
343
343
343
343
343
343
344
344
344
344
344
344
344
344
344
344
344
344
344
344
344
345
345
345
346
347
348
348
348
348
348
348
348
348
349
350
350
350
351
357
357
357
357
357
357
358
358
358
358
358
358
358
358
359
368
368
368
368
368
368
368
368
369
369
369
369
369
369
369
369
369
369
369
370
370
370
370
370
370
370
370
370
370
370
370
371
371
371
371
371
371
371
371
371
371
371
371
371
371
371
371
371
372
372
372
372
372
372
372
372
372
372
372
372
372
372
372
373
373
373
373
373
373
373
374
375
375
376
376
376
376
376
376
376
376
376
376
376
377
378
379
379
380
380
380
380
380
380
380
380
380
381
381
381
381
381
381
381
381
381
382
382
382
382
382
382
382
382
382
382
382
382
382
382
383
383
383
383
383
383
383
383
383
383
384
384
384
384
384
384
384
385
387
387
387
387
387
387
387
388
388
388
388
388
388
388
388
389
389
389
389
389
390
390
390
390
390
390
391
391
391
391
391
391
391
391
392
392
392
392
392
392
392
392
392
392
392
392
392
392
392
392
392
392
392
393
393
393
393
393
393
393
393
393
393
394
394
394
394
394
394
394
394
394
394
394
394
395
396
397
397
398
398
398
398
398
398
398
398
398
398
398
398
399
400
401
401
402
402
402
402
402
402
402
402
402
402
402
402
402
402
402
402
402
403
403
403
403
403
403
403
403
403
403
403
403
403
403
403
404
404
404
405
405
405
405
405
405
405
405
405
405
405
406
406
406
406
406
406
406
407
408
409
410
412
412
412
412
412
412
412
412
412
412
412
412
412
412
413
413
413
413
413
413
413
414
414
414
414
415
416
416
416
417
417
417
417
417
417
417
418
418
419
419
420
420
421
421
421
421
421
421
422
422
422
423
423
423
423
423
424
424
424
425
425
425
425
425
425
425
425
425
426
426
426
426
426
426
426
426
426
426
427
427
427
427
427
427
428
428
428
428
428
428
428
428
428
428
430
430
430
430
430
430
430
430
430
430
430
430
431
431
431
431
431
431
431
431
431
431
431
431
431
431
431
431
432
432
432
432
432
432
432
433
434
435
435
435
435
436
436
436
436
436
437
437
437
437
437
437
437
437
437
437
437
437
437
437
437
437
438
440
440
440
440
440
440
440
440
440
440
441
441
441
441
441
441
441
442
442
442
442
442
442
442
442
442
442
442
442
443
443
443
443
443
443
443
444
444
444
445
447
447
447
447
447
447
447
447
447
447
447
448
448
448
448
448
448
448
448
448
448
449
449
449
449
449
449
449
449
449
449
450
451
451
451
451
451
451
451
451
452
452
452
452
452
452
452
452
452
453
453
453
453
453
453
453
454
454
454
454
454
455
455
455
455
455
455
455
456
456
456
456
456
456
456
457
457
457
457
457
457
457
457
457
458
459
459
459
459
459
459
459
460
460
460
460
461
461
461
461
461
462
463
463
463
463
463
463
463
463
463
463
463
463
463
463
463
464
465
465
466
466
466
466
466
466
466
466
466
466
466
466
466
466
466
467
467
467
467
467
467
467
467
467
467
467
467
467
468
469
470
470
470
470
470
470
470
470
471
471
471
471
471
471
471
472
472
472
472
472
472
472
473
475
475
475
475
475
475
476
476
476
476
476
476
476
476
476
477
477
477
477
477
477
477
478
478
478
478
478
478
478
479
480
480
480
480
480
480
480
481
483
483
483
483
483
483
484
484
484
484
484
484
484
485
485
485
485
485
485
485
485
485
485
486
488
488
488
488
488
488
488
488
489
489
489
489
489
489
489
490
490
490
490
490
490
490
490
490
490
490
491
492
492
492
492
492
492
492
492
492
493
493
493
493
493
497
497
497
497
497
497
497
498
498
498
498
498
498
498
498
498
499
499
499
499
499
499
499
499
499
499
499
499
499
499
499
499
499
500
500
500
500
500
500
500
501
502
502
502
502
502
502
502
502
502
502
503
503
503
503
503
503
503
504
504
504
504
504
504
504
505
505
505
505
505
505
505
506
506
506
506
506
506
506
507
507
507
507
507
507
507
507
507
507
507
507
507
507
508
509
509
510
510
510
510
510
510
510
510
510
510
510
510
511
511
511
511
511
511
511
512
512
512
512
512
512
512
513
513
513
513
513
513
513
514
514
514
514
514
514
514
515
515
515
515
515
515
515
516
516
516
516
516
516
516
516
516
517
517
517
517
517
517
517
518
519
519
520
520
520
520
520
520
520
521
521
521
521
521
521
521
522
522
522
522
522
522
522
522
522
523
523
523
523
523
523
523
524
525
526
527
527
528
528
528
528
528
529
529
529
529
529
530
530
530
530
530
530
530
531
531
531
531
531
531
531
532
532
532
532
532
532
532
532
532
532
532
532
532
532
533
533
534
534
534
534
534
535
535
535
535
535
535
535
536
536
536
536
536
536
536
536
536
536
536
536
536
536
536
536
536
536
536
536
536
537
537
537
537
537
537
537
538
538
538
538
538
538
538
538
538
538
538
538
538
538
539
539
540
540
540
540
540
542
542
543
543
544
544
545
546
546
546
546
546
546
546
547
553
553
553
553
553
553
554
554
554
554
554
555
555
555
555
555
555
555
555
555
556
556
556
556
556
556
556
557
557
557
557
557
557
557
557
557
557
557
557
557
557
557
557
557
557
558
558
558
559
560
560
560
560
560
560
560
560
561
562
562
562
563
565
565
565
565
565
565
565
565
566
566
566
566
566
566
566
566
566
567
567
567
567
567
567
567
567
567
567
567
567
568
568
568
568
568
568
568
568
568
568
568
568
568
568
568
568
569
570
570
570
570
570
570
570
570
570
570
570
570
570
570
570
570
571
577
577
577
577
577
577
578
578
578
578
578
579
579
579
579
579
579
579
579
579
580
580
580
580
580
580
580
581
581
581
581
581
581
581
581
581
581
581
581
581
582
582
582
583
584
584
584
584
584
584
584
584
585
586
586
586
587
593
593
593
593
593
593
594
594
594
594
594
595
595
595
595
595
595
595
595
595
596
596
596
596
596
596
596
597
597
597
597
597
597
597
597
597
597
597
598
598
598
598
598
598
598
598
598
598
598
598
599
599
599
600
601
601
601
601
601
601
601
601
602
603
603
603
604
610
610
610
610
610
610
611
611
611
611
611
612
612
612
612
612
612
612
612
612
612
612
612
612
612
613
613
613
613
613
613
613
613
613
614
614
614
614
614
614
614
615
615
615
615
615
615
615
615
615
615
615
616
616
616
616
616
616
616
616
616
616
616
616
616
616
616
616
616
616
617
617
617
618
619
619
619
619
619
619
619
619
620
621
621
621
622
624
624
624
624
624
624
625
625
625
625
625
625
625
626
628
628
628
628
628
628
628
628
629
629
629
629
629
629
629
629
629
629
629
629
629
629
629
629
629
629
629
629
630
637
637
637
637
637
637
637
637
637
638
638
638
638
638
638
638
638
638
639
639
639
639
639
639
639
640
640
640
641
643
643
643
643
643
643
643
643
643
644
644
644
644
644
644
644
644
644
644
645
645
645
645
645
645
645
645
645
645
645
645
645
645
645
645
646
653
653
653
653
653
653
653
653
653
654
654
654
654
654
654
654
654
654
655
655
655
655
655
655
655
656
656
656
657
659
659
659
659
659
659
659
659
659
660
660
660
660
660
660
660
660
660
660
661
661
661
661
661
661
661
661
661
661
661
661
661
661
661
661
662
669
669
669
669
669
669
669
669
669
670
670
670
670
670
670
670
671
671
671
671
671
671
671
671
671
671
671
671
671
672
674
674
674
674
674
674
674
674
676
676
676
676
676
676
676
676
676
677
677
677
677
677
677
677
678
678
678
678
678
678
678
678
679
679
679
679
679
679
679
679
679
679
679
679
679
681
681
681
681
681
682
682
682
682
682
682
682
683
683
683
683
683
683
683
683
683
683
683
683
683
684
684
684
684
684
684
684
684
684
684
684
684
684
684
684
685
685
685
685
685
685
685
686
686
686
686
686
686
686
686
687
687
688
689
690
690
690
690
690
690
690
690
691
692
693
693
693
693
693
693
693
693
693
693
693
693
694
696
696
696
696
696
696
697
697
697
697
697
697
697
697
697
697
697
697
697
698
698
698
698
698
698
698
698
698
698
698
698
698
698
699
699
699
699
699
699
699
699
699
699
699
699
699
700
701
701
701
701
701
701
702
709
709
709
709
709
709
709
709
710
710
710
710
710
710
710
710
710
711
711
711
711
711
711
711
711
711
712
712
712
713
714
714
714
714
714
714
714
714
714
714
714
714
714
714
714
714
715
715
715
715
715
715
715
715
715
715
715
715
715
715
715
716
716
716
716
716
716
716
716
716
717
717
717
717
717
717
717
717
717
717
717
717
717
717
717
717
717
718
719
719
719
719
719
719
719
719
719
720
720
720
720
720
720
720
720
720
720
720
720
720
720
721
721
721
721
721
721
721
721
721
721
721
721
721
721
721
721
721
722
723
723
723
723
723
723
723
723
723
724
724
724
724
724
724
724
724
725
725
725
725
725
725
725
725
725
725
725
725
725
725
725
725
725
725
725
726
726
726
726
726
726
726
726
726
726
727
727
727
727
727
727
727
727
727
727
728
729
729
729
729
729
729
729
730
738
738
738
738
738
738
738
738
738
738
738
739
739
739
739
739
739
739
739
739
739
739
739
739
739
739
739
739
740
740
740
740
740
740
740
741
741
741
741
741
741
741
741
741
741
742
742
742
742
742
742
742
742
742
742
742
742
742
742
742
742
742
743
743
743
743
743
743
743
743
743
743
743
743
743
744
746
746
746
746
746
746
746
747
747
747
747
748
748
748
748
748
748
748
748
748
748
748
748
749
749
749
749
749
749
749
749
749
749
749
749
750
750
750
750
750
750
750
751
751
751
752
754
754
754
754
754
754
754
754
754
755
755
755
755
755
755
755
755
755
756
756
756
756
756
756
756
756
756
756
756
756
756
756
756
757
757
757
757
758
759
759
759
759
759
759
759
759
759
759
759
759
759
759
759
760
760
760
761
762
762
762
762
762
762
762
762
762
762
762
762
762
762
762
763
763
763
763
763
763
763
763
763
763
763
763
763
763
763
763
764
764
764
764
764
764
764
764
764
765
765
765
765
765
765
765
765
765
765
765
765
765
765
765
766
766
766
766
766
766
766
766
766
766
767
767
767
767
767
767
767
768
768
768
768
769
770
770
770
770
770
770
770
771
771
771
772
773
774
774
774
775
777
777
777
777
777
777
777
777
777
778
778
778
778
778
778
778
779
779
779
779
779
779
779
780
780
780
780
781
782
782
782
782
782
782
782
783
783
783
784
785
785
785
785
785
785
785
785
786
787
787
787
788
789
790
