17
17
17
17
17
17
17
17
17
19
19
19
19
19
19
19
20
20
20
20
20
20
20
21
21
21
21
21
21
21
22
22
22
22
22
22
22
24
24
24
24
24
24
24
24
24
24
24
24
24
30
30
30
30
32
32
32
32
32
32
32
32
32
32
32
32
32
32
32
33
33
33
33
33
33
33
33
33
33
33
33
33
33
33
35
35
36
36
36
36
36
36
36
37
37
37
37
37
37
37
38
38
38
38
38
38
38
39
39
39
39
39
39
39
40
40
40
40
40
40
40
41
41
41
41
41
41
41
42
42
42
42
42
42
42
43
43
43
43
43
43
43
44
44
44
44
44
44
44
45
45
45
45
45
45
45
46
46
46
46
46
46
46
47
47
47
47
47
47
47
48
48
48
48
48
48
48
49
49
49
49
49
49
49
50
50
50
50
50
50
50
51
51
51
51
51
51
51
52
52
52
52
52
52
52
53
53
53
53
53
53
53
54
54
54
54
54
54
54
55
55
55
55
55
55
55
55
55
55
55
56
56
56
56
56
56
56
56
56
56
56
57
57
57
57
57
57
57
57
57
57
57
59
59
59
59
59
59
59
59
59
59
59
60
67
67
67
67
67
67
67
67
67
68
68
68
68
68
69
69
69
69
69
69
69
69
69
69
69
69
69
69
69
70
71
81
81
81
81
81
81
81
81
82
82
82
82
83
83
83
84
84
84
84
84
84
84
84
85
85
85
85
85
85
85
85
85
86
86
86
86
86
87
87
87
87
87
87
87
87
87
88
89
90
90
91
91
91
91
91
92
92
92
92
92
92
92
92
92
93
94
95
112
112
112
112
112
112
112
112
112
113
113
113
113
113
113
113
113
113
113
113
113
113
114
114
114
114
114
114
114
115
115
115
115
115
115
115
116
116
116
116
116
116
116
117
117
117
117
117
117
117
118
118
118
118
118
118
118
119
119
119
119
119
119
119
119
120
121
122
122
122
122
122
123
123
123
123
123
123
123
123
123
124
125
126
126
126
127
135
135
135
135
135
135
135
135
135
136
136
136
137
137
137
137
137
137
137
137
137
138
138
138
138
138
138
138
138
138
138
138
138
139
139
139
139
139
139
139
139
139
139
139
139
139
140
140
140
141
142
144
144
144
144
144
144
144
144
144
144
144
145
145
145
145
145
145
145
146
146
146
146
146
146
146
146
146
146
146
146
146
146
146
146
146
147
147
147
147
147
147
147
147
147
147
148
148
148
148
148
148
148
148
148
148
148
148
148
149
149
149
150
151
152
154
154
154
154
154
154
154
154
154
155
155
155
155
155
155
155
156
156
156
156
156
156
156
156
156
156
156
156
157
157
157
157
157
157
157
157
157
157
157
157
157
158
158
158
159
160
160
160
160
160
160
161
162
162
162
163
174
174
174
174
174
174
174
174
174
174
175
175
175
175
175
175
175
175
175
175
175
176
176
177
177
177
177
177
177
177
177
177
177
177
178
179
179
179
179
179
179
181
184
184
185
185
185
185
185
185
185
185
185
185
185
185
186
186
186
186
186
186
186
186
186
186
187
188
189
189
189
189
189
189
191
193
193
193
194
205
205
205
205
205
205
205
205
205
205
205
206
206
206
209
209
209
209
209
209
209
209
209
210
210
210
210
210
210
210
211
211
212
212
212
212
212
212
212
212
212
212
213
213
213
213
213
213
213
214
215
215
215
215
215
215
217
218
221
221
221
221
221
221
221
221
221
221
222
222
222
222
222
222
222
223
224
225
