17
17
17
17
17
17
17
17
17
17
17
17
17
19
19
19
19
19
19
19
21
21
21
21
21
21
21
21
21
21
21
22
22
22
22
22
22
22
22
22
22
22
23
23
23
23
23
23
23
23
23
23
23
24
24
24
24
24
24
24
24
24
24
24
24
24
25
25
25
25
25
25
25
25
25
25
25
25
25
26
26
26
26
26
26
26
26
26
26
26
26
26
26
26
32
32
32
32
32
32
34
34
34
34
34
41
41
41
41
41
41
41
41
41
41
41
41
41
41
42
42
42
42
42
43
43
43
43
43
43
44
50
50
50
50
50
50
51
51
51
52
59
59
60
60
60
60
60
60
61
61
61
62
64
64
65
65
65
65
65
65
66
66
66
66
66
66
66
66
66
67
67
67
67
67
67
67
68
68
68
68
68
68
68
69
69
69
69
69
69
69
69
69
69
70
70
70
70
70
70
70
71
71
71
71
71
71
71
71
71
71
71
71
71
71
71
71
71
72
72
72
72
72
72
72
73
73
73
73
73
73
73
74
75
75
75
75
75
75
75
75
75
75
76
77
78
78
78
78
78
78
78
79
79
79
79
79
79
79
80
82
82
83
83
83
83
83
83
83
83
83
84
84
84
84
84
84
85
87
87
88
88
88
88
88
88
88
88
88
89
89
89
89
89
89
89
90
90
90
90
90
90
90
91
91
91
91
91
91
91
91
91
91
92
92
92
92
92
92
92
92
92
92
92
92
92
92
92
92
92
93
93
93
93
93
93
93
93
93
93
93
93
93
93
93
93
93
93
94
95
97
97
97
97
98
98
98
98
98
98
98
98
98
98
98
98
98
99
99
99
99
99
99
99
100
100
100
100
100
101
101
101
101
101
101
101
101
101
101
101
102
103
103
103
103
103
103
103
103
103
103
103
103
103
104
104
104
104
104
104
104
104
104
104
105
105
105
105
105
105
105
105
106
113
113
113
113
113
113
113
113
113
114
114
114
114
114
114
114
114
114
114
114
114
114
114
114
114
114
114
115
116
117
