17
17
17
17
17
17
17
17
17
17
17
17
17
17
17
19
19
19
19
19
19
19
20
20
20
20
20
20
20
22
22
22
22
22
22
22
22
22
22
22
23
23
23
23
23
23
23
23
23
23
23
24
24
24
24
24
24
24
24
24
24
24
25
25
25
25
25
25
25
25
25
25
25
25
25
26
26
26
26
26
26
26
26
26
26
26
26
26
27
27
27
27
27
27
27
27
27
27
27
27
27
28
28
28
28
28
28
28
28
28
28
28
28
28
28
28
29
29
29
29
29
29
29
29
29
29
29
29
29
29
29
30
30
30
30
30
30
30
30
30
30
30
30
30
30
30
31
31
31
31
31
31
31
31
31
31
31
31
31
31
31
32
32
32
32
32
32
32
32
32
32
32
32
32
32
32
33
33
33
33
33
33
33
33
33
33
33
33
33
33
33
34
34
34
34
34
34
34
34
34
34
34
34
34
35
35
35
35
35
35
35
36
36
36
36
36
36
36
37
37
37
37
37
37
37
38
38
38
38
38
38
38
39
39
39
39
39
39
39
40
40
40
40
40
40
40
41
41
41
41
41
41
41
42
42
42
42
42
42
42
47
47
47
47
47
47
48
48
48
48
48
48
48
48
48
50
50
50
50
50
51
51
51
51
52
52
52
52
55
55
55
55
55
55
56
56
59
59
59
59
59
59
60
60
67
67
67
67
67
67
67
67
67
67
67
67
68
68
68
68
68
68
68
69
69
69
69
69
69
70
78
78
78
78
78
78
78
78
78
78
78
78
78
78
78
78
79
79
79
79
79
79
79
80
80
80
80
80
80
81
81
81
81
81
81
82
89
89
89
89
89
89
89
89
89
89
89
89
90
90
90
90
90
91
91
91
91
91
91
92
94
94
95
95
95
95
96
96
96
96
97
97
97
97
98
98
98
98
98
99
99
99
99
99
99
99
99
99
99
99
99
99
100
102
102
103
103
103
103
103
103
103
103
103
104
104
104
104
104
104
104
104
104
105
107
107
108
108
108
108
108
108
109
109
109
109
109
109
109
110
112
112
113
113
113
113
113
113
113
113
113
114
114
114
114
114
114
114
114
114
115
117
117
118
118
118
118
118
118
119
119
119
119
119
119
120
127
127
127
127
127
127
127
127
127
127
128
128
128
128
128
128
128
129
129
129
129
129
129
129
129
129
130
130
130
130
130
130
130
130
130
131
131
131
131
131
131
131
131
131
131
132
132
132
132
133
134
134
134
135
136
136
136
137
139
139
140
140
140
140
140
140
140
141
141
141
141
141
141
141
142
142
142
142
142
142
142
142
142
142
142
142
143
143
143
143
143
143
143
144
145
145
145
146
148
148
149
149
149
149
149
149
149
149
149
150
150
150
150
150
150
150
150
150
150
151
151
151
151
151
151
151
151
151
152
153
153
153
153
153
154
154
154
154
154
154
154
155
155
155
155
155
155
155
155
155
155
155
155
155
156
157
157
157
157
157
157
157
158
158
158
158
158
158
158
159
160
160
160
160
160
160
160
161
161
161
162
163
163
163
163
163
163
163
163
163
163
163
164
164
164
164
164
164
164
164
164
164
164
164
164
165
167
167
168
168
168
168
169
169
169
169
170
170
170
170
170
171
171
171
171
171
171
171
171
171
171
172
172
172
172
172
172
172
172
172
172
173
173
173
173
173
173
173
174
174
174
175
177
177
177
177
177
177
177
177
177
177
177
177
177
177
178
178
178
178
179
180
180
181
181
181
181
181
181
181
181
181
181
181
181
182
182
182
183
184
184
185
185
185
185
185
185
185
185
185
186
186
186
186
186
186
186
186
186
186
186
186
186
186
186
186
186
187
187
187
187
187
187
187
187
187
187
188
188
188
188
188
188
188
188
188
188
188
188
188
188
188
189
189
189
189
189
189
189
189
189
189
189
190
190
190
190
190
190
190
191
191
191
191
192
193
193
193
193
193
193
193
193
194
194
194
195
196
197
197
197
198
200
200
200
200
200
200
200
200
200
200
201
201
201
201
202
203
203
204
204
204
204
205
207
207
207
207
207
207
207
207
207
207
207
207
207
207
207
208
208
208
208
208
208
208
208
208
208
209
209
209
209
209
209
209
209
209
209
209
209
209
209
209
210
210
210
210
210
210
210
210
210
210
210
211
211
211
211
211
211
211
212
212
212
212
213
214
214
214
214
214
214
214
215
215
215
216
217
219
219
219
220
222
222
223
223
223
223
223
223
224
224
224
225
227
227
228
228
228
228
228
228
229
229
229
230
232
232
233
233
233
233
233
233
234
234
234
235
237
237
238
238
238
238
238
238
239
239
239
239
239
239
239
240
240
240
240
240
240
240
240
240
240
240
240
240
240
240
240
240
240
241
242
242
242
242
242
242
242
243
243
243
243
243
243
243
243
243
243
243
243
243
243
243
243
243
243
244
245
245
245
246
248
248
249
249
249
249
249
249
250
250
250
250
250
251
251
251
251
251
252
252
252
252
252
252
252
253
253
253
253
253
253
253
253
253
253
253
253
253
254
254
254
254
254
254
254
254
254
254
254
254
254
254
255
255
255
255
256
257
257
257
257
257
257
257
257
257
257
257
257
257
258
259
259
259
259
259
259
259
259
260
260
260
260
260
260
260
260
260
260
260
260
260
261
262
262
262
262
262
262
262
262
262
263
265
265
266
266
266
266
266
266
267
267
267
268
270
270
271
271
271
271
271
271
272
272
272
272
272
272
272
273
273
273
273
273
273
273
273
273
274
274
274
274
274
274
274
274
274
274
274
274
274
274
274
274
274
274
274
274
274
274
274
274
274
274
274
274
274
274
275
275
275
275
275
275
275
275
275
275
276
276
276
276
276
276
276
276
276
276
276
276
276
276
276
276
276
276
276
277
277
277
277
277
277
277
277
277
277
277
278
279
280
280
280
280
280
280
280
281
282
282
282
282
282
282
282
283
283
283
283
283
283
283
283
283
283
283
283
283
283
284
284
284
284
284
284
284
285
285
285
285
285
285
285
285
286
287
287
287
288
289
289
289
289
289
290
290
290
290
290
290
290
291
291
291
291
291
291
291
291
291
291
291
291
291
292
293
293
293
293
293
293
293
294
294
294
294
294
294
294
294
294
294
294
294
294
295
296
296
296
296
296
296
296
296
296
296
296
296
296
296
296
296
296
296
296
296
296
297
297
297
297
297
297
297
297
297
297
297
297
297
297
297
298
300
300
301
301
301
301
301
301
301
301
301
302
302
302
302
302
302
302
303
303
303
303
303
303
303
303
303
303
303
303
303
303
303
303
303
303
304
304
304
304
304
304
304
304
304
304
304
304
304
304
304
305
305
305
305
305
305
305
305
305
305
305
305
306
307
307
308
308
308
308
308
308
308
308
308
308
308
308
308
309
310
311
311
312
312
312
312
312
312
312
312
312
313
313
313
313
313
313
313
313
313
313
315
315
315
315
315
315
315
316
316
316
316
316
316
316
316
316
317
317
317
317
317
317
317
317
317
318
319
319
319
319
319
319
319
319
320
320
320
320
320
320
320
320
320
321
321
321
321
321
321
321
321
321
322
323
323
323
323
323
323
323
323
323
323
323
323
324
324
324
324
324
324
324
324
324
324
324
324
324
324
324
325
325
325
325
325
325
325
325
325
325
325
326
327
327
327
327
327
327
327
327
328
328
328
328
329
329
329
329
329
329
329
329
329
330
330
330
330
330
331
331
331
331
331
331
331
332
333
333
333
333
333
333
333
333
334
334
334
334
334
334
334
334
334
334
334
334
334
334
334
334
334
334
335
335
335
335
335
335
335
336
337
337
338
338
338
338
338
338
338
338
338
338
338
338
338
338
338
338
338
338
339
339
339
339
339
339
339
339
339
339
339
339
339
339
339
340
340
340
340
340
340
340
340
340
340
340
341
342
343
344
350
350
350
350
350
350
350
350
350
351
351
351
351
351
351
351
351
351
352
352
352
352
352
352
352
352
352
352
354
354
354
354
354
354
354
354
354
354
354
354
354
354
354
355
355
355
355
355
355
355
355
355
355
356
356
356
356
356
356
356
357
357
357
357
357
357
357
357
357
357
357
357
357
358
358
358
358
358
358
358
358
358
358
359
360
360
360
360
360
360
360
360
361
361
361
361
361
361
361
361
361
361
361
361
361
362
362
362
362
362
362
362
362
362
362
363
364
364
364
364
364
364
364
364
365
365
365
365
365
365
365
365
365
365
365
365
365
366
366
366
366
366
366
366
366
366
366
367
368
368
368
368
368
368
368
368
369
369
369
369
369
369
369
369
369
369
369
369
369
370
370
370
370
370
370
370
370
370
370
371
372
372
372
372
372
372
372
372
373
373
373
373
373
373
373
373
373
373
373
373
373
374
374
374
374
374
374
374
374
374
374
375
376
377
379
379
380
380
380
380
380
380
380
380
380
381
381
381
381
381
381
381
381
381
381
382
391
391
391
391
391
392
392
392
392
393
393
393
393
394
394
394
394
394
395
395
395
395
395
395
395
396
396
396
397
398
398
398
398
398
398
398
399
399
399
399
399
399
399
399
399
399
400
400
400
401
403
403
403
403
403
403
403
403
403
404
404
404
404
404
404
404
404
404
404
405
405
405
405
405
405
405
405
405
405
406
406
406
406
406
406
406
406
406
406
407
407
407
407
407
407
407
407
407
407
408
408
408
408
408
408
408
408
408
409
409
409
410
411
411
411
412
412
412
412
412
412
413
413
413
413
413
413
413
413
413
413
413
413
414
414
414
414
414
414
414
414
414
414
414
415
415
415
415
415
415
415
415
415
415
415
416
416
416
416
416
416
416
416
416
416
416
417
418
418
418
419
420
420
420
420
420
420
420
421
421
421
421
421
421
421
421
421
421
421
421
421
421
422
422
422
422
422
423
423
423
424
424
424
424
424
425
425
425
425
425
425
425
425
425
426
426
426
426
426
427
427
427
427
427
428
428
428
428
428
429
429
429
429
429
430
430
431
431
431
432
433
434
434
434
434
434
434
434
434
434
434
434
435
435
435
435
435
435
435
435
435
435
435
435
435
435
435
436
436
436
436
436
436
436
436
436
436
436
436
436
436
436
437
437
437
437
437
437
437
437
438
439
439
439
440
448
448
448
448
448
448
448
448
448
448
448
448
449
449
449
449
449
449
449
450
450
450
451
452
452
452
452
452
452
452
452
452
452
452
452
452
452
453
453
453
453
453
453
453
453
453
453
453
453
453
453
454
454
454
454
454
454
454
454
455
462
462
462
462
462
462
462
462
462
462
463
463
463
463
463
463
463
464
464
464
464
464
464
464
464
464
464
464
464
464
464
464
465
465
465
465
465
465
465
465
465
465
465
465
465
465
465
465
466
467
467
467
467
467
467
467
468
468
468
468
468
468
468
468
468
468
468
468
468
468
468
469
469
469
469
469
469
469
469
469
469
469
469
469
469
469
469
470
471
471
471
472
479
479
479
479
479
479
479
479
479
479
480
480
480
480
480
480
480
481
481
481
481
481
481
481
481
481
481
481
481
482
483
483
483
483
483
483
483
484
484
484
484
484
484
484
484
484
484
484
484
485
486
486
486
487
496
496
497
497
497
497
497
497
497
497
497
498
498
498
498
498
498
498
498
499
499
499
499
499
499
499
499
499
499
499
499
499
499
499
499
500
500
500
500
500
500
500
500
500
500
500
500
500
500
500
500
500
501
507
507
507
507
507
507
508
508
508
508
508
508
508
508
508
508
508
508
509
519
519
519
519
519
519
519
519
519
519
519
519
519
519
519
519
519
520
520
520
520
520
520
520
521
521
521
521
521
521
521
522
522
522
522
522
522
522
522
522
523
523
523
523
523
523
523
523
523
523
523
523
523
524
524
524
524
524
524
524
524
524
524
524
524
524
524
524
525
525
525
526
527
528
528
528
528
528
528
528
529
530
530
530
531
538
538
538
538
538
538
538
538
538
538
539
539
539
539
539
539
539
540
540
540
540
540
540
540
540
540
540
540
540
540
540
540
541
541
541
541
541
541
541
541
541
541
541
541
542
543
543
543
543
543
543
543
544
544
544
544
544
544
544
544
544
544
544
544
544
544
544
545
546
546
546
546
546
546
546
547
547
547
547
547
547
547
547
547
547
547
547
547
547
547
548
549
549
549
549
549
549
549
550
550
550
550
550
550
550
550
550
550
550
550
550
550
550
551
552
552
552
552
552
552
552
553
553
553
553
553
553
553
553
553
553
553
553
553
553
553
554
555
555
555
556
558
558
559
559
559
559
560
560
560
560
561
561
561
561
562
562
562
562
563
563
563
563
563
563
563
564
564
564
564
565
566
566
566
566
567
567
567
567
567
567
567
568
568
569
569
570
570
571
571
571
571
571
571
572
572
572
573
573
573
573
573
574
574
574
575
575
575
575
575
575
575
575
575
575
576
576
576
576
576
576
576
576
576
576
576
577
577
577
577
577
577
578
578
578
578
578
578
578
578
578
578
580
580
580
580
581
581
581
581
581
581
581
581
581
582
582
582
582
582
582
582
582
582
582
582
582
582
582
582
582
583
583
583
583
583
583
583
584
585
586
586
586
586
586
587
587
587
587
587
587
587
587
587
587
587
587
588
588
588
588
588
588
588
588
588
588
589
591
591
592
592
592
592
593
593
593
593
593
593
593
593
593
593
593
593
593
593
593
593
593
594
594
594
594
594
594
594
594
594
594
594
594
594
595
595
595
595
595
595
595
596
596
596
597
599
599
600
600
600
600
600
600
600
600
600
600
600
600
600
601
601
601
601
601
601
601
601
601
601
602
602
602
602
602
602
602
602
602
602
603
605
605
605
605
605
605
605
605
605
606
606
606
606
606
606
606
606
606
606
607
607
607
607
607
607
607
608
608
608
608
608
608
608
608
608
608
608
608
608
609
609
609
609
609
609
609
610
610
610
610
611
611
611
611
611
612
613
613
613
613
613
613
613
613
613
613
613
613
613
614
614
614
614
614
614
614
614
614
614
614
614
614
614
614
614
614
615
615
615
615
615
615
615
616
616
616
616
616
616
616
616
616
616
616
616
616
616
616
617
618
619
619
620
620
620
620
620
620
620
620
620
620
620
620
620
620
620
621
621
621
621
621
621
621
622
622
622
622
622
622
622
622
622
622
622
622
622
623
624
625
625
625
625
625
625
625
625
625
626
626
626
626
626
626
626
627
627
627
627
627
627
627
628
630
630
631
631
631
631
631
631
632
632
632
632
632
632
632
632
632
633
633
633
633
633
633
633
634
634
634
634
634
634
634
635
636
636
636
636
636
636
636
636
636
636
636
637
639
639
640
640
640
640
640
640
641
641
641
641
641
641
641
642
642
642
642
642
642
642
642
642
642
643
645
645
645
645
645
645
645
645
645
646
646
646
646
646
646
646
647
647
647
647
647
647
647
647
647
647
647
648
649
649
649
649
649
649
649
653
653
653
653
653
653
653
654
654
654
654
654
654
654
654
654
655
655
655
655
655
655
655
655
655
655
655
655
655
655
655
655
655
656
656
656
656
656
656
656
657
658
658
658
658
658
658
658
658
659
659
659
659
659
659
659
659
659
659
659
661
661
661
661
661
661
661
662
662
662
662
662
662
662
663
663
663
663
663
663
663
664
664
664
664
664
664
664
664
664
664
664
664
664
664
665
666
666
667
667
667
667
667
667
667
667
667
667
667
667
667
668
668
668
668
668
668
668
669
669
669
669
669
669
669
670
670
670
670
670
670
670
671
671
671
671
671
671
671
672
672
672
672
672
672
672
673
673
673
673
673
673
673
673
673
674
674
674
674
674
674
674
675
676
676
677
677
677
677
677
677
677
678
678
678
678
678
678
678
679
679
679
679
679
679
679
679
679
680
680
680
680
680
680
680
681
682
684
685
686
686
686
686
686
686
686
686
686
686
686
686
687
687
687
687
687
687
687
688
688
688
688
688
688
688
688
688
688
688
688
688
688
688
688
689
689
689
690
691
691
691
691
691
691
691
691
692
692
692
692
692
692
692
692
692
692
692
692
692
692
692
692
692
692
692
692
692
692
692
693
693
693
694
694
694
694
694
694
694
694
694
694
694
694
694
694
694
694
695
695
695
696
697
697
697
697
697
697
697
698
704
704
704
704
704
704
705
705
705
705
705
705
705
706
706
706
706
706
706
706
706
706
706
706
706
706
706
706
707
707
707
707
707
707
707
707
707
707
708
708
708
709
711
711
711
711
711
711
711
711
711
711
711
711
711
711
711
712
712
712
712
712
713
713
713
713
713
713
713
713
713
714
714
714
714
714
714
714
714
714
714
714
714
714
714
714
715
715
715
716
717
717
717
717
717
717
717
718
718
719
720
721
721
721
722
723
723
723
724
726
726
726
726
726
726
726
726
726
727
727
727
727
727
727
727
727
727
728
728
728
728
728
728
728
728
728
729
729
729
729
729
729
729
729
729
729
729
729
729
729
729
729
729
730
730
730
731
732
733
733
733
733
733
733
733
733
733
733
733
733
733
733
733
733
733
733
733
733
733
734
740
740
740
740
740
740
741
741
741
741
741
741
741
741
741
741
741
741
741
741
741
742
742
742
742
742
742
742
743
743
743
744
745
745
745
746
746
746
746
746
746
746
747
747
747
747
747
747
747
747
747
747
747
747
747
748
749
749
750
750
750
750
750
750
750
750
750
750
750
750
750
751
752
752
752
752
752
753
753
753
753
753
753
753
753
753
754
754
754
754
754
754
754
755
755
755
756
757
757
757
757
757
757
757
758
758
759
760
761
761
761
762
768
768
768
768
768
768
769
769
769
770
770
770
770
770
770
770
771
771
771
771
771
771
771
771
771
771
771
771
771
771
771
771
772
773
773
774
774
774
774
774
774
774
774
774
774
774
774
774
774
774
774
775
776
776
776
776
776
776
776
777
777
777
778
779
779
779
779
779
779
779
779
779
779
780
780
780
780
780
781
781
781
781
781
781
781
781
781
782
782
782
782
782
782
782
782
782
782
782
783
783
783
784
785
785
785
785
785
785
785
786
786
787
788
789
789
789
790
796
796
796
796
796
796
797
797
797
797
797
797
797
797
797
797
797
797
797
797
797
798
798
798
798
798
798
798
798
798
798
798
798
798
798
798
798
798
798
799
799
799
799
799
799
799
800
800
800
801
802
802
802
802
802
802
802
802
802
802
803
803
803
803
803
804
804
804
804
804
804
804
804
804
805
805
805
805
805
806
806
806
806
806
807
807
807
807
807
808
808
808
808
808
808
808
808
808
808
808
808
808
808
809
809
809
810
811
811
811
811
811
811
811
812
812
813
814
815
815
815
816
818
818
819
819
819
819
819
819
820
820
820
820
820
820
820
821
823
823
824
824
824
824
824
824
824
824
824
825
825
825
825
825
825
825
826
826
826
827
829
829
829
829
829
829
829
829
829
829
830
830
830
831
833
833
833
833
833
833
833
833
833
834
834
834
834
834
834
834
835
837
838
