17
17
17
17
17
17
17
17
17
17
17
17
17
17
17
19
19
19
19
19
19
19
19
19
19
19
19
19
20
20
20
20
20
20
20
20
20
20
20
20
20
20
20
25
25
25
25
25
25
26
26
26
26
27
27
27
27
29
29
29
29
29
29
29
29
36
36
36
36
36
36
36
36
36
36
37
37
37
37
37
38
38
38
38
38
38
39
47
47
47
48
48
48
49
49
49
50
50
50
50
51
51
51
51
51
52
52
52
52
52
52
53
53
53
53
53
53
54
56
56
56
56
56
56
57
57
57
57
57
57
57
58
60
60
60
60
60
60
61
61
61
62
64
64
64
64
64
64
65
65
65
66
68
68
68
68
68
68
69
69
69
70
72
72
72
72
72
72
73
73
73
73
73
74
76
76
76
76
76
76
77
77
77
77
77
77
77
78
78
78
78
78
78
78
78
78
79
80
80
80
81
83
83
83
83
83
83
84
84
84
85
91
91
91
91
91
91
91
91
92
92
92
92
92
92
92
93
95
95
95
95
95
95
96
96
96
96
96
96
96
96
97
97
97
97
97
97
97
98
98
98
98
98
98
98
98
98
98
98
99
99
99
99
99
99
99
99
99
100
100
100
100
100
100
100
100
100
100
100
100
100
100
100
100
100
101
101
101
101
101
101
101
102
103
104
104
104
104
104
104
104
105
105
105
105
105
105
105
106
106
106
106
106
106
106
107
109
109
109
109
109
109
110
110
110
110
110
110
110
111
113
113
113
113
113
113
113
113
114
114
114
114
114
114
114
114
114
114
114
114
114
114
114
114
114
114
114
114
114
114
114
115
117
117
117
117
118
118
118
119
119
119
119
121
121
121
122
123
124
