17
17
17
17
17
17
17
17
17
19
19
19
19
19
19
19
20
20
20
20
20
20
20
21
21
21
21
21
21
21
22
22
22
22
22
22
22
23
23
23
23
23
23
23
24
24
24
24
24
24
24
26
26
26
26
26
26
26
26
26
26
26
26
26
401
401
401
401
401
402
402
402
402
402
402
403
403
403
403
403
403
405
405
405
405
405
405
406
406
406
406
406
406
406
406
409
409
409
409
411
411
411
411
413
413
413
413
415
415
415
415
417
417
417
417
419
419
419
419
421
421
421
421
423
423
423
423
425
425
425
425
426
426
426
426
426
426
427
427
427
427
427
427
434
434
434
434
434
434
434
434
434
434
435
435
435
435
435
435
435
435
435
435
435
435
436
446
446
446
446
446
447
447
447
447
448
448
448
448
448
449
449
449
449
449
449
449
449
449
449
449
449
450
456
456
456
456
456
456
456
457
457
457
457
457
457
457
458
458
458
458
458
458
458
458
459
460
460
460
461
469
469
469
469
469
469
469
469
469
469
469
469
470
470
470
470
470
470
471
471
471
471
471
471
472
478
478
478
478
478
478
479
479
479
480
486
486
486
486
486
486
487
487
487
488
494
494
494
494
494
494
494
504
504
504
504
504
504
504
504
504
510
510
510
510
510
510
510
510
510
511
511
511
511
511
511
512
521
521
521
521
521
521
522
522
522
522
522
522
522
523
523
523
523
523
523
523
524
525
525
525
526
533
533
533
533
533
533
533
533
533
534
534
534
534
534
534
535
541
541
541
541
541
541
542
542
542
542
542
542
542
543
543
543
544
545
545
545
545
545
545
545
546
546
546
547
548
548
548
549
557
557
557
557
557
557
557
557
557
558
558
558
558
558
558
559
567
567
567
567
567
567
568
568
568
568
568
568
568
568
568
568
568
569
569
569
569
569
569
569
570
571
571
571
572
581
581
581
581
581
581
581
581
581
581
582
582
582
582
582
582
583
591
591
591
591
591
591
591
592
592
592
592
592
592
592
593
593
593
593
593
593
593
594
594
594
594
594
594
594
595
596
596
596
596
596
596
596
596
597
598
598
598
599
610
610
610
610
610
610
610
610
610
611
611
611
611
611
612
612
612
612
612
612
612
613
613
613
613
613
613
613
614
615
615
615
615
615
615
615
615
615
616
624
624
624
624
624
624
624
624
624
624
625
625
625
625
625
625
625
626
626
626
626
626
626
626
626
626
626
626
626
626
626
627
628
628
628
628
628
628
628
628
628
628
628
629
641
641
641
641
641
641
641
641
641
641
642
642
642
642
642
642
643
643
643
643
644
651
651
651
651
651
651
651
652
652
652
652
652
652
652
652
652
652
653
653
653
653
653
653
653
654
655
655
655
656
667
667
667
667
667
667
667
667
667
667
668
668
668
668
668
668
668
669
669
669
669
669
669
669
669
669
670
671
671
671
671
671
671
671
671
672
680
680
680
680
680
680
680
680
680
692
692
692
692
692
692
692
692
692
693
693
693
693
693
693
693
693
693
694
694
694
694
694
694
694
694
694
694
694
694
694
695
703
703
703
703
703
703
703
703
703
704
704
704
704
704
704
704
704
704
705
705
705
705
705
705
705
705
705
706
706
706
706
706
706
706
706
706
707
707
707
707
707
707
707
707
707
707
707
707
707
708
708
708
708
708
708
708
708
708
708
708
709
710
710
710
711
719
719
719
719
719
719
719
719
719
728
728
728
728
728
728
728
728
728
728
728
728
740
740
740
740
740
740
740
740
740
740
740
740
751
751
751
751
751
751
751
751
751
770
770
770
770
770
770
770
770
770
770
770
770
776
776
776
776
776
776
776
776
776
782
782
782
782
782
782
782
782
782
791
791
791
791
791
791
791
791
791
811
811
811
811
811
811
811
811
811
821
821
821
821
821
821
821
821
821
828
828
828
828
828
828
828
828
828
829
829
829
829
829
829
830
837
837
837
837
837
837
838
838
838
838
838
838
838
838
838
838
838
839
839
839
839
839
839
839
840
841
841
841
842
850
850
850
850
850
850
850
850
850
851
851
851
851
851
851
851
851
852
852
852
852
852
852
852
853
853
853
853
853
853
853
853
853
853
854
855
855
855
855
856
857
857
857
857
858
865
865
865
865
865
865
865
865
865
866
866
866
866
866
866
867
874
874
874
874
874
874
875
875
875
875
875
875
875
875
875
875
875
876
876
876
876
876
876
876
877
878
878
878
879
887
887
887
887
887
887
887
887
887
887
887
887
887
888
888
888
888
888
888
888
888
889
889
889
889
889
889
889
890
890
890
890
890
890
890
890
890
890
890
890
891
892
892
892
892
893
894
894
894
894
895
903
903
903
903
903
903
903
903
903
903
903
903
903
904
904
904
904
904
904
904
904
905
905
905
905
905
905
905
906
906
906
906
906
906
906
907
907
907
907
907
907
907
907
907
907
908
909
909
909
909
909
910
910
910
910
911
919
919
919
919
919
919
919
919
919
919
919
919
919
920
920
920
920
921
921
921
921
921
921
921
922
934
934
934
934
934
934
934
934
934
935
935
935
935
936
936
936
936
936
936
936
937
945
945
945
945
945
945
945
945
945
946
946
946
946
947
947
947
947
947
947
947
948
959
959
959
959
959
959
959
959
959
960
960
960
960
961
961
961
961
961
961
961
962
971
971
971
971
971
971
972
972
972
972
973
973
973
973
973
973
973
974
981
981
981
981
981
981
981
981
981
982
982
982
982
983
983
983
983
983
983
983
984
985
986
