17
17
17
17
17
17
17
17
17
19
19
19
19
19
19
19
19
19
20
20
20
20
20
20
20
20
20
21
21
21
21
21
21
21
21
21
22
22
22
22
22
22
22
22
22
24
24
24
24
24
24
24
25
25
25
25
25
25
25
27
27
27
27
27
27
27
27
27
27
27
27
27
27
28
28
28
28
28
28
28
28
28
28
28
28
28
28
30
30
30
31
32
32
33
33
33
33
33
33
33
33
33
33
33
33
33
33
33
34
34
34
34
34
34
34
34
34
34
34
34
34
36
36
36
36
36
36
36
36
36
36
36
37
37
37
37
37
37
37
37
37
37
37
37
37
37
38
39
39
40
40
40
40
40
40
40
40
40
40
40
40
41
43
43
43
43
43
43
43
43
43
43
43
44
46
46
46
46
46
46
46
46
46
46
46
46
46
63
63
63
63
63
63
64
64
64
65
65
65
66
66
66
67
67
67
68
68
68
69
69
69
69
69
69
70
70
70
70
70
70
71
71
71
72
72
72
73
73
74
74
75
76
