1
1
1
1
1
1
1
1
1
3
3
3
3
3
3
3
4
4
4
4
4
4
4
5
5
5
5
5
5
5
5
5
6
6
6
6
6
6
6
6
6
8
8
8
8
8
8
8
8
8
9
9
9
9
9
9
9
9
9
10
10
10
10
10
10
10
10
10
20
20
20
21
22
22
22
22
22
22
22
22
22
23
24
24
24
24
24
24
24
24
25
26
26
26
26
26
26
26
26
26
27
27
27
27
27
27
27
28
30
30
30
30
30
30
30
30
30
30
30
30
30
32
32
32
32
32
33
33
33
33
33
33
33
33
33
33
33
33
33
33
33
33
33
33
34
35
35
35
35
36
38
38
38
38
38
38
38
38
38
39
39
39
39
39
41
41
41
41
41
41
41
41
41
41
41
41
41
41
42
42
42
42
42
42
42
42
42
42
42
42
42
42
43
44
44
44
44
44
44
44
44
44
44
44
45
45
45
45
45
45
45
45
45
45
45
47
47
47
47
47
47
47
47
47
47
47
47
47
47
48
49
49
49
49
49
49
49
49
49
49
50
50
50
50
50
50
50
50
50
50
51
51
51
51
51
51
51
51
51
51
51
52
55
55
55
55
55
55
55
56
57
57
57
57
57
57
58
60
60
60
60
60
60
60
61
62
63
64
64
64
64
64
64
64
64
64
64
64
64
64
64
64
64
64
64
64
65
65
65
65
65
65
65
65
65
65
65
66
67
67
67
67
67
68
69
69
69
69
69
69
69
69
70
71
73
73
73
73
73
73
73
74
75
75
75
75
75
75
75
75
75
75
76
77
77
77
77
77
77
77
77
77
78
78
78
78
78
78
78
78
79
80
80
80
80
80
80
80
80
80
80
80
81
82
82
82
82
82
82
82
82
82
83
83
83
83
83
83
83
83
84
85
86
88
88
88
88
88
88
88
88
88
88
88
88
88
88
88
88
88
88
88
88
88
89
89
89
89
89
89
89
89
89
89
89
89
89
89
89
89
89
89
89
90
90
90
90
90
90
90
91
93
93
93
93
93
93
94
95
95
95
95
95
95
95
95
96
96
96
96
96
96
97
97
97
97
97
97
97
97
99
99
99
99
100
100
100
100
101
101
101
101
102
102
102
102
104
104
104
104
104
104
104
104
104
106
107
109
109
109
109
109
109
109
109
110
110
110
110
110
110
110
110
110
110
110
110
110
110
111
112
112
112
112
112
112
112
113
114
114
114
114
114
114
114
114
114
114
114
114
115
115
115
115
115
115
115
115
116
118
118
119
119
119
119
119
119
119
119
120
121
121
121
121
121
121
122
124
124
125
125
125
125
125
125
125
126
127
127
127
127
128
130
130
131
131
131
131
131
131
131
131
131
131
132
133
133
133
133
133
133
133
133
135
135
135
135
135
135
135
135
135
135
135
135
135
135
135
136
136
136
136
136
136
136
137
137
137
137
137
137
137
139
139
139
139
139
139
139
139
140
141
141
141
141
141
141
141
142
143
145
145
146
146
146
146
146
146
146
147
148
148
148
148
148
148
148
149
149
149
149
149
149
150
150
150
150
150
150
150
150
151
153
153
153
153
154
155
155
155
156
158
158
158
158
159
160
160
160
160
160
160
160
161
162
162
163
164
