1
1
1
1
1
1
1
3
3
3
4
5
5
5
5
7
7
7
7
8
9
9
9
9
9
11
11
11
11
11
13
13
13
13
13
13
13
13
13
14
14
14
14
14
14
14
15
15
15
15
15
15
15
15
15
16
16
16
16
16
16
16
16
16
16
16
16
16
16
16
18
18
18
18
18
18
18
18
19
19
19
19
19
19
19
20
20
20
20
20
20
20
20
20
21
21
21
21
21
21
21
21
21
21
21
21
21
21
21
22
24
24
24
24
24
24
24
24
24
24
25
26
26
26
26
26
26
26
26
26
26
26
26
26
26
27
28
28
28
28
28
28
28
28
28
28
28
28
28
29
30
32
32
32
32
32
32
32
32
32
32
33
34
34
34
34
34
34
34
34
34
34
34
34
34
34
35
36
36
36
36
36
36
36
37
38
40
40
40
40
40
40
40
41
42
42
42
42
42
42
42
42
44
44
44
44
44
44
44
44
44
46
46
46
46
46
46
46
46
46
46
46
46
46
46
47
48
48
48
48
48
48
48
48
48
48
50
50
50
50
50
50
50
50
50
50
51
52
52
52
52
53
55
55
55
55
55
55
55
56
58
58
58
58
58
58
58
59
61
61
61
61
61
61
61
61
61
61
62
63
63
63
63
63
64
65
66
