17
17
17
17
17
17
17
17
17
19
19
19
19
19
19
19
20
20
20
20
20
20
20
21
21
21
21
21
21
21
22
22
22
22
22
22
22
22
22
23
23
23
23
23
23
23
23
23
25
25
25
25
25
25
25
25
25
26
26
26
26
26
26
26
26
26
26
26
27
27
27
27
27
27
27
27
27
28
28
28
28
28
28
28
28
28
28
28
29
29
29
29
29
29
29
29
29
29
29
31
31
31
31
31
31
31
31
31
31
31
31
31
31
32
32
32
32
32
32
32
32
32
32
32
32
32
32
33
33
33
33
33
33
33
33
33
33
33
33
33
33
34
34
34
34
34
34
34
34
34
34
34
34
34
34
39
39
39
39
39
39
39
40
41
41
41
41
41
41
41
41
42
42
42
42
42
42
42
42
42
44
44
44
44
45
45
45
45
46
46
46
46
46
46
46
47
47
47
47
49
50
51
51
51
51
51
51
51
51
51
51
52
52
52
52
52
52
52
52
52
52
52
52
52
52
52
53
53
53
53
53
53
53
53
54
54
54
54
54
54
54
55
56
58
58
58
59
60
60
60
60
60
61
63
63
63
63
63
64
65
65
65
65
65
65
67
67
67
67
67
67
69
69
69
69
69
70
70
70
70
71
73
73
73
73
73
73
74
75
75
75
75
75
77
77
77
77
77
77
77
77
77
78
78
78
78
78
78
78
79
79
79
79
79
79
79
79
79
79
79
79
79
80
82
82
82
82
82
82
82
84
84
84
84
84
84
84
84
84
85
91
91
92
92
92
92
92
92
92
93
94
94
94
94
94
95
95
96
98
98
98
98
98
98
98
99
99
99
99
99
99
99
100
100
100
100
100
100
100
101
101
102
102
102
102
102
102
102
102
102
102
102
102
103
103
103
103
103
103
103
103
103
103
103
103
104
104
104
104
104
104
104
104
104
104
104
104
106
106
106
106
106
106
106
106
106
106
106
106
106
107
107
107
107
107
107
107
107
107
108
108
108
108
108
108
108
108
108
109
109
109
109
109
109
109
109
109
111
111
112
112
112
112
112
112
112
112
112
113
113
113
113
113
113
113
113
113
114
114
114
114
114
114
114
115
115
115
115
115
115
115
115
115
115
115
115
115
115
115
115
115
115
115
115
115
115
116
116
116
116
116
116
116
116
117
117
117
117
117
117
117
117
118
118
118
118
118
118
118
119
119
119
119
119
119
119
119
119
120
121
121
121
121
121
121
121
123
123
123
123
123
123
123
123
124
124
124
124
124
124
124
124
124
125
125
125
125
125
125
125
126
126
126
126
126
126
126
126
126
126
126
126
126
126
126
126
126
126
126
126
126
127
127
127
127
127
127
127
127
128
128
128
128
128
128
128
128
129
129
129
129
129
129
129
130
130
130
130
130
130
130
130
130
131
132
132
132
132
132
132
132
133
134
134
134
134
134
134
135
135
135
135
135
135
135
136
137
138
138
139
139
139
139
139
139
139
139
139
140
140
140
140
140
140
140
140
140
140
141
142
142
142
142
142
142
142
142
142
143
143
143
143
143
143
143
143
143
143
144
145
145
145
145
145
145
145
145
145
146
146
146
146
146
146
146
146
146
146
147
148
149
151
151
152
152
152
152
152
152
152
153
154
154
154
154
154
155
155
156
158
158
159
159
159
159
159
159
159
159
159
159
159
159
159
160
160
160
160
160
160
160
160
161
161
162
163
163
163
163
163
163
163
163
163
164
164
164
164
164
164
164
164
164
164
164
164
164
164
164
164
164
164
164
164
164
165
165
165
165
165
165
165
166
166
166
166
166
166
166
166
166
166
166
166
166
166
166
166
166
166
166
166
166
166
167
167
167
167
167
167
167
167
168
168
168
168
168
168
168
168
168
168
168
168
168
168
168
168
168
168
168
169
169
169
169
169
169
169
169
169
169
169
169
169
169
169
169
169
169
169
169
169
170
172
172
172
172
172
172
172
173
173
173
173
173
173
173
173
174
174
174
174
174
174
174
175
176
177
177
177
177
177
177
178
178
178
178
178
178
178
179
180
180
181
181
181
181
181
181
181
181
181
181
182
183
185
185
186
186
186
186
186
187
188
188
188
188
188
188
190
190
190
190
190
190
190
193
193
193
193
194
195
197
197
198
198
198
198
198
198
198
199
200
200
201
201
201
201
201
201
201
201
201
201
201
201
201
202
202
202
202
202
202
202
202
203
203
203
203
203
203
203
204
204
204
204
204
204
204
204
204
204
204
204
204
204
204
205
206
206
206
207
207
207
207
207
207
207
207
207
207
208
209
211
211
212
212
212
212
212
213
214
214
214
214
214
214
214
215
215
215
215
215
215
215
216
216
216
216
216
216
216
217
217
217
217
217
218
218
219
219
219
219
219
219
219
219
219
219
219
219
219
219
219
219
219
219
219
219
220
220
220
220
220
220
220
220
221
221
221
221
221
221
221
221
221
222
222
222
222
222
222
222
222
222
228
228
228
229
231
231
231
231
231
231
231
231
231
231
231
232
234
234
234
234
234
234
234
235
235
235
236
238
238
238
238
238
239
239
239
239
239
239
239
239
239
240
240
240
240
240
240
240
240
240
242
242
242
242
242
242
242
242
242
243
243
243
243
243
243
243
244
244
244
245
247
247
247
247
247
247
247
247
247
247
247
247
248
248
248
248
248
248
248
248
248
248
248
248
249
249
249
249
249
249
249
249
249
249
249
249
251
251
251
251
251
251
251
251
251
251
251
251
251
252
252
252
252
252
252
252
253
253
253
253
253
253
253
253
253
253
253
254
255
255
255
255
255
255
255
255
256
256
256
256
256
256
256
256
256
256
256
257
258
259
259
259
259
259
259
259
259
259
259
259
259
259
259
260
260
260
260
260
260
260
260
261
261
261
261
261
261
261
261
261
261
261
261
261
261
262
262
262
262
262
262
262
262
262
262
262
262
262
262
262
262
262
262
262
262
262
263
263
263
263
263
263
263
263
263
263
263
263
263
263
263
263
263
263
263
264
265
266
268
268
268
268
268
268
268
268
268
268
268
268
268
268
268
268
268
268
268
268
268
268
268
268
268
268
268
268
268
268
268
268
268
269
269
269
269
269
269
269
269
269
269
269
269
269
269
269
270
270
270
270
270
270
270
271
271
271
271
271
271
271
271
271
271
272
273
273
273
273
273
273
273
273
274
274
274
274
274
274
274
274
274
274
275
276
276
276
276
276
276
276
276
277
277
277
277
277
277
277
278
279
281
281
281
281
281
281
281
281
281
282
282
282
282
282
282
282
282
282
282
282
283
285
285
285
286
287
287
288
288
288
288
288
288
288
289
289
289
289
289
289
289
289
289
290
290
290
290
290
290
290
290
290
290
291
292
292
292
292
292
292
292
292
292
293
293
293
293
293
293
293
293
293
293
294
295
295
295
295
295
295
295
295
295
296
296
296
296
296
296
296
296
296
296
297
298
299
299
299
299
300
301
308
308
309
309
309
309
309
310
311
311
311
311
311
311
311
312
318
318
318
318
318
318
318
318
318
318
318
318
318
318
318
318
319
320
320
320
320
320
320
320
320
320
320
320
321
321
321
321
321
321
321
322
322
322
322
322
322
322
323
323
323
323
323
323
323
329
329
329
329
329
329
329
329
329
329
329
330
330
330
330
330
330
330
331
331
332
334
334
334
334
334
334
334
334
335
335
335
335
335
335
335
335
335
335
335
335
335
335
335
335
335
335
335
335
337
337
337
337
337
337
337
338
338
338
338
338
338
338
339
340
340
340
340
340
340
340
340
341
341
341
341
341
341
341
341
341
341
341
341
341
341
341
341
341
341
341
341
341
341
341
341
341
342
343
343
344
344
344
344
344
344
344
344
344
344
344
345
346
348
348
348
348
348
349
350
350
350
350
350
350
350
350
350
351
351
352
354
354
354
354
354
354
354
354
355
355
355
355
355
355
355
355
355
355
355
355
356
356
356
356
356
356
356
356
356
357
357
357
357
357
357
357
357
357
358
358
358
358
358
358
358
358
358
358
358
358
358
358
358
358
358
358
358
358
359
359
359
359
359
359
359
360
360
361
363
363
363
363
363
363
364
364
364
364
364
364
364
365
365
365
365
365
365
365
365
365
365
365
365
365
365
365
365
365
365
365
365
365
365
365
365
365
366
366
367
369
369
369
369
369
369
369
369
369
369
369
370
371
373
373
373
373
373
373
373
373
373
373
373
374
375
375
375
375
375
375
375
375
376
376
376
376
376
376
376
377
377
377
377
377
377
377
378
378
378
378
378
378
378
378
378
379
380
380
381
381
381
381
381
381
381
382
383
384
384
384
384
384
384
384
384
384
385
385
385
385
385
385
385
385
385
385
386
387
387
388
388
388
388
388
388
388
388
388
389
390
410
410
410
410
410
411
412
412
412
412
412
413
413
413
413
413
413
413
413
413
413
413
414
414
414
414
414
415
415
415
415
416
416
416
416
416
416
416
416
416
416
416
416
416
416
416
416
416
417
417
418
420
420
420
420
420
420
420
421
421
422
422
422
422
422
422
422
423
424
424
424
424
424
424
425
425
425
425
425
425
425
425
425
425
426
426
427
428
430
430
430
430
430
430
430
430
430
430
431
432
433
434
