1
1
1
1
1
1
1
1
1
1
1
3
3
3
3
3
3
3
4
4
4
4
4
4
4
6
6
6
6
6
6
6
6
6
8
8
8
8
8
8
8
8
8
10
10
10
10
10
10
10
10
10
10
10
16
16
16
16
16
17
25
25
25
25
25
25
25
26
26
26
26
26
26
26
26
26
35
35
35
35
35
35
35
35
35
35
35
35
35
44
44
44
44
44
44
44
44
44
44
46
46
46
46
46
46
46
47
47
47
47
47
47
47
47
47
47
47
47
48
48
48
50
50
50
50
50
50
50
51
51
51
51
51
51
52
52
52
52
52
52
52
52
52
52
52
52
52
52
53
53
53
55
55
55
55
55
55
55
56
56
56
56
56
56
56
56
56
57
57
57
61
61
61
61
61
61
61
62
62
62
62
62
62
62
62
62
63
63
63
65
65
65
65
65
65
65
66
66
66
66
66
66
66
66
66
67
67
67
69
69
69
69
69
69
69
70
70
70
70
70
70
70
70
70
71
71
71
73
73
73
73
73
73
73
74
74
74
74
74
74
74
74
74
75
75
75
77
77
77
77
77
77
77
78
78
78
78
78
78
78
78
78
79
79
79
81
81
81
81
81
81
81
82
82
82
82
82
82
82
82
82
83
83
83
86
86
86
86
86
86
86
87
87
87
87
87
87
88
88
88
88
88
88
88
88
88
88
88
89
89
89
89
89
89
89
89
89
89
89
90
90
90
93
93
93
93
93
93
93
94
94
94
94
94
94
95
95
95
101
102
