6
6
6
6
6
6
6
6
6
6
6
8
8
8
8
8
8
8
8
8
8
8
9
9
9
9
9
9
9
9
9
9
9
10
10
10
10
10
10
10
10
10
10
10
10
10
11
11
11
11
11
11
11
11
11
11
11
12
12
12
12
12
12
12
12
12
12
12
13
13
13
13
13
13
13
13
13
13
13
14
14
14
14
14
14
14
14
14
15
15
15
15
15
15
15
15
15
17
17
17
17
17
18
19
19
19
19
19
19
19
19
19
21
21
21
21
21
21
21
21
21
21
21
21
21
21
21
23
23
23
23
23
23
24
25
25
25
25
25
26
28
28
29
29
29
29
29
30
31
31
31
31
31
31
32
34
34
35
35
35
35
35
35
35
36
37
37
37
37
37
37
37
37
37
37
37
37
38
39
39
39
39
39
39
39
39
39
39
39
40
41
41
41
41
41
41
41
41
42
43
43
44
46
46
46
46
46
46
46
46
46
48
48
48
48
48
48
49
50
50
50
50
50
52
52
52
52
52
52
52
52
52
54
55
56
56
56
56
56
56
56
56
56
57
58
58
58
58
58
58
58
58
58
59
60
61
62
62
62
62
62
62
62
62
62
62
62
63
64
65
65
65
65
65
66
68
68
68
68
68
68
68
68
68
68
68
69
69
70
73
73
73
73
73
73
73
73
73
75
75
75
75
75
75
75
75
75
75
75
75
75
75
75
75
75
76
76
76
76
76
76
76
77
77
77
77
77
77
77
79
79
79
79
79
79
79
80
81
82
83
85
85
85
85
85
86
87
87
87
88
89
90
