18
18
18
18
18
18
18
18
18
20
20
20
20
20
20
20
20
20
20
20
20
20
20
22
22
22
22
22
22
22
23
23
23
23
23
23
23
24
24
24
24
24
24
24
25
25
25
25
25
25
25
26
26
26
26
26
26
26
27
27
27
27
27
27
27
37
37
37
37
37
37
44
44
44
44
44
44
49
49
49
49
49
49
49
49
49
49
58
58
58
58
58
58
58
58
58
59
59
59
59
59
59
59
60
60
60
61
70
70
70
70
70
70
70
70
70
71
71
71
71
71
71
71
72
72
72
73
75
75
75
75
75
75
76
76
76
77
78
81
81
81
81
81
81
81
81
84
84
84
84
84
84
84
84
84
84
84
84
84
84
84
87
87
87
87
87
87
87
87
87
87
87
87
87
87
87
92
92
92
92
92
94
101
101
101
101
101
101
101
101
101
102
102
102
102
102
102
102
103
110
110
110
110
110
110
110
110
110
111
111
111
111
111
111
111
112
112
112
112
112
112
112
113
114
121
121
121
121
121
121
121
121
121
122
122
122
123
130
130
130
130
130
130
130
130
131
131
131
131
131
131
131
131
131
131
132
141
141
142
142
142
142
142
142
142
142
142
143
143
143
143
143
143
143
143
143
143
143
144
153
153
154
154
154
154
154
154
154
154
154
155
155
156
156
156
156
156
156
157
157
157
157
157
157
157
157
158
158
158
158
158
158
158
158
158
158
158
158
158
158
158
158
158
158
158
159
159
159
160
161
173
173
173
173
173
173
173
173
173
174
174
174
174
174
174
174
174
174
176
176
176
176
176
176
176
176
176
177
177
177
177
177
177
177
177
177
177
178
178
178
178
178
178
178
178
178
178
178
178
178
179
179
179
179
179
179
179
179
179
179
179
181
181
181
181
181
181
181
181
181
181
181
181
181
181
181
181
181
181
181
182
182
182
182
182
182
182
182
182
182
182
182
182
184
184
184
184
184
184
184
184
184
184
184
184
184
184
185
186
187
189
189
189
190
202
202
202
202
202
202
202
202
202
203
203
203
203
203
203
203
203
203
205
205
205
205
205
205
205
205
205
206
206
206
206
206
206
206
206
206
206
206
206
206
206
206
206
206
206
206
206
206
206
206
206
206
207
207
207
207
207
207
207
207
207
207
207
207
207
208
208
208
208
208
208
208
208
208
208
208
210
210
210
210
210
210
210
210
210
210
210
210
210
210
210
210
210
210
210
211
211
211
211
211
211
211
211
211
211
211
211
211
213
213
213
213
213
213
213
213
213
213
213
213
213
213
214
215
216
218
218
218
219
226
226
226
226
226
226
226
226
227
227
227
227
227
227
227
227
227
227
228
236
236
236
236
236
236
236
236
236
237
237
237
237
237
237
237
237
237
237
237
238
247
247
247
247
247
247
247
247
247
247
247
247
247
248
248
248
248
248
248
248
248
248
248
248
248
248
249
258
258
258
258
258
258
258
258
258
259
259
259
259
259
259
259
260
260
260
261
262
262
262
262
262
262
262
262
262
262
262
263
263
263
263
263
263
263
263
263
263
263
263
264
274
274
274
274
274
274
274
274
274
274
274
274
274
275
275
275
275
275
275
275
275
275
276
276
276
276
276
276
276
276
276
277
285
285
285
285
285
285
285
285
285
286
286
286
286
286
286
286
286
286
287
296
296
296
296
296
296
296
296
296
296
296
296
296
297
297
297
297
297
297
297
297
297
297
297
298
306
306
306
306
306
306
306
306
306
306
306
307
307
307
307
307
307
307
307
307
307
307
308
317
317
317
317
317
317
317
317
317
317
317
318
318
318
318
318
318
318
318
318
318
318
318
318
318
320
320
320
320
320
320
320
320
320
321
321
321
321
321
321
321
321
321
321
322
322
322
322
322
322
322
322
322
322
322
323
324
326
326
326
326
326
326
326
326
326
326
326
326
326
326
326
326
327
335
335
335
335
335
335
335
335
335
335
335
336
336
336
336
336
336
336
336
336
337
348
348
348
348
348
348
348
348
348
348
348
349
349
349
349
349
349
349
349
349
349
349
350
361
361
361
361
361
361
361
361
361
361
361
362
362
362
362
362
362
362
363
363
363
364
365
365
365
365
365
365
365
365
365
366
366
366
366
366
366
366
367
367
367
368
369
369
369
369
369
369
369
369
369
369
369
369
369
369
370
381
381
381
381
381
381
381
381
381
381
381
382
382
382
382
382
382
382
382
382
383
409
409
409
409
409
409
409
409
409
410
410
410
410
410
410
410
410
410
410
410
411
420
420
420
420
420
420
420
420
420
421
421
421
421
421
421
421
421
422
430
430
430
430
430
430
430
430
430
431
431
431
431
431
431
431
431
431
432
439
439
439
439
439
439
439
439
439
440
440
440
440
440
440
440
441
449
449
449
449
449
449
449
449
449
450
450
450
450
450
450
450
450
450
450
450
451
451
451
451
451
451
451
452
452
452
452
452
452
452
452
452
453
453
453
453
453
453
453
453
453
453
453
453
453
453
453
453
453
453
453
453
453
453
453
453
453
454
454
454
455
456
457
458
458
458
459
460
461
