6
6
6
6
6
6
6
6
6
8
8
8
8
8
8
8
8
8
8
8
8
8
8
9
9
9
9
9
9
9
9
9
9
9
9
9
9
10
10
10
10
10
10
10
10
10
10
10
10
10
10
11
11
11
11
11
11
11
11
11
11
11
11
11
11
12
12
12
12
12
12
12
12
12
12
12
12
12
12
13
13
13
13
13
13
13
13
13
13
13
13
13
13
14
14
14
14
14
14
14
14
14
14
14
14
14
14
16
16
16
16
16
16
16
17
17
17
17
17
17
17
18
18
18
18
18
18
18
19
19
19
19
19
19
19
21
21
21
21
21
21
21
21
21
21
21
23
23
23
24
25
25
25
25
26
26
26
26
27
27
27
27
27
27
27
27
27
27
27
27
27
27
28
28
28
28
28
28
29
29
29
29
29
29
30
30
30
30
30
30
31
31
31
31
31
31
33
33
33
33
33
33
33
33
35
35
35
35
35
35
35
35
35
35
35
35
36
37
37
37
37
37
37
38
38
38
38
38
38
39
39
39
39
39
39
40
42
42
42
42
42
42
42
43
44
44
44
44
44
44
45
46
46
46
46
47
48
49
50
50
50
50
51
52
54
54
54
54
54
55
56
56
56
57
59
59
59
59
59
59
59
60
61
61
61
61
61
61
61
62
62
62
62
62
62
62
63
65
65
65
65
65
65
65
65
66
67
67
67
67
67
67
67
67
68
70
70
70
70
70
71
72
72
72
73
75
75
75
75
75
76
77
77
77
77
77
77
77
77
78
78
78
78
78
78
78
78
78
78
78
78
78
78
78
78
78
78
78
78
78
78
80
80
80
80
80
80
80
81
83
83
83
83
83
83
83
84
85
85
85
85
85
85
85
85
85
85
85
87
87
87
87
87
87
87
87
87
87
88
89
89
89
89
89
89
89
89
90
91
92
93
93
93
94
95
97
97
97
97
97
97
97
97
97
97
98
99
99
99
99
99
99
99
99
99
99
99
99
99
101
101
101
101
101
101
101
102
103
103
103
103
103
103
103
103
103
103
103
103
103
104
105
105
105
105
105
105
105
106
107
109
109
109
110
112
112
112
112
112
112
112
112
112
112
112
112
112
112
112
112
113
114
114
114
114
114
114
114
114
114
114
114
114
114
116
116
116
116
116
116
116
117
118
118
118
118
118
118
118
118
118
118
118
118
118
119
120
120
120
120
120
120
120
120
120
120
120
120
120
120
122
122
122
122
122
122
122
122
122
122
122
122
122
122
122
122
122
122
123
124
124
124
124
124
124
124
125
126
127
129
129
129
130
132
132
132
132
132
133
134
134
134
135
137
137
137
137
137
137
137
138
139
139
139
139
139
139
140
142
142
142
142
142
143
144
144
144
145
147
147
147
147
147
147
147
147
147
147
148
149
149
149
149
149
149
149
149
150
152
152
152
152
152
152
152
153
154
154
154
154
154
154
154
154
154
154
155
156
156
156
156
156
156
156
156
156
156
156
156
157
158
159
160
160
160
161
162
164
164
165
165
165
165
165
166
167
167
167
167
167
167
168
170
170
170
170
170
170
170
171
172
172
172
172
172
172
172
172
174
174
174
174
174
174
174
174
176
176
176
176
176
176
176
176
176
176
176
176
176
176
177
178
178
178
178
178
178
178
179
181
181
181
181
181
181
181
181
181
181
181
181
183
183
183
183
183
183
183
183
183
183
183
183
185
185
185
185
185
185
185
185
185
185
186
187
187
187
187
187
187
187
187
187
187
187
187
187
187
187
187
187
187
188
189
189
189
189
189
189
189
189
189
189
189
189
189
189
189
189
189
189
189
189
189
189
189
189
189
189
190
190
190
190
190
190
190
190
190
190
190
190
190
190
190
190
191
192
194
194
194
194
195
196
196
196
196
196
196
196
196
196
196
196
196
196
196
196
196
196
197
198
199
200
200
200
200
200
200
200
200
200
200
200
200
201
202
202
202
202
202
202
202
202
202
202
202
202
204
204
204
204
204
204
204
205
206
206
206
206
206
206
206
206
206
206
206
207
208
209
210
211
211
211
211
211
211
211
211
211
211
211
211
213
213
213
213
213
213
214
215
215
215
215
215
215
215
215
215
215
215
215
215
215
216
217
217
217
217
217
217
217
218
220
220
220
220
220
220
220
220
220
220
220
220
221
222
224
224
224
224
224
224
224
224
224
224
224
224
224
224
225
226
226
226
226
226
226
226
227
229
229
229
229
229
229
229
229
229
229
229
229
230
230
230
230
230
230
230
230
230
230
230
230
230
230
230
230
230
231
233
233
233
233
233
233
233
234
236
236
237
237
237
237
237
237
237
237
238
238
238
238
238
238
239
240
240
240
241
242
242
242
242
242
242
242
242
242
242
242
242
242
242
242
242
243
244
244
244
245
247
247
247
247
247
247
247
247
249
249
249
249
249
249
249
249
250
251
251
251
252
253
253
253
253
253
253
253
253
253
253
253
253
253
253
253
253
253
253
253
253
253
253
254
255
255
255
256
257
257
257
257
257
257
257
257
257
257
257
257
257
257
257
257
257
257
257
257
257
257
258
259
259
259
260
261
261
261
261
261
261
261
261
261
261
261
261
261
261
261
261
261
261
261
261
261
261
262
263
263
263
264
265
265
265
265
265
265
265
265
265
265
265
265
265
265
265
265
265
265
265
265
265
265
266
267
267
267
268
269
269
269
269
269
269
269
269
269
269
269
269
269
269
269
269
269
269
269
269
269
269
270
271
271
271
272
274
274
274
275
277
277
278
278
278
278
278
278
279
279
279
279
279
279
279
279
279
279
279
279
279
279
279
280
280
280
280
280
280
280
280
280
280
280
280
280
280
280
280
280
280
280
280
281
281
281
281
281
281
281
281
281
281
281
281
281
281
281
281
281
281
281
281
282
282
282
282
282
282
282
282
282
282
282
282
282
282
283
283
283
283
283
283
283
283
283
283
283
283
283
283
283
283
283
283
283
283
284
284
284
285
287
287
287
287
287
288
289
289
289
290
292
292
292
292
292
292
292
293
294
294
294
294
294
294
295
296
297
