17
17
17
17
17
17
17
17
17
17
17
17
17
19
19
19
19
19
19
19
20
20
20
20
20
20
20
21
21
21
21
21
21
21
23
23
23
23
23
23
23
23
23
23
23
24
24
24
24
24
24
24
24
24
24
24
24
24
25
25
25
25
25
25
25
25
25
25
25
25
25
26
26
26
26
26
26
26
26
26
26
26
26
26
26
26
27
27
27
27
27
27
27
27
27
27
27
27
27
27
27
33
33
33
33
33
33
33
34
34
34
34
41
41
41
41
41
41
41
41
41
41
42
42
42
42
42
42
42
42
42
43
51
51
51
51
51
51
51
51
51
51
51
51
51
52
52
52
52
52
52
52
52
52
52
52
52
52
53
53
53
53
53
53
54
56
56
56
56
56
56
56
56
57
57
57
57
57
57
57
57
57
57
57
57
57
57
57
57
57
57
57
57
57
57
57
57
58
60
60
60
60
60
60
61
61
61
62
64
64
64
64
64
64
65
65
65
66
75
75
75
75
75
75
75
75
75
75
76
76
76
76
77
77
77
77
77
77
77
77
77
77
78
78
78
78
78
78
78
78
78
78
80
80
80
80
80
80
80
81
81
81
81
81
81
81
81
81
81
81
82
84
84
84
84
84
84
84
85
85
85
85
85
85
85
85
85
85
85
85
85
86
88
88
88
88
88
88
88
89
89
89
89
89
89
89
89
89
89
89
90
92
92
92
92
92
92
92
93
93
93
93
93
93
93
93
93
93
93
93
93
94
96
96
96
96
96
96
96
97
97
97
97
97
97
97
97
97
97
97
97
97
98
100
100
100
100
100
100
100
101
101
101
101
101
101
101
101
101
101
101
101
101
102
104
104
104
104
104
104
104
104
104
104
104
105
105
105
105
105
105
105
105
105
105
105
105
105
105
106
107
107
107
107
107
107
107
108
108
108
108
108
108
108
108
108
108
108
109
110
110
110
110
110
110
110
111
111
111
111
111
111
111
111
111
111
111
112
113
113
113
113
113
113
113
113
114
122
122
122
122
122
122
122
122
122
122
122
123
123
123
123
123
123
123
123
123
124
124
124
124
124
124
124
124
124
125
125
125
125
125
125
125
125
125
125
126
126
126
127
128
129
129
129
130
138
138
138
138
138
138
138
138
138
138
138
139
139
139
139
139
139
139
139
140
140
140
140
140
140
140
140
140
141
141
141
141
141
141
141
141
141
141
141
142
143
143
143
143
143
143
143
143
143
144
144
144
144
144
144
144
144
144
144
144
144
144
144
144
144
144
144
145
145
145
146
147
148
148
148
149
157
157
157
157
157
157
157
157
157
157
157
158
158
158
158
158
158
158
159
159
159
159
159
159
159
159
159
159
159
159
159
160
162
162
162
162
162
162
162
163
163
163
163
163
163
163
163
163
163
163
163
163
164
166
166
166
167
167
167
167
167
167
167
167
167
167
167
168
168
168
168
168
168
168
168
168
168
168
168
168
168
168
168
168
168
168
168
169
170
170
170
170
170
170
170
170
170
170
170
170
172
172
172
172
172
172
172
172
172
172
173
173
173
173
173
173
173
173
173
173
174
174
174
175
176
176
176
176
176
176
176
176
176
176
177
177
177
177
177
177
177
177
177
177
178
178
178
179
180
180
180
180
180
180
181
182
182
183
183
183
183
183
183
183
183
183
183
183
184
184
184
184
184
184
184
184
184
185
185
185
185
185
185
185
185
185
186
187
187
187
187
187
187
187
187
187
187
187
187
187
187
187
187
187
188
189
189
189
189
189
190
192
193
