18
18
18
18
18
18
18
18
18
18
18
19
19
19
19
19
19
19
20
20
20
20
20
20
20
21
21
21
21
21
21
21
22
22
22
22
22
22
22
23
23
23
23
23
23
23
24
24
24
24
24
24
24
25
25
25
25
25
25
25
26
26
26
26
26
26
26
27
27
27
27
27
27
27
28
28
28
28
28
28
28
29
29
29
29
29
29
29
30
30
30
30
30
30
30
32
32
32
32
32
32
32
32
32
32
32
33
33
33
33
33
33
33
33
33
33
33
34
34
34
34
34
34
34
34
34
34
34
35
35
35
35
35
35
35
35
35
35
35
35
35
36
36
36
36
36
36
36
36
36
36
36
36
36
95
95
95
95
95
96
98
98
98
98
98
98
98
98
100
100
100
100
100
100
100
100
107
107
107
107
107
107
107
107
115
115
115
115
115
115
115
115
124
124
124
124
124
124
124
124
131
131
131
131
131
131
131
131
139
139
139
139
139
139
139
139
147
147
147
147
147
147
147
147
155
155
155
155
155
155
155
155
163
163
163
163
163
163
163
163
170
170
170
170
170
170
170
170
178
178
178
178
178
178
178
178
186
186
186
186
186
186
186
186
193
193
193
193
193
193
193
193
200
200
200
200
200
200
200
200
212
212
212
212
212
212
212
212
215
215
215
215
215
215
215
215
217
217
217
217
217
217
217
217
218
218
218
218
219
219
219
219
219
219
219
220
220
220
220
221
221
221
221
222
222
222
222
228
228
228
228
235
235
235
235
243
243
243
243
243
243
252
252
252
252
261
261
261
261
268
268
268
268
269
270
270
270
270
270
271
271
271
271
271
271
271
271
271
272
272
272
272
273
273
273
273
274
274
274
274
275
275
275
275
275
275
275
275
276
284
284
284
284
284
284
284
285
286
286
286
286
286
287
296
296
296
296
296
296
296
296
297
297
297
297
297
297
297
297
297
297
297
297
297
297
297
297
297
298
298
298
298
298
299
299
299
299
300
306
306
307
307
307
307
307
307
307
308
309
309
309
309
309
310
320
320
320
320
320
320
320
320
320
320
320
321
321
321
321
321
321
322
322
322
322
322
322
322
323
323
324
324
324
324
324
324
324
324
324
324
324
324
324
324
325
325
325
326
326
326
326
326
326
326
326
327
328
328
329
329
329
329
329
329
329
329
329
329
329
329
329
329
330
330
330
330
330
330
330
331
331
331
331
331
331
331
331
331
331
332
332
332
332
332
332
332
333
333
334
334
334
334
336
336
336
336
336
336
336
336
336
336
337
337
337
337
338
339
339
339
339
339
339
339
339
340
340
340
340
340
340
340
340
340
340
341
341
341
341
341
341
341
342
342
342
343
343
343
344
344
344
344
344
344
344
345
346
346
346
347
347
347
347
349
349
349
349
349
349
349
349
349
349
350
350
350
350
351
352
353
368
368
368
368
368
368
368
369
370
370
370
370
370
370
370
370
371
388
388
388
388
388
388
388
388
388
388
389
390
390
390
390
390
390
390
390
390
390
391
408
408
408
408
408
408
408
408
408
408
409
410
410
410
410
410
410
410
410
410
410
410
410
410
410
410
411
429
429
429
429
429
429
429
429
429
429
429
429
429
429
430
431
431
431
431
431
431
431
431
431
431
431
431
431
431
431
431
432
432
432
432
432
432
432
432
433
450
450
450
450
450
450
450
450
450
450
451
452
452
452
452
452
452
452
452
452
452
452
452
452
452
452
453
471
471
471
471
471
471
471
471
471
471
471
471
471
471
472
473
473
473
473
473
473
473
473
473
473
473
473
473
473
473
473
474
474
474
474
474
474
474
474
475
495
495
495
495
495
495
495
495
495
495
496
497
497
497
497
497
497
497
497
497
497
498
500
500
500
500
500
500
500
500
500
500
500
500
500
501
501
501
501
501
501
501
501
501
503
503
503
503
503
503
503
505
505
505
505
505
505
506
507
507
507
507
507
507
507
508
508
508
508
508
508
508
509
510
510
510
510
510
510
510
510
510
511
511
511
511
511
511
511
512
527
527
527
527
527
527
527
528
529
529
529
529
529
529
529
529
530
546
546
546
546
546
546
546
546
546
546
547
548
548
548
548
548
548
548
548
548
548
549
565
565
565
565
565
565
565
565
565
565
566
567
567
567
567
567
567
567
567
567
567
568
579
579
580
580
580
580
580
580
580
581
582
582
582
582
582
582
583
583
583
583
584
584
584
584
585
585
585
585
586
586
586
586
587
613
613
613
613
613
613
613
613
613
613
613
613
613
613
614
615
615
615
615
616
616
616
616
616
616
616
616
616
617
617
617
620
620
620
620
620
620
620
620
621
621
621
621
621
621
621
621
621
622
622
622
622
622
622
622
623
623
623
623
623
623
623
623
623
623
623
624
626
626
626
626
626
626
626
628
628
628
628
628
628
628
629
629
629
629
629
629
629
630
630
630
630
630
630
630
630
630
631
631
631
631
631
631
631
632
633
633
633
633
633
633
633
634
634
634
634
634
634
634
635
635
635
635
635
635
635
636
636
636
636
636
636
636
637
637
637
637
637
637
637
639
639
639
639
639
639
639
639
639
639
639
639
639
639
640
659
659
659
659
659
659
659
660
661
661
661
661
661
661
661
661
662
673
673
673
673
673
673
673
674
675
675
675
675
675
675
675
675
676
681
681
682
682
682
682
682
682
683
683
683
684
691
691
691
691
691
691
692
692
692
693
712
712
712
712
712
712
712
713
714
714
714
714
714
714
715
717
717
717
717
717
717
717
717
717
717
718
719
719
719
719
721
721
721
721
722
722
722
722
722
722
724
724
724
724
724
724
724
724
724
726
726
726
726
726
726
726
727
727
727
727
728
728
728
729
733
733
733
733
733
733
733
733
734
734
734
734
734
734
734
735
735
735
735
736
736
736
736
736
737
739
739
739
739
739
740
741
742
742
742
742
742
742
742
742
742
742
742
743
743
743
743
743
743
743
743
743
744
745
745
745
745
745
745
746
747
747
747
747
748
748
748
748
748
749
751
751
751
751
751
751
751
754
754
754
754
754
754
754
755
755
755
755
755
755
755
755
755
755
755
757
757
757
757
757
757
757
758
759
760
760
760
760
760
760
760
760
762
762
762
762
762
762
762
763
763
763
763
764
764
764
765
767
767
767
767
767
767
767
772
773
773
773
773
773
773
773
773
773
773
773
773
773
773
773
773
773
773
773
775
775
775
775
775
775
775
775
775
776
776
776
776
776
776
776
776
776
777
777
777
777
777
777
777
777
777
777
777
778
779
779
779
779
779
779
779
780
780
780
780
780
780
780
780
780
780
780
781
782
783
783
783
783
783
783
783
783
783
784
784
784
784
784
784
784
784
784
784
784
785
787
787
787
787
787
788
788
788
788
788
788
788
788
788
789
791
791
791
791
791
791
791
791
791
792
792
792
792
792
792
792
793
794
794
794
795
806
806
806
806
806
807
808
808
808
809
818
818
818
818
818
819
820
820
820
820
822
822
822
822
822
822
823
823
823
824
826
826
826
826
826
826
826
826
828
828
828
828
828
828
828
828
828
829
829
829
829
829
829
829
830
830
830
830
830
830
830
830
830
831
833
833
833
833
835
835
835
835
835
835
835
835
835
836
846
846
846
846
846
846
846
847
848
848
848
848
848
848
848
848
849
859
859
859
859
859
859
859
860
861
861
861
861
861
861
861
861
861
861
862
877
877
877
877
877
877
877
878
879
879
879
879
879
879
879
879
880
896
896
896
896
896
896
896
896
896
896
897
898
898
898
898
898
898
898
898
898
898
899
906
906
906
906
906
906
907
907
907
908
920
920
920
920
920
920
921
921
921
922
929
929
929
929
929
929
929
929
929
930
930
930
930
930
930
930
930
930
930
930
930
930
930
930
930
930
930
930
930
931
931
931
931
931
931
931
931
931
931
931
931
931
932
950
950
950
950
950
950
950
951
952
952
952
952
952
952
952
952
953
973
973
973
973
973
973
973
973
973
973
974
975
975
975
975
975
975
975
975
975
975
976
986
986
986
986
986
986
986
986
986
986
987
988
988
988
988
988
988
988
988
988
988
989
1008
1008
1008
1008
1008
1008
1008
1008
1008
1008
1008
1008
1008
1008
1009
1010
1010
1010
1010
1010
1010
1010
1010
1010
1010
1010
1010
1010
1010
1011
1027
1027
1027
1027
1027
1027
1027
1027
1027
1027
1028
1029
1029
1029
1029
1029
1029
1029
1029
1029
1029
1030
1050
1050
1050
1050
1050
1050
1050
1051
1052
1052
1052
1052
1052
1052
1052
1052
1053
1074
1074
1074
1074
1074
1074
1074
1074
1074
1074
1075
1076
1076
1076
1076
1076
1076
1076
1076
1076
1076
1077
1096
1096
1096
1096
1096
1096
1096
1097
1098
1098
1098
1098
1098
1098
1098
1098
1099
1120
1120
1120
1120
1120
1120
1120
1120
1120
1120
1121
1122
1122
1122
1122
1122
1122
1122
1122
1122
1122
1123
1140
1140
1140
1140
1140
1140
1140
1140
1140
1140
1141
1142
1142
1142
1142
1142
1142
1142
1143
1143
1143
1143
1143
1143
1143
1143
1143
1143
1143
1143
1144
1162
1162
1162
1162
1162
1162
1162
1163
1164
1164
1164
1164
1164
1164
1164
1164
1165
1185
1185
1185
1185
1185
1185
1185
1185
1185
1185
1186
1187
1187
1187
1187
1187
1187
1187
1187
1187
1187
1188
1203
1203
1203
1203
1203
1203
1203
1204
1205
1205
1205
1205
1205
1205
1205
1205
1206
1221
1221
1221
1221
1221
1221
1221
1221
1221
1221
1222
1223
1223
1223
1223
1223
1223
1223
1223
1223
1223
1224
1241
1241
1241
1241
1241
1241
1241
1242
1243
1243
1243
1243
1243
1243
1243
1243
1244
1261
1261
1261
1261
1261
1261
1261
1261
1261
1261
1261
1261
1261
1261
1262
1263
1263
1263
1264
1264
1264
1264
1264
1264
1264
1264
1264
1264
1266
1266
1266
1266
1266
1266
1266
1266
1266
1266
1266
1266
1266
1266
1266
1266
1266
1266
1267
1267
1267
1267
1267
1267
1267
1267
1268
1268
1268
1268
1268
1268
1268
1269
1269
1269
1269
1269
1269
1269
1270
1270
1270
1270
1270
1270
1270
1271
1271
1271
1271
1271
1271
1272
1272
1272
1272
1272
1272
1272
1274
1274
1274
1274
1274
1274
1274
1274
1274
1274
1274
1274
1274
1274
1275
1290
1290
1290
1290
1290
1290
1290
1291
1292
1292
1292
1292
1292
1292
1292
1292
1293
1308
1308
1308
1308
1308
1308
1308
1309
1310
1310
1310
1310
1310
1310
1310
1310
1311
1326
1326
1326
1326
1326
1326
1326
1327
1328
1328
1328
1328
1328
1328
1328
1328
1329
1346
1346
1346
1346
1346
1346
1346
1346
1346
1346
1347
1348
1348
1348
1348
1348
1348
1348
1348
1348
1348
1349
1369
1369
1369
1369
1369
1369
1369
1369
1369
1369
1370
1371
1371
1371
1371
1371
1371
1371
1371
1371
1371
1372
1389
1389
1389
1389
1389
1389
1389
1389
1389
1389
1390
1391
1391
1391
1391
1391
1391
1391
1391
1391
1391
1392
1408
1408
1408
1408
1408
1408
1408
1408
1408
1408
1409
1410
1410
1410
1410
1410
1410
1410
1410
1410
1410
1411
1427
1427
1427
1427
1427
1427
1427
1427
1427
1427
1428
1429
1429
1429
1429
1429
1429
1429
1429
1429
1429
1430
1432
1432
1432
1432
1432
1432
1432
1432
1432
1432
1432
1433
1433
1433
1433
1434
1434
1435
1435
1435
1435
1435
1435
1435
1436
1436
1436
1436
1436
1436
1437
1438
1438
1438
1438
1438
1438
1439
1440
1440
1440
1440
1440
1440
1440
1441
1442
1442
1442
1442
1442
1442
1442
1443
1444
1444
1444
1445
1446
1468
1468
1468
1468
1468
1468
1468
1468
1468
1468
1468
1469
1469
1469
1469
1469
1469
1469
1469
1470
1494
1494
1494
1494
1494
1494
1494
1494
1494
1494
1494
1494
1494
1494
1494
1495
1495
1495
1495
1495
1495
1495
1495
1495
1495
1495
1495
1496
1517
1517
1517
1517
1517
1517
1517
1517
1517
1517
1518
1519
1519
1519
1519
1519
1519
1519
1519
1520
1544
1544
1545
1545
1545
1545
1545
1545
1545
1545
1545
1545
1545
1545
1545
1545
1546
1547
1547
1547
1547
1547
1547
1547
1547
1547
1547
1547
1547
1547
1548
1568
1568
1568
1568
1568
1568
1568
1568
1568
1568
1569
1570
1570
1570
1570
1570
1570
1570
1570
1571
1593
1593
1593
1593
1593
1593
1593
1593
1593
1593
1593
1593
1593
1593
1594
1595
1595
1595
1595
1595
1595
1595
1596
1596
1596
1596
1596
1596
1596
1597
1599
1599
1599
1599
1599
1599
1599
1599
1599
1599
1599
1601
1601
1601
1601
1601
1603
1603
1603
1603
1603
1603
1603
1605
1605
1605
1605
1605
1606
1618
1618
1618
1618
1618
1618
1618
1618
1618
1619
1619
1619
1619
1620
1627
1627
1627
1627
1627
1627
1627
1627
1627
1628
1628
1628
1628
1628
1628
1629
1643
1643
1643
1643
1643
1643
1643
1643
1643
1644
1644
1644
1644
1644
1644
1645
1661
1661
1661
1661
1661
1661
1661
1661
1661
1661
1662
1663
1663
1663
1663
1663
1663
1663
1663
1663
1663
1664
1681
1681
1681
1681
1681
1681
1681
1681
1681
1681
1682
1683
1683
1683
1683
1683
1683
1683
1683
1683
1683
1684
1700
1700
1700
1700
1700
1700
1700
1700
1700
1700
1701
1702
1702
1702
1702
1702
1702
1702
1702
1702
1702
1703
1718
1718
1718
1718
1718
1718
1718
1719
1720
1720
1720
1720
1720
1720
1720
1720
1721
1737
1737
1737
1737
1737
1737
1737
1737
1737
1737
1738
1739
1739
1739
1739
1739
1739
1739
1739
1739
1739
1740
1760
1760
1760
1760
1760
1760
1760
1760
1760
1760
1761
1762
1762
1762
1762
1762
1762
1762
1762
1762
1762
1763
1781
1781
1781
1781
1781
1781
1781
1782
1783
1783
1783
1783
1783
1783
1783
1783
1784
1804
1804
1804
1804
1804
1804
1804
1804
1804
1804
1805
1806
1806
1806
1806
1806
1806
1806
1806
1806
1806
1807
1810
1810
1810
1810
1810
1810
1810
1810
1810
1810
1810
1810
1810
1811
1811
1811
1811
1811
1811
1811
1811
1811
1811
1811
1811
1811
1811
1811
1811
1811
1811
1811
1811
1812
1829
1829
1829
1829
1829
1829
1829
1829
1829
1829
1830
1831
1831
1831
1831
1831
1831
1831
1832
1832
1832
1832
1832
1832
1832
1832
1832
1832
1832
1832
1833
1848
1848
1848
1848
1848
1848
1848
1849
1850
1850
1850
1850
1850
1850
1850
1850
1851
1868
1868
1868
1868
1868
1868
1868
1868
1868
1868
1869
1870
1870
1870
1870
1870
1870
1870
1871
1871
1871
1871
1871
1871
1871
1871
1871
1871
1871
1871
1872
1891
1891
1891
1891
1891
1891
1891
1891
1891
1891
1891
1891
1891
1891
1892
1893
1893
1893
1893
1893
1893
1893
1893
1893
1895
1895
1895
1895
1895
1895
1895
1895
1895
1895
1895
1895
1896
1896
1896
1896
1896
1896
1896
1897
1897
1897
1897
1897
1897
1897
1898
1898
1898
1898
1898
1898
1898
1899
1899
1899
1900
1900
1900
1900
1900
1900
1900
1900
1900
1900
1900
1900
1901
1903
1903
1903
1903
1903
1903
1903
1903
1903
1903
1903
1903
1903
1903
1904
1920
1920
1920
1920
1920
1920
1920
1920
1920
1920
1921
1922
1922
1922
1922
1922
1922
1922
1922
1922
1922
1923
1924
1925
