7
7
7
7
7
7
7
7
7
7
7
9
9
9
9
9
9
9
9
9
9
9
9
9
9
10
10
10
10
10
10
10
10
10
10
10
10
10
10
11
11
11
11
11
11
11
11
11
11
11
11
11
11
13
13
13
13
13
13
13
14
14
14
14
14
14
14
15
15
15
15
15
15
15
16
16
16
16
16
16
16
17
17
17
17
17
17
17
19
19
19
19
19
19
19
19
19
19
19
33
33
33
33
34
35
35
35
35
35
35
35
35
35
35
35
35
35
35
36
36
36
36
36
36
36
36
36
36
36
36
36
36
36
36
36
38
38
38
38
38
38
38
38
39
39
39
39
41
41
41
41
41
41
41
42
43
43
43
43
43
43
43
43
43
43
45
45
45
45
45
45
45
45
45
45
45
46
46
46
46
46
46
46
46
46
46
46
48
48
48
48
48
48
48
48
48
50
50
50
50
50
50
51
52
52
52
52
52
52
52
53
54
56
56
56
56
56
56
56
57
58
58
58
58
58
58
58
58
58
58
58
58
58
60
60
60
60
60
60
60
60
60
60
60
60
60
60
60
60
60
60
60
60
60
61
62
63
64
64
64
64
64
64
64
64
64
64
64
64
64
65
66
66
66
66
66
67
69
70
72
72
72
73
75
75
75
75
75
76
77
77
77
77
77
79
79
79
79
79
79
79
79
80
81
81
81
81
81
81
81
81
81
81
81
81
81
81
81
81
82
83
83
83
83
83
83
83
83
83
83
84
85
87
87
87
87
88
90
90
90
90
90
90
90
90
90
90
91
92
92
92
92
92
92
92
92
92
92
92
94
94
94
94
94
94
95
96
96
96
96
96
96
96
96
96
96
96
96
96
96
96
96
96
96
96
96
96
96
96
96
96
97
98
99
100
100
100
100
100
100
100
101
101
101
101
101
101
101
101
101
101
101
101
101
101
101
101
101
101
101
101
101
101
101
102
103
105
105
105
105
105
105
105
105
105
105
106
107
107
107
107
107
107
107
107
107
109
109
109
109
109
109
109
109
109
109
109
111
111
111
111
111
111
112
113
113
113
113
113
113
113
114
114
114
114
114
114
114
114
114
114
114
114
114
114
115
116
117
118
118
118
118
118
118
118
118
118
118
118
118
118
120
120
120
120
120
120
120
120
120
120
121
122
122
122
122
122
122
122
124
124
124
124
124
124
124
125
126
126
126
126
126
126
126
126
126
126
126
126
127
129
129
129
129
129
129
129
129
129
129
129
129
129
130
131
132
133
134
