6
6
6
6
6
6
6
6
6
6
6
8
8
8
9
10
10
10
10
11
11
11
11
12
12
12
12
13
13
13
13
15
15
15
15
15
16
17
17
17
18
20
20
20
20
20
21
22
22
22
23
25
25
25
25
25
26
27
27
27
28
30
30
30
30
30
31
32
32
32
33
35
35
35
35
35
35
35
35
35
35
35
35
35
35
35
36
37
37
37
37
37
37
38
38
38
38
38
38
39
39
39
39
39
39
40
40
40
40
40
40
41
43
43
44
44
44
44
44
45
46
46
46
46
46
46
46
46
48
48
48
48
48
48
48
48
48
48
48
48
49
49
49
49
49
49
49
49
49
49
49
49
50
50
50
50
50
50
50
50
50
50
50
50
51
51
51
51
51
51
51
53
53
53
53
53
53
53
54
55
55
