16
16
16
16
16
16
16
16
16
18
18
18
18
18
18
18
25
25
25
25
26
27
27
27
27
27
27
27
27
28
28
28
28
28
28
28
28
30
30
30
30
31
33
44
44
44
44
44
44
44
44
44
44
44
44
44
44
44
44
44
44
44
44
44
44
44
45
46
46
46
46
46
46
46
46
47
47
47
47
47
47
47
47
47
48
48
48
48
48
48
48
48
50
50
50
50
50
51
51
51
51
51
51
51
51
52
52
52
52
52
52
52
52
52
52
52
52
53
53
53
53
53
53
53
53
53
53
53
53
53
53
53
54
54
54
54
54
54
54
55
55
55
55
55
55
55
55
55
55
55
55
55
55
55
57
57
57
57
57
57
57
57
57
57
57
57
57
57
57
58
58
58
58
58
58
58
59
59
59
59
59
59
59
59
59
60
60
60
60
60
60
60
60
60
61
61
61
61
61
61
61
61
61
61
61
61
61
61
61
61
61
61
61
61
61
61
62
63
63
64
64
64
64
64
64
64
65
67
67
67
67
67
67
67
68
68
68
68
68
68
68
69
70
72
72
72
72
72
72
72
73
73
73
73
73
73
73
73
73
73
73
73
74
74
74
74
74
74
74
75
77
77
77
77
77
77
78
78
78
78
78
78
78
79
80
80
