17
17
17
17
17
17
17
17
17
19
19
19
19
19
19
19
20
20
20
20
20
20
20
21
21
21
21
21
21
21
23
23
23
23
23
23
23
23
23
24
24
24
24
24
24
24
24
24
24
24
25
25
25
25
25
25
25
25
25
26
26
26
26
26
26
26
26
26
26
26
27
27
27
27
27
27
27
27
27
27
27
29
29
29
29
29
29
29
29
29
29
29
29
29
29
30
30
30
30
30
30
30
30
30
30
30
30
30
30
31
31
31
31
31
31
31
31
31
31
31
31
31
31
32
32
32
32
32
32
32
32
32
32
32
32
32
32
37
37
37
37
37
37
37
38
39
39
39
39
39
40
40
40
40
40
41
41
41
41
41
41
41
41
43
43
43
43
45
45
45
46
47
47
47
47
47
48
50
50
50
50
50
51
52
52
52
52
52
52
54
54
54
54
54
54
56
56
56
56
56
57
57
57
57
58
60
60
60
60
60
60
61
62
62
62
62
62
64
64
64
64
64
64
64
64
64
65
65
65
65
65
65
65
66
66
66
66
66
66
66
66
66
67
67
67
67
67
67
67
67
67
68
70
70
70
70
70
70
70
72
72
72
72
72
72
72
72
72
73
79
79
80
80
80
80
80
80
80
81
82
82
82
82
82
83
83
84
86
86
86
86
86
86
86
87
87
87
87
87
87
87
88
88
88
88
88
88
88
89
89
90
90
90
90
90
90
90
90
90
90
90
90
91
91
91
91
91
91
91
91
91
91
91
91
92
92
92
92
92
92
92
92
92
92
92
92
94
94
94
94
94
94
94
94
94
94
94
94
94
95
95
95
95
95
95
95
95
95
96
96
96
96
96
96
96
96
96
97
97
97
97
97
97
97
97
97
99
99
99
99
99
99
99
99
99
100
100
100
100
100
100
100
100
100
101
101
101
101
101
101
101
102
102
102
102
102
102
102
102
102
102
102
102
102
102
102
102
102
102
102
102
102
102
103
103
103
103
103
103
103
103
104
104
104
104
104
104
104
104
104
105
105
105
105
105
105
105
105
105
106
108
108
108
108
108
108
108
108
108
109
109
109
109
109
109
109
110
110
110
110
110
110
110
110
110
110
110
110
110
110
110
110
110
110
110
110
110
111
111
111
111
111
111
111
111
112
112
112
112
112
112
112
112
112
113
113
113
113
113
113
113
113
113
114
115
116
116
117
117
117
117
117
117
117
117
117
118
118
118
118
118
118
118
118
118
118
119
120
120
120
120
120
120
120
120
120
121
121
121
121
121
121
121
121
121
121
122
123
123
123
123
123
123
123
123
123
124
124
124
124
124
124
124
124
124
124
125
126
127
129
129
130
130
130
130
130
130
130
131
132
132
132
132
132
133
133
134
136
136
137
137
137
137
137
137
137
137
137
137
137
137
137
138
138
138
138
138
138
138
138
139
139
140
142
142
142
142
142
142
142
142
142
143
143
143
143
143
143
143
143
143
143
143
143
143
143
143
143
143
143
143
143
143
144
144
144
144
144
144
144
145
145
145
145
145
145
145
145
145
145
145
145
145
145
145
145
145
145
145
145
145
145
146
146
146
146
146
146
146
146
147
147
147
147
147
147
147
147
147
147
147
147
147
147
147
147
147
147
147
148
148
148
148
148
148
148
148
148
148
148
148
148
148
148
148
148
148
148
148
148
149
149
149
149
149
149
149
149
150
150
150
150
150
150
150
150
150
151
151
151
151
151
151
151
151
151
152
153
154
155
155
156
156
156
156
156
156
156
156
156
156
157
158
160
160
161
161
161
161
161
162
163
163
163
163
163
163
165
165
165
165
165
165
165
168
168
168
168
169
170
172
172
173
173
173
173
173
173
173
174
175
175
176
176
176
176
176
176
176
176
176
176
176
176
176
177
177
177
177
177
177
177
177
178
178
178
178
178
178
178
179
179
179
179
179
179
179
179
179
179
179
179
179
179
179
180
181
181
181
182
182
182
182
182
182
182
182
182
182
183
184
186
186
187
187
187
187
187
188
189
189
189
189
189
189
189
190
190
190
190
190
190
190
191
191
191
191
191
191
191
192
192
192
192
192
193
193
194
194
194
194
194
194
194
194
194
194
194
194
194
194
194
194
194
194
194
194
195
195
195
195
195
195
195
195
196
196
196
196
196
196
196
196
196
197
197
197
197
197
197
197
197
197
203
203
203
204
206
206
206
206
206
206
206
206
206
207
209
209
209
209
209
209
209
210
210
210
211
213
213
213
213
213
214
214
214
214
214
214
214
214
214
215
215
215
215
215
215
215
215
215
217
217
217
217
217
217
217
217
217
218
218
218
218
218
218
218
219
219
219
220
222
222
222
222
222
222
222
222
222
222
222
222
223
223
223
223
223
223
223
223
223
223
223
223
224
224
224
224
224
224
224
224
224
224
224
224
226
226
226
226
226
226
226
226
226
226
226
226
226
227
227
227
227
227
227
227
228
228
228
228
228
228
228
228
228
228
228
229
230
230
230
230
230
230
230
230
231
231
231
231
231
231
231
231
231
231
231
232
233
234
234
234
234
234
234
234
234
234
234
234
234
234
234
235
235
235
235
235
235
235
235
236
236
236
236
236
236
236
236
236
236
236
236
236
236
237
237
237
237
237
237
237
237
237
237
237
237
237
237
237
237
237
237
237
237
237
238
238
238
238
238
238
238
238
238
238
238
238
238
238
238
238
238
238
238
239
240
241
243
243
243
243
243
243
243
243
243
243
243
243
243
243
243
243
243
243
243
243
243
243
243
243
243
243
243
243
243
243
243
243
243
244
244
244
244
244
244
244
244
244
244
244
244
244
244
244
245
245
245
245
245
245
245
246
246
246
246
246
246
246
246
246
246
247
248
248
248
248
248
248
248
248
249
249
249
249
249
249
249
249
249
249
250
251
251
251
251
251
251
251
251
252
252
252
252
252
252
252
253
254
256
256
256
256
256
256
256
256
256
257
257
257
257
257
257
257
257
257
257
257
258
260
260
260
261
262
262
263
263
263
263
263
263
263
264
264
264
264
264
264
264
264
264
265
265
265
265
265
265
265
265
265
265
266
267
267
267
267
267
267
267
267
267
268
268
268
268
268
268
268
268
268
268
269
270
270
270
270
270
270
270
270
270
271
271
271
271
271
271
271
271
271
271
272
273
274
274
274
274
275
276
283
283
284
284
284
284
284
285
286
286
286
286
286
286
286
287
293
293
293
293
293
293
293
293
293
293
293
293
293
293
293
293
294
295
295
295
295
295
295
295
295
295
295
295
296
296
296
296
296
296
296
297
297
297
297
297
297
297
298
298
298
298
298
298
298
304
304
304
304
304
304
304
304
304
304
304
305
305
305
305
305
305
305
306
306
307
309
309
309
309
309
309
309
309
310
310
310
310
310
310
310
310
310
310
310
310
310
310
310
310
310
310
310
310
312
312
312
312
312
312
312
313
313
313
313
313
313
313
314
315
315
315
315
315
315
315
315
316
316
316
316
316
316
316
316
316
316
316
316
316
316
316
316
316
316
316
316
316
316
316
316
316
317
318
318
319
319
319
319
319
319
319
319
319
319
319
320
321
323
323
323
323
323
324
325
325
325
325
325
325
325
325
325
326
326
327
329
329
329
329
329
329
329
329
330
330
330
330
330
330
330
330
330
330
330
330
331
331
331
331
331
331
331
331
331
332
332
332
332
332
332
332
332
332
333
333
333
333
333
333
333
333
333
333
333
333
333
333
333
333
333
333
333
333
334
334
334
334
334
334
334
335
335
336
338
338
338
338
338
338
339
339
339
339
339
339
339
340
340
340
340
340
340
340
340
340
340
340
340
340
340
340
340
340
340
340
340
340
340
340
340
340
341
341
342
344
344
344
344
344
344
344
344
344
344
344
345
346
348
348
348
348
348
348
348
348
348
348
348
349
350
350
350
350
350
350
350
350
351
351
351
351
351
351
351
352
352
352
352
352
352
352
353
353
353
353
353
353
353
353
353
354
355
355
356
356
356
356
356
356
356
357
358
359
359
359
359
359
359
359
359
359
360
360
360
360
360
360
360
360
360
360
361
362
362
363
363
363
363
363
363
363
363
363
364
365
385
385
385
385
385
386
387
387
387
387
387
388
388
388
388
388
388
388
388
388
388
388
389
389
389
389
389
390
390
390
390
391
391
391
391
391
391
391
391
391
391
391
391
391
391
391
391
391
392
392
393
395
395
395
395
395
395
395
396
396
397
397
397
397
397
397
397
398
399
399
399
399
399
399
400
400
400
400
400
400
400
400
400
400
401
401
402
403
405
405
405
405
405
405
405
405
405
405
406
407
408
409
