18
18
18
18
18
18
18
18
18
18
18
18
18
19
19
19
19
19
19
19
21
21
21
21
21
21
21
21
21
21
21
21
21
22
22
22
22
22
22
22
22
22
22
22
22
22
30
30
30
30
30
31
33
33
33
33
34
34
34
36
36
36
36
37
37
37
59
59
59
59
59
59
60
61
61
62
62
63
63
64
64
65
65
66
66
67
67
76
76
81
81
83
83
83
94
94
94
94
95
96
96
96
96
96
97
111
111
111
111
111
111
111
112
113
113
113
113
113
114
114
114
114
114
115
123
123
124
124
124
124
124
124
125
125
125
125
126
126
126
126
127
127
128
128
128
129
141
141
142
142
142
142
142
142
142
142
142
143
143
143
143
143
143
143
143
143
144
144
144
144
144
144
144
145
145
145
145
146
146
146
146
146
148
148
148
148
148
148
148
149
150
150
150
150
150
150
150
150
150
151
151
151
151
151
151
152
152
152
152
152
152
153
153
153
153
153
153
154
154
154
154
154
154
154
154
154
155
155
155
155
155
155
155
155
155
155
155
155
155
155
155
155
156
156
156
156
156
156
156
156
157
157
157
157
157
157
157
157
157
159
160
161
161
161
161
161
161
161
161
161
161
161
161
162
163
163
163
163
163
163
164
166
172
172
172
172
172
172
172
172
172
173
174
174
174
175
175
175
175
175
175
176
176
177
177
177
178
178
178
178
178
178
179
179
180
180
180
181
181
181
181
181
181
182
182
183
183
183
184
184
184
185
185
185
185
186
186
186
186
186
186
187
187
188
188
188
189
189
189
190
190
190
190
190
190
191
191
192
192
193
193
193
193
193
193
194
196
196
196
196
196
196
196
198
198
198
198
198
199
199
199
199
199
199
199
199
199
199
199
199
199
199
199
199
199
199
200
202
202
202
202
202
202
202
202
202
202
203
203
203
203
203
203
203
203
203
203
203
203
203
203
204
204
204
204
204
204
204
204
204
204
205
205
205
205
205
205
205
205
205
205
205
205
205
205
205
205
207
207
207
207
207
207
207
207
207
207
207
208
208
208
208
208
208
208
208
208
208
208
208
208
208
208
208
208
209
209
209
209
209
209
209
209
209
209
209
209
209
209
209
210
212
212
212
212
212
213
214
215
216
216
216
216
216
216
216
216
216
216
216
216
217
218
218
218
218
218
218
219
221
222
224
224
224
224
224
224
224
225
225
225
225
225
225
225
227
228
229
229
229
229
229
229
229
229
229
229
229
229
230
231
231
231
231
231
231
232
234
236
236
236
236
236
236
237
238
238
238
238
238
238
238
239
240
241
244
244
244
244
245
245
245
245
245
245
245
245
246
248
248
248
248
248
248
248
248
248
248
248
250
250
250
250
250
250
250
251
252
252
252
252
252
252
252
253
254
255
256
256
256
256
256
256
256
256
256
256
256
256
256
256
257
257
257
257
257
257
257
257
257
257
257
257
257
257
258
260
261
262
263
263
263
263
263
263
263
264
265
266
266
266
267
268
268
268
269
271
272
