18
18
18
18
18
18
18
18
18
18
18
20
20
20
20
20
20
20
21
21
21
21
21
21
21
22
22
22
22
22
22
22
23
23
23
23
23
23
23
24
24
24
24
24
24
24
25
25
25
25
25
25
25
26
26
26
26
26
26
26
26
26
27
27
27
27
27
27
27
27
27
28
28
28
28
28
28
28
29
29
29
29
29
29
29
31
31
31
31
31
31
31
31
31
31
31
32
32
32
32
32
32
32
32
32
32
32
33
33
33
33
33
33
33
33
33
33
33
34
34
34
34
34
34
34
34
34
34
34
34
34
35
35
35
35
35
35
35
35
35
35
35
35
35
58
58
58
58
58
59
61
61
61
61
61
61
61
61
66
66
66
66
66
66
66
66
66
68
68
68
68
68
68
68
68
70
70
70
70
70
70
70
70
72
72
72
72
72
72
72
72
74
74
74
74
74
74
74
76
76
76
76
76
76
76
77
77
77
77
77
77
77
82
82
82
82
82
82
82
82
82
84
84
84
84
85
85
85
87
87
87
88
88
88
89
89
89
90
90
90
90
90
90
96
96
96
96
102
102
102
102
103
104
104
104
104
104
105
105
105
105
106
106
106
106
107
107
107
107
108
108
108
108
108
108
108
108
108
109
109
109
109
109
109
109
109
110
116
116
117
117
117
117
117
117
117
118
119
119
119
119
119
119
120
120
121
121
121
121
121
121
121
121
122
122
122
122
123
123
124
124
124
124
124
124
124
124
125
125
125
125
126
126
126
126
127
127
127
127
127
128
139
139
140
140
140
140
140
140
140
141
142
142
142
142
142
142
143
143
143
143
144
144
144
144
145
145
145
145
146
146
146
146
146
146
147
147
147
147
147
148
155
155
155
155
155
155
155
156
157
157
157
159
159
159
159
159
159
159
159
160
160
160
160
160
160
161
162
162
162
162
162
162
162
163
163
163
163
163
163
163
163
163
163
164
164
165
166
166
166
166
166
166
166
166
167
168
174
174
175
175
175
175
175
175
176
176
176
177
180
180
180
180
180
180
180
181
182
182
182
182
184
184
184
184
184
184
185
185
185
185
185
185
185
185
187
187
187
187
187
187
187
188
188
188
188
188
188
188
189
191
191
191
191
191
191
191
191
191
191
192
192
192
192
192
192
193
193
193
193
193
193
193
193
193
193
193
193
194
194
194
194
194
194
195
195
195
195
195
195
195
195
195
195
195
195
196
196
196
196
196
196
197
197
197
198
198
199
199
200
200
200
200
200
201
203
203
203
203
203
203
203
204
204
204
204
206
206
206
206
206
206
206
206
206
207
222
222
222
222
222
223
224
224
224
224
224
224
224
224
224
224
226
226
226
226
226
226
226
226
227
228
228
228
228
228
228
228
229
229
229
229
229
229
229
229
229
230
232
232
232
232
232
232
232
233
248
248
248
248
248
248
248
249
250
250
250
250
250
250
250
250
250
250
251
258
258
258
258
258
259
260
260
260
261
270
270
270
270
270
270
270
270
270
270
270
270
270
270
270
270
270
271
271
271
271
271
272
283
283
283
283
283
283
283
283
283
283
284
285
285
285
285
285
285
285
285
285
285
285
285
285
286
298
298
298
298
298
298
298
298
298
298
298
298
298
298
299
300
300
300
300
300
300
300
300
300
300
300
300
300
301
311
311
311
311
311
311
311
311
311
311
312
313
313
313
313
313
313
313
313
314
324
324
324
324
324
324
324
324
324
324
324
324
324
324
325
326
326
326
326
326
326
326
327
327
327
327
327
327
327
328
329
329
329
329
329
329
329
329
329
330
330
330
330
330
330
330
332
332
332
332
332
332
333
334
334
334
334
334
334
334
335
335
335
335
335
335
335
336
337
337
337
337
337
337
337
337
337
339
339
339
339
339
339
339
339
339
339
340
340
340
340
340
340
340
341
341
341
341
341
341
343
343
343
343
343
343
343
345
345
345
345
346
346
346
347
353
353
353
353
353
353
353
353
354
355
355
355
355
356
357
359
