1
1
1
1
1
1
1
1
1
1
1
1
1
3
3
3
3
3
3
3
5
5
5
5
5
5
5
5
5
5
5
6
6
6
6
6
6
6
6
6
6
6
6
6
7
7
7
7
7
7
7
7
7
7
7
7
7
8
8
8
8
8
8
8
8
8
8
8
8
8
8
8
9
9
9
9
9
9
9
9
9
9
9
9
9
9
9
10
10
10
10
10
10
10
10
10
10
10
10
10
10
10
11
11
11
11
11
11
11
11
11
11
11
11
11
11
11
18
18
18
19
19
20
20
20
20
20
20
21
22
22
22
22
22
22
22
22
24
24
24
24
24
24
36
36
37
37
37
37
37
37
37
37
37
37
38
38
38
38
38
38
38
38
38
39
40
40
40
40
40
40
40
40
40
40
41
41
41
41
41
41
41
41
41
41
41
41
41
41
41
41
41
41
41
41
41
41
41
42
42
42
42
42
42
42
42
42
42
43
43
43
43
43
43
43
43
43
43
44
44
44
44
44
44
44
44
44
44
44
44
44
44
45
45
45
45
45
45
45
45
45
45
45
45
45
45
46
46
46
46
46
46
46
46
46
46
46
46
46
46
47
47
47
47
47
47
47
47
47
47
47
47
47
47
48
48
48
48
48
48
48
48
49
49
49
49
49
49
49
49
49
49
49
49
49
54
54
54
54
54
54
54
54
54
54
54
54
54
54
54
55
55
56
57
57
57
57
57
57
57
57
57
57
57
57
57
57
57
57
58
58
58
58
58
58
58
58
58
61
61
61
61
61
61
61
61
61
61
61
61
61
62
62
63
65
65
65
65
65
65
65
65
65
66
66
66
66
66
66
66
66
66
66
66
66
66
66
66
67
67
67
67
68
69
69
69
69
69
69
69
69
69
69
69
69
69
69
69
69
69
70
71
71
71
72
74
74
75
75
75
75
75
75
75
75
75
75
76
76
76
76
76
76
76
76
76
77
82
82
82
82
82
82
82
82
82
82
83
83
83
84
85
85
85
85
85
85
85
85
85
85
86
87
88
