6
6
6
6
6
6
6
6
6
8
8
8
8
8
8
8
8
8
8
8
8
8
8
9
9
9
9
9
9
9
9
9
9
9
9
9
9
10
10
10
10
10
10
10
10
10
10
10
10
10
10
11
11
11
11
11
11
11
11
11
11
11
11
11
11
12
12
12
12
12
12
12
12
12
12
12
12
12
12
13
13
13
13
13
13
13
13
13
13
13
13
13
13
14
14
14
14
14
14
14
14
14
14
14
14
14
14
15
15
15
15
15
15
15
15
15
15
15
15
15
15
16
16
16
16
16
16
16
16
16
16
16
16
16
16
17
17
17
17
17
17
17
17
17
17
17
17
17
17
18
18
18
18
18
18
18
18
18
18
18
18
18
18
19
19
19
19
19
19
19
19
19
19
19
19
19
19
20
20
20
20
20
20
20
20
20
20
20
20
20
20
21
21
21
21
21
21
21
21
21
21
21
21
21
21
22
22
22
22
22
22
22
22
22
22
22
22
22
22
23
23
23
23
23
23
23
23
23
23
23
23
23
23
24
24
24
24
24
24
24
24
24
24
24
24
24
24
25
25
25
25
25
25
25
25
25
25
25
25
25
25
26
26
26
26
26
26
26
26
26
26
26
26
26
26
27
27
27
27
27
27
27
27
27
27
27
27
27
27
29
29
29
29
29
29
29
30
30
30
30
30
30
30
31
31
31
31
31
31
31
33
33
33
33
33
33
33
33
33
33
33
34
34
34
34
34
34
34
34
34
34
34
35
35
35
35
35
35
35
35
35
35
35
36
36
36
36
36
36
36
36
36
36
36
37
37
37
37
37
37
37
37
37
37
37
38
38
38
38
38
38
38
38
38
38
38
39
39
39
39
39
39
39
39
39
39
39
40
40
40
40
40
40
40
40
40
40
40
41
41
41
41
41
41
41
42
42
42
42
42
42
42
44
44
44
44
45
46
46
46
46
46
46
46
46
46
46
46
46
46
46
46
48
48
48
48
48
48
48
50
50
50
50
51
52
54
54
54
54
54
54
54
54
54
54
54
55
55
56
57
57
57
57
57
57
58
59
59
59
59
59
59
59
59
59
61
61
61
61
61
61
62
63
63
63
63
63
63
63
63
63
64
66
66
66
66
66
66
66
66
66
68
68
68
68
68
68
68
68
68
69
69
69
69
69
69
69
69
69
69
69
69
69
69
69
70
71
72
73
74
74
74
74
74
74
74
74
74
76
76
76
76
76
76
76
76
78
78
78
78
78
78
79
80
80
80
80
80
80
80
80
80
80
80
80
80
82
82
82
82
83
84
84
84
84
84
84
84
84
84
84
84
84
84
85
87
87
87
87
87
87
87
88
89
89
89
89
89
89
89
89
89
90
91
92
93
94
95
96
96
96
96
96
96
96
97
98
100
100
100
100
100
100
100
100
100
100
100
101
101
102
103
103
103
103
103
103
104
105
105
105
105
105
105
105
105
105
107
107
107
107
107
107
108
109
109
109
109
109
109
109
109
109
110
111
111
111
111
111
111
111
111
111
111
111
111
111
112
113
114
115
116
116
116
116
116
116
116
116
116
118
118
118
118
118
118
118
118
120
120
120
120
120
120
121
122
122
122
122
122
122
122
122
122
122
122
123
124
124
124
124
124
124
124
124
124
125
126
127
128
129
130
131
131
131
131
131
131
131
132
133
135
135
135
135
135
135
135
135
135
135
135
136
136
137
138
138
138
138
138
138
139
140
140
140
140
140
140
140
140
140
142
142
142
142
142
142
143
144
144
144
144
144
144
144
144
144
145
146
146
146
146
146
146
146
146
146
146
146
146
146
147
148
149
150
151
151
151
151
151
151
151
151
151
153
153
153
153
153
153
153
153
153
153
153
153
154
155
155
155
155
155
155
155
155
155
156
157
158
159
160
161
161
161
161
161
161
161
162
163
167
167
167
167
167
167
167
167
168
169
169
169
169
169
171
171
171
171
171
171
172
173
173
173
173
173
173
173
173
173
175
175
175
175
175
175
175
175
175
176
177
177
177
177
177
177
177
177
177
177
177
177
177
177
177
177
177
177
178
179
179
179
179
180
181
182
184
184
184
185
187
187
187
187
187
187
187
187
187
187
187
187
187
187
188
189
189
189
189
189
191
191
191
191
191
191
191
191
191
191
191
191
193
193
193
193
193
193
193
193
193
193
193
193
193
195
195
195
195
195
195
195
195
195
197
197
197
198
200
200
200
200
200
200
200
200
200
200
200
200
200
200
201
202
202
202
202
202
204
204
204
204
204
204
204
204
204
204
206
206
206
206
206
208
208
208
208
209
210
210
210
210
210
210
210
211
211
211
211
212
212
212
212
212
212
212
212
212
212
212
212
212
212
212
212
212
212
212
212
212
212
213
213
213
213
213
213
214
214
214
214
214
214
214
214
214
214
214
214
214
214
214
214
214
214
214
214
214
214
214
215
217
217
217
217
217
217
218
219
219
219
219
219
219
219
219
219
219
219
219
219
219
221
221
221
221
221
221
221
221
221
221
223
223
223
223
223
223
223
223
223
223
225
225
225
225
225
225
226
227
227
227
227
228
229
229
229
229
229
229
229
229
229
229
229
229
229
229
229
229
229
229
229
229
229
229
229
229
230
232
232
232
232
232
232
232
232
232
232
232
232
232
232
233
233
233
233
233
233
233
233
233
233
233
233
233
233
233
235
235
235
235
235
235
236
237
237
237
237
237
237
237
237
237
237
237
238
240
240
240
240
240
240
240
240
240
240
240
240
241
241
241
241
241
241
241
241
241
241
241
241
241
241
241
243
243
243
243
244
245
245
245
245
245
245
245
245
245
245
245
245
245
245
245
245
245
245
245
245
245
245
245
245
245
246
246
246
246
246
246
246
246
246
246
246
246
246
246
246
246
246
246
246
246
246
246
246
247
247
247
247
247
247
248
248
248
248
248
248
248
248
248
248
248
248
248
248
248
248
248
248
248
248
248
248
248
248
248
249
249
249
249
249
249
249
249
249
249
249
249
249
249
249
249
249
249
249
249
249
250
250
250
250
250
250
250
250
250
250
250
250
250
250
251
253
253
253
255
255
255
255
255
255
255
255
255
256
257
257
257
257
258
259
259
259
259
260
260
260
260
260
260
260
260
260
260
260
260
260
260
260
261
261
261
261
261
261
262
264
264
264
264
264
264
264
264
264
264
266
266
266
266
266
266
266
266
266
266
266
266
266
267
268
269
270
270
270
270
270
270
270
270
270
270
270
270
270
271
273
273
273
273
273
273
273
273
273
273
273
273
273
273
273
273
273
273
274
274
274
274
274
274
274
274
274
274
274
274
274
274
276
276
276
276
276
278
278
278
278
278
278
278
278
278
278
278
278
278
278
278
278
279
280
280
280
280
280
280
280
280
280
280
280
280
280
280
280
280
280
280
280
280
281
282
282
282
282
282
282
282
282
282
282
282
282
283
283
283
283
283
283
283
283
283
283
285
285
285
285
286
287
287
287
287
287
287
287
287
287
287
287
287
287
287
287
287
287
287
287
287
287
288
290
290
290
290
290
290
290
290
290
290
291
292
292
292
292
293
293
294
295
296
297
298
299
299
299
299
300
302
302
302
302
302
302
302
302
302
302
304
304
304
304
305
306
306
306
306
306
306
306
306
306
306
306
306
306
306
307
307
307
307
307
307
307
307
307
307
307
309
309
309
309
309
309
309
309
309
309
309
309
309
309
309
309
309
309
309
309
309
311
311
311
311
311
312
313
313
313
313
313
313
313
313
313
313
313
314
315
316
317
319
319
319
320
322
322
322
322
322
322
322
322
323
324
324
324
324
324
326
326
326
326
326
326
327
332
332
332
332
332
332
332
332
332
332
332
332
332
332
332
332
332
334
334
334
334
334
334
334
334
334
334
335
336
336
336
336
336
336
336
336
336
337
338
339
340
340
340
340
340
340
340
340
340
340
340
340
340
340
340
340
340
342
342
342
342
342
342
342
342
342
342
343
344
344
344
344
344
344
344
344
344
345
346
347
348
348
348
348
348
348
348
348
349
350
350
350
350
351
352
352
352
352
352
352
352
352
352
352
352
352
353
353
353
353
353
353
353
355
355
355
355
355
355
355
355
355
356
361
361
361
361
362
363
364
365
367
367
367
368
370
370
370
370
370
370
370
370
371
372
372
372
372
372
372
372
372
372
372
372
372
372
374
374
374
374
374
376
376
376
376
376
376
376
377
378
378
378
378
378
378
378
378
378
378
378
378
378
378
380
380
380
380
380
380
380
380
380
381
382
382
382
382
383
383
384
385
387
387
387
388
390
390
390
390
390
390
390
390
391
392
392
392
392
392
394
394
394
394
394
394
395
396
396
396
396
396
396
396
396
396
396
396
396
396
396
396
396
396
398
398
398
398
398
398
398
398
398
400
400
400
400
400
400
401
402
402
402
402
402
402
402
402
402
403
404
404
404
404
404
404
404
405
406
406
406
406
406
406
406
406
406
407
408
410
410
410
411
413
413
413
413
413
413
413
413
413
413
413
414
415
415
415
416
416
416
416
416
416
416
416
416
416
416
416
416
416
416
416
416
416
416
416
416
416
416
416
417
419
419
419
419
419
419
420
421
421
421
422
423
424
