6
6
6
6
6
6
6
6
6
8
8
8
8
8
8
8
8
8
8
8
8
8
8
10
10
10
10
10
10
10
10
10
11
11
11
11
11
11
11
11
11
12
12
12
12
12
12
12
13
13
13
13
13
13
13
15
15
15
15
15
16
17
17
17
17
19
19
19
19
19
19
19
19
19
20
21
21
21
21
21
21
21
21
21
23
23
23
23
23
23
23
23
23
23
24
24
24
24
24
24
26
26
26
26
26
26
26
26
27
27
27
27
27
27
27
27
27
27
27
27
27
31
31
31
31
31
31
31
31
31
31
31
31
31
31
33
33
33
33
33
33
33
33
35
35
35
35
35
37
37
37
37
38
39
39
39
39
39
39
39
39
39
39
39
40
41
43
43
43
43
43
43
43
43
43
43
43
43
43
44
45
45
45
45
45
45
46
48
48
48
48
48
48
48
48
48
48
49
50
50
50
50
50
50
51
53
53
54
54
54
54
54
55
56
56
56
56
56
58
58
58
58
58
58
58
58
58
58
60
60
60
60
60
60
60
60
60
60
60
60
61
62
62
62
62
62
62
62
62
62
62
62
62
62
63
65
65
65
66
67
67
