6
6
6
6
6
6
6
6
6
6
6
8
8
8
8
8
8
8
8
8
8
8
8
8
8
9
9
9
9
9
9
9
9
9
9
9
9
9
9
10
10
10
10
10
10
10
10
10
10
10
10
10
10
12
12
12
12
12
12
12
13
13
13
13
13
13
13
14
14
14
14
14
14
14
15
15
15
15
15
15
15
15
15
16
16
16
16
16
16
16
16
16
17
17
17
17
17
17
17
17
17
18
18
18
18
18
18
18
18
18
19
19
19
19
19
19
19
20
20
20
20
20
20
20
21
21
21
21
21
21
21
23
23
23
23
23
23
23
23
23
23
23
24
24
24
24
24
24
24
24
24
24
24
26
26
26
26
26
26
26
27
28
28
28
28
30
30
30
30
30
30
30
30
30
30
30
32
32
32
32
32
32
32
32
33
34
34
34
34
36
36
36
36
36
36
36
36
36
36
36
36
36
36
36
38
38
38
38
38
38
38
38
38
38
38
38
38
39
40
40
40
40
40
40
40
40
40
40
40
40
40
42
42
42
42
42
42
42
42
42
42
42
42
42
43
44
44
44
44
44
44
44
44
44
45
46
48
48
48
48
48
48
48
48
49
51
51
51
51
51
51
51
51
51
51
51
51
51
51
51
51
51
51
51
51
51
52
52
52
52
52
52
52
52
52
52
52
53
54
54
54
54
54
54
54
54
54
54
54
54
54
56
56
56
56
56
56
56
56
56
56
56
58
58
58
58
58
58
58
58
58
58
59
60
60
60
60
60
60
60
61
63
63
63
63
63
63
63
63
63
63
64
65
65
65
65
65
65
65
67
67
67
67
67
67
67
67
67
67
68
70
70
70
70
70
70
70
72
72
72
72
72
72
72
72
72
72
73
75
75
75
75
75
75
75
75
75
76
77
77
77
77
77
79
80
81
81
81
81
81
81
81
81
81
81
81
81
81
81
81
81
81
81
81
81
81
81
81
81
81
81
83
83
83
83
83
83
83
83
83
84
85
85
85
85
85
85
85
85
85
85
87
87
87
87
87
87
87
88
89
89
89
89
89
89
89
89
89
89
89
89
89
89
89
89
89
89
89
90
90
90
90
90
90
90
90
90
90
90
91
92
93
94
94
94
94
94
95
96
98
98
98
98
98
98
98
98
98
99
99
99
99
99
99
99
99
99
99
99
99
99
99
99
99
99
99
99
99
99
99
99
99
99
99
100
102
102
102
102
102
102
102
102
102
103
104
104
104
104
104
104
105
106
106
