6
6
6
6
6
6
6
6
6
8
8
8
8
8
8
8
9
9
9
9
9
9
9
11
11
11
12
13
13
13
13
13
13
13
13
13
13
13
13
13
13
13
13
13
15
15
15
15
15
15
15
17
17
17
17
17
17
17
17
18
19
19
19
19
19
19
19
19
19
21
21
21
21
21
21
21
21
21
23
23
23
23
23
23
23
25
25
25
25
25
25
26
27
27
27
27
27
27
27
27
27
27
27
27
27
27
27
27
27
28
29
30
31
31
31
31
31
31
31
31
31
31
31
31
31
32
34
34
34
34
35
37
37
37
37
37
37
37
37
38
39
39
39
39
39
39
39
39
39
40
41
41
41
41
41
41
41
41
41
41
43
43
43
43
43
43
43
43
43
45
45
45
45
45
45
45
45
45
45
45
45
45
45
45
45
45
45
45
46
47
48
49
49
49
49
49
49
49
49
49
49
49
50
51
52
52
