18
18
18
18
18
18
18
18
18
20
20
20
20
20
20
20
21
21
21
21
21
21
21
22
22
22
22
22
22
22
23
23
23
23
23
23
23
24
24
24
24
24
24
24
25
25
25
25
25
25
25
26
26
26
26
26
26
26
27
27
27
27
27
27
27
39
39
39
39
39
39
41
41
41
41
41
41
41
41
44
44
44
44
44
44
44
44
44
44
44
44
44
44
44
44
44
47
47
47
47
47
47
47
47
47
47
47
47
47
47
47
47
47
52
52
52
52
52
52
52
52
52
52
52
52
52
52
52
55
55
55
55
55
55
55
55
55
55
55
55
55
55
55
55
55
63
63
63
63
63
63
63
63
63
64
64
64
64
64
64
64
64
64
64
67
67
67
67
67
67
67
67
67
68
68
68
68
68
68
68
68
68
68
68
68
68
69
72
72
72
72
72
72
72
72
72
73
73
73
73
73
73
73
73
73
73
74
74
74
74
74
74
74
74
74
74
74
74
75
76
76
76
76
76
76
76
77
79
79
79
79
79
79
79
79
79
81
81
81
82
96
96
96
96
96
96
96
96
96
96
96
96
96
96
96
96
96
97
97
97
97
97
97
97
97
97
97
97
98
98
98
99
113
113
113
113
113
113
113
113
113
113
113
113
113
114
114
114
114
114
114
114
114
114
114
114
115
115
115
116
131
131
131
131
131
131
131
131
131
131
131
131
131
131
131
131
131
131
131
131
131
132
132
132
132
132
132
132
132
132
132
132
132
132
132
132
133
133
133
134
142
142
142
142
142
142
142
142
142
143
143
143
143
143
143
143
143
143
144
144
144
144
144
144
144
145
147
147
147
147
147
147
147
147
147
147
147
147
147
151
151
151
151
151
151
151
152
152
152
152
152
154
154
154
154
154
154
154
154
154
154
154
154
154
155
157
157
157
158
182
182
182
182
182
182
182
182
182
182
182
182
182
182
182
182
182
182
182
182
182
183
183
183
183
183
183
183
183
183
183
183
183
183
183
183
183
184
184
184
184
184
184
184
185
185
185
185
185
186
186
186
187
196
196
196
196
196
196
196
196
196
196
196
197
197
197
197
197
197
197
197
197
199
199
199
199
199
199
199
199
199
199
199
199
199
199
202
202
202
202
202
202
202
202
202
202
203
203
203
203
203
203
203
203
204
206
206
206
206
206
206
206
206
206
206
206
206
206
207
207
207
207
207
207
207
207
207
207
208
208
208
208
208
208
208
209
210
212
212
212
213
225
225
225
225
225
225
225
225
226
226
226
226
226
226
226
226
226
228
228
228
228
228
228
228
228
228
228
228
229
229
229
229
229
229
229
229
229
229
229
229
229
229
230
238
238
238
238
238
238
238
238
238
239
239
239
239
239
239
239
239
239
239
239
239
240
247
247
247
247
247
247
247
247
248
248
248
248
248
248
248
248
248
248
248
248
248
249
256
256
256
256
256
256
256
256
256
257
257
257
257
257
257
257
257
257
257
258
265
265
265
265
265
265
266
266
266
266
266
266
266
266
267
276
276
276
276
276
276
276
276
277
277
277
277
277
277
277
277
277
279
279
279
279
279
279
279
279
280
288
288
288
288
288
288
288
288
289
289
289
289
289
289
289
289
289
291
291
291
291
291
291
291
291
291
291
291
291
291
291
291
292
301
301
301
301
301
301
301
301
302
302
302
302
302
302
302
302
302
304
304
304
304
304
304
304
304
305
312
312
312
312
312
312
312
312
313
313
313
313
313
313
313
313
313
313
313
313
313
314
321
321
322
322
322
322
322
322
323
323
323
323
323
323
323
323
323
325
325
325
325
325
325
325
326
326
326
326
326
326
326
326
326
326
326
327
327
327
327
327
327
327
328
328
328
328
328
328
328
329
329
329
329
329
329
329
331
331
331
331
331
331
331
332
333
334
