18
18
18
18
18
18
18
18
18
18
18
18
18
20
20
20
20
20
20
20
21
21
21
21
21
21
21
22
22
22
22
22
22
22
23
23
23
23
23
23
23
24
24
24
24
24
24
24
25
25
25
25
25
25
25
27
27
27
27
27
27
27
27
27
27
27
27
27
28
28
28
28
28
28
28
28
28
28
28
28
28
37
37
37
37
37
39
39
39
39
39
39
39
39
39
39
39
39
40
40
40
40
40
41
41
41
42
42
42
42
42
42
42
42
42
45
45
45
45
45
45
45
46
46
46
46
46
46
46
47
47
47
47
47
47
47
47
47
47
47
47
47
47
47
47
47
47
47
47
47
52
52
52
52
52
52
52
52
53
53
53
53
53
53
53
53
53
53
53
53
53
53
53
54
54
55
56
56
56
56
56
56
56
56
56
57
58
59
59
59
59
59
59
60
62
62
62
62
62
62
62
62
62
62
62
62
63
63
63
63
63
64
64
64
64
64
65
65
65
65
66
66
66
66
68
68
68
68
68
68
68
68
68
69
69
69
69
69
69
69
71
71
71
71
71
71
74
74
74
74
74
74
74
76
76
76
76
76
76
76
76
77
77
77
77
77
77
77
79
79
80
80
80
80
80
80
80
80
81
86
86
86
86
86
86
86
88
88
88
88
88
88
88
88
88
89
89
90
90
90
90
90
90
90
90
92
92
92
92
92
92
92
92
92
93
93
94
95
95
95
95
95
95
95
95
95
96
96
96
96
96
96
96
96
97
99
99
99
99
99
99
100
102
102
102
102
102
102
102
102
102
102
102
102
104
104
104
104
104
104
104
104
104
105
105
106
106
106
106
106
106
106
106
107
107
107
107
107
107
107
107
108
108
108
108
108
108
109
109
109
109
109
109
109
110
111
111
111
111
111
111
111
111
111
111
111
111
111
111
111
111
111
111
111
111
111
112
112
113
113
113
113
113
113
113
113
114
114
114
114
114
114
114
114
115
115
115
115
115
115
116
116
116
116
116
116
116
117
118
118
118
119
119
119
119
119
119
119
119
119
120
120
120
120
120
120
120
121
123
125
126
