18
18
18
18
18
18
18
18
18
18
18
18
18
20
20
20
20
20
20
20
20
20
22
22
22
22
22
22
22
22
22
22
22
22
22
23
23
23
23
23
23
23
23
23
23
23
23
23
24
24
24
24
24
24
24
24
24
24
24
24
24
33
33
33
33
33
33
36
36
36
36
36
36
36
36
38
38
38
38
38
38
38
38
38
38
38
38
38
38
40
40
40
40
40
40
40
40
40
40
40
40
40
59
59
60
60
60
60
60
60
60
60
60
60
60
61
61
61
61
61
61
61
61
61
61
62
62
62
62
62
62
62
62
63
94
94
95
95
95
95
95
95
95
95
95
96
96
96
96
96
96
96
97
97
97
97
97
97
97
98
99
99
99
99
99
99
99
99
100
103
103
103
103
103
103
103
103
103
103
103
103
103
104
104
104
104
104
107
107
107
107
107
107
107
107
107
107
107
107
107
107
108
108
109
109
109
109
109
109
109
109
109
109
109
109
109
109
110
110
111
111
111
111
111
111
111
111
111
111
111
112
112
112
112
112
112
112
112
113
113
113
113
114
114
114
114
114
114
114
114
114
114
114
114
114
115
115
115
115
115
115
115
115
115
115
116
116
116
116
116
116
116
116
116
117
118
118
118
118
118
118
118
118
120
121
123
123
123
123
123
123
123
124
124
124
124
124
124
124
124
124
124
124
124
124
124
124
124
124
125
125
125
125
125
125
125
125
125
125
125
125
126
126
126
126
126
126
126
126
126
126
127
129
129
129
129
129
129
129
129
129
129
129
129
129
130
130
130
130
130
130
130
130
130
130
131
131
131
131
131
131
131
131
131
131
131
131
131
131
132
132
132
132
132
132
132
132
133
133
133
133
133
133
133
133
133
133
133
133
133
133
134
134
134
134
134
134
134
135
135
135
135
135
135
135
135
135
135
135
135
135
135
136
136
136
136
136
136
136
136
137
137
137
137
137
137
137
137
137
137
137
137
137
137
137
137
137
137
137
137
137
137
137
138
138
138
138
138
138
138
139
139
139
139
139
139
139
139
139
139
139
139
139
139
140
140
140
140
140
140
140
141
141
141
141
141
141
141
141
141
141
141
141
141
141
142
142
142
142
142
142
142
142
143
143
143
143
143
143
143
143
143
143
143
143
143
143
144
144
144
144
144
144
144
144
145
145
145
145
145
145
145
145
145
145
145
145
145
145
148
148
148
148
148
148
148
148
149
149
149
150
150
150
150
150
150
150
150
150
151
152
154
154
154
154
154
154
154
155
155
155
155
155
155
155
155
155
155
155
155
156
157
157
157
158
160
160
160
160
160
160
161
161
161
161
161
161
162
164
164
164
164
164
164
165
165
165
165
165
165
166
168
168
168
168
168
168
169
169
169
169
169
169
170
179
179
179
179
179
179
179
179
179
180
180
180
180
180
180
180
180
180
180
180
180
180
180
180
180
180
180
180
180
181
181
181
181
181
181
181
182
184
184
184
184
184
184
184
184
184
184
184
184
184
184
184
184
185
185
185
185
185
185
185
185
185
185
185
185
185
185
185
186
186
186
186
186
186
186
186
186
186
186
186
186
186
186
186
186
186
186
186
186
186
186
186
186
187
189
189
189
189
189
189
190
190
190
190
190
190
191
193
193
193
193
193
193
194
194
194
194
194
194
195
204
204
204
204
204
204
204
204
204
205
205
205
205
205
205
205
205
205
205
205
205
205
205
205
205
205
205
205
205
206
206
206
206
206
206
206
207
209
209
209
209
209
209
209
209
209
209
209
209
209
209
209
209
210
210
210
210
210
210
210
210
210
210
210
210
210
210
210
211
211
211
211
211
211
211
211
211
211
211
211
211
211
211
211
211
211
211
211
211
211
211
211
211
212
214
214
214
214
214
214
215
215
215
215
215
215
216
218
218
218
218
218
218
219
219
219
219
219
219
220
222
223
