18
18
18
18
18
18
18
18
18
18
18
20
20
20
20
20
20
20
21
21
21
21
21
21
21
22
22
22
22
22
22
22
24
24
24
24
24
24
24
24
24
24
24
24
24
36
36
36
36
36
36
36
37
37
37
37
37
37
37
37
38
38
38
38
38
38
38
38
39
39
39
39
39
39
39
39
41
41
41
41
42
42
42
42
43
43
43
43
50
50
50
50
50
50
50
50
51
51
51
51
51
53
53
53
53
54
54
54
54
55
67
67
68
68
68
68
68
68
68
68
69
69
69
69
69
70
70
70
70
70
70
71
71
71
71
71
71
71
71
71
71
73
74
75
75
75
75
76
76
76
76
77
78
88
88
89
89
89
89
89
89
89
89
90
90
90
90
90
91
91
91
91
91
92
92
92
92
92
93
94
94
94
94
94
94
94
94
94
95
95
95
95
95
95
95
95
95
96
96
96
96
97
97
97
97
97
98
99
99
99
99
99
100
100
100
100
101
101
101
101
101
101
101
102
102
102
102
102
103
103
103
103
103
103
103
103
104
104
104
104
104
105
105
105
105
105
107
107
107
107
108
108
108
109
109
109
111
111
111
112
112
112
113
113
113
113
113
113
113
113
114
114
114
114
114
114
114
114
114
116
116
116
116
117
117
117
118
119
119
119
119
119
119
119
120
120
120
120
121
121
121
121
123
123
123
123
123
124
125
125
126
126
127
127
128
131
131
131
131
132
132
132
133
134
137
137
137
137
137
138
138
138
138
139
139
139
139
139
139
139
140
140
140
140
141
142
143
143
143
143
143
143
143
144
144
144
144
145
146
146
146
147
148
158
158
159
159
159
159
159
159
159
159
159
159
159
159
159
160
160
160
160
160
160
160
160
160
160
160
160
161
173
173
174
174
174
174
174
174
174
174
174
174
174
174
174
174
174
174
174
174
174
175
175
175
175
175
175
175
176
176
176
177
178
178
178
179
179
179
179
179
180
180
180
180
180
180
180
180
180
180
180
180
180
180
181
181
181
181
181
182
184
184
184
184
184
184
186
186
187
187
187
187
187
187
187
187
187
187
187
188
188
188
188
188
188
188
188
188
188
188
188
188
188
188
188
188
188
188
188
190
190
190
190
190
191
192
200
200
201
201
201
201
201
201
201
201
202
202
202
202
202
202
202
202
202
203
203
203
204
204
204
204
204
205
205
205
205
205
205
205
205
205
205
205
205
205
205
205
206
206
206
206
206
206
206
206
206
207
207
207
207
207
207
207
207
207
207
207
207
207
207
207
207
208
209
209
209
209
209
209
209
209
209
209
210
211
212
212
212
212
212
212
212
212
212
212
213
213
213
213
213
213
213
213
213
214
214
214
215
218
218
218
219
220
221
