18
18
18
18
18
18
18
18
18
18
18
20
20
20
20
20
20
20
21
21
21
21
21
21
21
22
22
22
22
22
22
22
23
23
23
23
23
23
23
24
24
24
24
24
24
24
25
25
25
25
25
25
25
26
26
26
26
26
26
26
27
27
27
27
27
27
27
27
27
29
29
29
29
29
29
29
29
29
29
29
29
29
65
65
65
65
69
69
69
69
69
69
69
69
69
69
69
70
70
70
70
70
70
70
70
70
70
70
70
70
70
72
72
72
72
72
72
72
72
72
72
72
72
72
73
73
73
73
73
76
76
76
76
76
78
78
78
78
78
78
78
78
79
79
79
79
79
79
79
80
87
87
87
87
87
87
87
87
87
87
87
88
88
88
88
88
88
89
89
89
89
89
89
89
90
90
90
90
90
90
90
90
90
90
91
91
91
92
92
92
92
92
92
93
94
108
108
108
108
108
108
108
108
108
108
108
108
109
109
109
109
109
109
109
109
109
109
109
109
110
110
110
110
110
110
110
110
110
110
110
111
111
111
111
111
111
111
111
111
111
111
111
111
111
111
112
112
112
112
112
112
112
112
112
112
112
112
112
112
112
112
112
112
112
112
112
112
112
112
113
122
122
122
122
122
122
122
122
122
123
124
124
124
124
124
124
124
124
125
140
140
140
140
140
140
140
140
140
140
140
140
141
142
142
142
142
142
142
142
142
142
142
142
143
160
160
160
160
160
160
160
160
160
160
160
161
161
161
161
161
161
161
161
161
161
161
161
161
161
162
162
162
162
162
163
163
163
163
163
163
163
163
163
163
163
163
163
163
163
164
164
164
164
164
164
164
164
164
164
164
164
165
165
165
165
165
165
165
165
165
165
165
165
166
166
166
166
166
166
166
166
166
167
167
167
167
167
167
167
167
168
169
169
169
169
169
169
169
170
170
170
171
172
172
172
172
172
172
172
172
174
194
194
194
194
194
194
194
194
194
194
194
195
195
195
195
195
195
195
195
195
195
195
195
195
195
196
196
196
196
196
197
197
197
197
197
197
197
197
197
197
197
197
197
197
197
198
198
198
198
198
198
198
198
198
198
198
198
199
199
199
199
199
199
199
199
199
199
199
199
200
200
200
200
200
200
200
200
200
201
201
201
201
201
201
201
201
202
203
203
203
203
203
203
203
203
203
204
204
204
205
206
206
206
206
206
206
206
206
207
214
214
214
214
214
214
215
215
215
215
215
215
215
216
223
223
223
223
223
223
224
224
224
224
224
224
224
225
237
237
237
237
237
237
237
237
237
237
237
237
237
237
237
238
238
238
238
238
238
238
238
238
238
238
238
238
238
238
238
238
238
238
238
238
238
238
238
240
240
240
240
240
240
240
240
240
240
240
240
242
242
242
242
242
242
242
243
243
243
243
243
243
243
243
243
244
244
244
244
244
244
244
244
244
244
244
245
246
247
256
256
257
257
257
257
257
257
257
257
257
257
257
258
258
258
258
258
258
258
259
270
270
270
270
270
270
270
270
270
270
270
270
270
270
270
271
271
271
271
271
271
271
271
271
271
271
272
272
272
272
272
272
272
273
273
273
273
273
273
273
273
273
273
273
274
274
274
274
275
282
282
282
282
282
282
283
283
283
283
283
283
283
283
283
283
283
283
284
286
287
