18
18
18
18
18
18
18
18
18
18
18
20
20
20
20
20
20
20
21
21
21
21
21
21
21
46
46
46
46
47
53
53
53
53
53
53
53
61
61
61
61
61
61
61
61
69
69
69
69
69
69
69
69
77
77
77
77
77
77
77
77
85
85
85
85
85
85
85
85
93
93
93
93
93
93
93
93
101
101
101
101
101
101
101
101
115
115
115
115
115
115
115
115
115
115
116
116
117
118
118
118
118
118
118
119
119
119
119
119
121
121
121
121
121
121
121
121
121
121
121
122
122
122
122
123
123
123
124
126
126
126
126
126
126
126
126
128
128
128
128
128
128
128
129
130
130
130
131
131
131
131
131
131
131
131
132
132
133
133
133
134
134
134
134
134
134
134
134
135
135
136
136
136
137
137
137
137
137
137
137
137
138
138
139
139
139
140
140
140
140
140
140
140
140
141
141
142
142
142
143
143
143
143
143
143
143
143
144
144
145
145
146
146
146
146
147
147
147
148
150
150
150
151
154
154
154
157
157
157
160
160
160
170
170
170
170
170
170
170
170
170
170
170
170
170
170
171
172
172
172
172
172
172
173
173
173
173
173
173
174
174
174
174
174
174
175
183
183
183
183
183
183
184
185
185
185
186
194
194
194
194
194
194
195
196
196
196
197
204
204
204
204
204
204
205
206
206
206
207
221
221
221
221
221
221
221
234
234
234
234
234
234
234
234
234
234
234
234
234
239
239
239
239
239
239
239
239
239
240
241
241
241
241
241
241
242
248
248
248
248
248
248
248
248
248
249
250
250
250
250
250
250
251
257
257
258
258
258
258
258
258
259
259
259
259
259
259
259
259
259
259
259
260
261
262
