17
17
17
17
17
17
17
17
17
17
17
17
17
17
17
19
19
19
19
19
19
19
21
21
21
21
21
21
21
21
21
21
21
22
22
22
22
22
22
22
22
22
22
22
23
23
23
23
23
23
23
23
23
23
23
23
23
24
24
24
24
24
24
24
24
24
24
24
24
24
24
24
32
32
32
32
32
32
33
33
33
33
33
34
34
34
34
34
35
35
35
35
35
37
37
37
37
37
37
37
37
37
46
46
46
46
46
46
46
46
46
46
46
46
46
46
46
47
47
47
47
47
48
48
48
48
48
48
48
49
49
49
49
49
49
50
50
50
50
50
50
51
51
51
51
51
51
52
61
61
61
61
61
61
61
61
61
61
61
61
61
61
61
62
62
62
62
62
63
63
63
63
63
64
64
64
64
64
64
65
65
65
65
65
65
66
66
66
66
66
66
67
69
69
70
70
70
70
70
70
71
71
71
71
71
71
71
71
71
72
74
74
75
75
75
75
75
75
76
76
76
77
79
79
80
80
80
80
80
80
81
81
81
82
88
88
89
89
89
89
89
89
90
90
90
91
97
97
98
98
98
98
98
98
99
99
99
100
102
102
103
103
103
103
103
103
104
104
104
104
104
104
104
104
105
105
105
105
106
106
106
106
106
106
106
106
106
106
106
106
106
106
106
106
107
109
109
110
110
110
110
110
110
111
111
111
111
111
111
111
111
111
111
111
111
111
112
114
114
115
115
115
115
115
115
115
115
115
116
116
116
116
116
116
116
117
117
117
118
120
120
120
120
120
120
120
120
120
120
121
121
121
122
124
124
124
124
124
124
124
124
124
125
125
125
125
125
125
125
125
125
125
125
125
125
125
125
125
125
125
125
125
125
125
125
125
125
126
126
126
127
129
129
129
129
129
129
129
129
129
129
129
130
130
130
130
130
130
130
130
130
130
130
130
130
130
130
130
131
131
131
132
134
134
134
134
134
134
134
134
134
134
134
134
135
135
135
135
135
135
135
135
135
135
135
135
135
135
135
135
136
136
136
136
136
136
136
137
137
137
138
140
140
140
140
140
141
141
141
141
142
142
142
142
142
142
143
143
143
143
143
143
143
143
143
143
144
145
145
145
145
145
145
145
146
155
155
156
156
156
156
156
156
157
157
157
157
157
157
157
158
158
158
158
158
158
158
159
160
160
160
160
160
160
160
161
161
161
162
163
163
163
163
163
163
163
164
164
164
164
164
164
164
164
164
165
165
165
165
165
165
165
165
165
165
166
166
166
166
166
166
166
166
166
166
166
166
166
166
166
166
166
167
168
168
168
169
170
170
170
170
170
170
170
171
171
171
171
171
171
171
171
171
171
171
171
171
171
171
171
172
173
173
173
173
173
173
173
174
174
174
174
174
174
174
175
176
176
176
177
178
179
