17
17
17
17
17
17
17
17
17
17
17
17
17
19
19
19
19
19
19
19
19
19
19
19
19
19
25
25
25
25
25
25
25
28
28
28
28
28
28
28
28
30
30
30
30
30
30
30
30
32
32
32
32
32
32
32
32
34
34
34
34
34
34
34
34
36
36
36
36
36
36
36
36
38
38
38
38
38
38
38
38
40
40
40
40
40
40
40
40
42
42
42
42
42
42
42
42
48
48
48
48
48
48
48
48
48
48
49
49
49
49
49
50
52
52
53
53
53
53
53
53
53
53
53
54
54
54
54
54
54
55
57
57
58
58
58
58
58
58
58
58
58
64
64
64
64
64
64
64
71
71
71
71
71
71
71
77
77
77
77
77
77
77
79
79
80
80
80
80
80
80
81
81
81
81
81
81
81
81
81
82
82
82
82
82
82
82
82
82
82
82
82
82
82
82
83
84
84
84
84
84
84
84
84
84
85
85
85
85
85
85
85
85
85
85
85
85
85
85
85
85
85
86
86
86
86
86
86
86
87
87
87
87
87
87
87
88
88
88
88
88
88
88
88
88
89
89
89
89
89
89
89
90
91
91
91
91
91
91
91
91
91
91
91
91
91
91
91
91
91
92
93
93
93
93
93
93
93
94
102
102
102
102
102
102
102
102
102
102
102
102
102
103
103
103
103
103
103
103
103
103
103
104
104
104
104
104
104
104
104
104
104
105
105
105
106
107
107
107
107
107
107
107
107
107
107
107
107
107
107
107
107
107
107
107
109
109
109
109
109
109
109
110
110
110
111
112
112
112
112
112
112
112
112
112
112
112
112
112
112
112
113
113
113
114
115
115
115
115
115
115
115
116
117
118
