6
6
6
6
6
6
6
6
6
8
8
8
9
11
11
11
11
11
11
12
12
12
12
12
12
13
13
13
13
13
13
14
14
14
14
14
14
15
15
15
15
15
15
16
16
16
16
16
16
17
17
17
17
17
17
18
18
18
18
18
18
19
19
19
19
19
19
22
22
22
22
22
22
23
23
23
23
23
23
24
24
24
24
24
24
25
25
25
25
25
25
26
26
26
26
26
26
27
27
27
27
27
27
28
28
28
28
28
28
30
30
30
30
30
30
31
31
31
31
31
31
32
32
32
32
32
32
34
34
34
34
34
35
36
36
36
36
37
37
37
37
38
38
38
38
39
39
39
39
40
40
40
40
41
41
41
41
42
42
42
42
43
43
43
43
44
44
44
44
46
46
46
46
47
47
47
47
48
48
48
48
49
49
49
49
50
50
50
50
51
51
51
51
52
52
52
52
54
54
54
54
55
55
55
55
56
56
56
56
57
59
59
59
59
59
59
59
60
61
61
61
61
62
64
64
64
64
64
65
66
66
66
67
69
69
69
69
69
70
71
71
71
72
74
74
74
74
74
75
76
76
76
77
79
79
79
79
79
80
81
81
81
82
84
84
84
84
84
85
86
86
86
87
89
89
89
89
89
90
91
91
91
92
94
94
94
94
94
95
96
96
96
97
99
99
99
99
99
100
101
101
101
102
104
104
104
104
104
105
106
106
106
107
109
109
109
109
109
110
111
111
111
112
114
114
114
114
114
115
116
116
116
117
119
119
119
119
119
120
121
121
121
122
124
124
124
124
124
125
126
126
126
127
129
129
129
129
129
130
131
131
131
132
134
134
134
134
134
135
136
136
136
137
139
139
139
139
139
140
141
141
141
142
144
144
144
144
144
145
146
146
146
147
149
149
149
149
149
149
149
150
151
151
151
151
152
154
154
154
154
154
155
156
156
156
157
159
159
159
159
159
160
161
161
161
162
164
164
164
164
164
165
166
166
166
167
169
169
169
169
169
170
171
171
171
172
174
174
174
174
174
175
176
176
176
177
179
179
179
179
179
180
181
181
181
182
184
184
184
184
184
185
186
186
186
187
189
189
189
189
189
190
191
191
191
192
194
194
194
194
194
195
196
196
196
197
199
199
199
199
199
200
201
201
201
202
204
204
204
204
204
205
206
206
206
207
209
209
209
209
209
210
211
211
211
212
214
214
214
214
214
215
216
216
216
217
219
219
219
219
219
220
221
221
221
222
224
224
224
224
224
225
226
226
226
227
229
229
229
229
229
229
229
230
231
231
231
231
231
231
232
234
234
234
234
234
235
236
236
236
237
239
239
239
239
239
239
239
240
241
241
241
241
241
241
242
244
244
244
244
244
245
246
246
246
247
249
249
249
249
249
249
249
250
251
251
251
251
251
251
252
254
254
254
254
254
255
256
256
256
257
259
259
259
259
259
260
261
261
261
261
261
261
261
262
264
264
264
264
264
265
266
266
266
267
268
268
