18
18
18
18
18
18
18
18
18
18
18
18
18
20
20
20
20
20
20
20
21
21
21
21
21
21
21
23
23
23
23
23
23
23
23
23
23
23
23
23
24
24
24
24
24
24
24
24
24
24
24
24
24
33
33
33
33
33
33
35
35
35
35
35
35
35
35
36
36
36
36
36
36
36
37
37
37
37
37
37
37
38
38
38
38
38
38
38
39
39
39
39
39
39
39
40
40
40
40
40
40
40
46
46
46
46
46
46
46
61
61
61
61
61
61
61
63
63
64
64
65
65
67
67
68
68
69
69
70
70
71
71
73
73
82
82
82
82
82
82
82
83
83
84
84
85
85
86
86
87
87
88
88
89
89
90
90
100
100
100
100
100
101
101
102
102
103
103
104
104
105
105
106
107
143
143
143
143
143
144
144
145
145
146
146
147
147
148
148
149
150
152
152
152
152
152
152
157
157
157
157
250
250
250
250
250
251
251
251
251
251
252
252
252
252
252
252
252
253
258
258
259
259
259
259
259
259
260
260
260
260
260
260
260
260
261
261
261
261
261
262
287
287
287
287
287
287
287
287
287
288
288
288
288
288
288
288
288
289
289
289
289
289
289
289
289
289
290
290
290
290
290
290
290
291
291
291
291
291
291
291
291
291
292
292
292
292
292
292
292
292
292
293
293
293
293
293
293
293
296
296
296
296
296
296
296
296
296
296
297
297
297
297
297
297
297
297
297
298
299
299
299
299
299
299
299
299
299
299
299
299
299
299
299
299
299
299
301
301
301
301
301
301
301
301
301
302
303
303
304
304
304
305
307
307
307
308
310
310
310
311
324
324
325
325
325
325
325
325
325
325
325
326
326
326
326
326
326
326
327
327
327
327
327
327
328
329
329
329
329
329
329
329
330
330
330
330
330
330
331
332
332
332
332
332
332
332
333
333
333
333
333
333
333
333
334
335
335
335
335
335
335
335
336
336
336
336
336
336
337
338
338
338
338
338
338
338
339
339
339
339
339
339
340
342
342
342
343
364
364
364
364
364
364
364
364
364
365
365
365
365
365
365
365
365
366
366
366
366
366
366
366
366
366
367
367
367
367
367
367
367
367
367
367
367
367
367
368
368
368
368
368
368
368
369
369
369
369
369
369
369
369
369
370
370
370
370
370
370
370
371
371
371
371
371
371
371
371
371
372
372
372
373
374
376
376
376
377
401
401
401
401
401
401
401
401
401
402
402
402
402
402
402
402
402
403
403
403
403
403
403
403
403
403
404
404
404
404
404
404
404
404
404
404
404
404
404
405
405
405
405
405
405
405
406
406
406
406
406
406
406
406
406
407
407
407
407
407
407
407
408
408
408
408
408
408
408
408
408
409
409
409
410
411
413
413
413
414
440
440
440
440
440
440
440
440
440
441
441
441
441
441
441
441
441
441
442
442
442
442
442
442
442
442
443
443
443
443
443
443
443
444
444
444
444
444
444
444
444
444
445
445
445
445
445
445
445
445
445
445
445
445
445
445
445
445
446
446
446
446
446
446
446
447
447
447
447
447
447
447
447
447
448
448
449
449
449
449
449
449
449
449
449
449
449
449
450
450
450
450
450
450
450
450
454
455
455
455
456
463
463
463
463
463
463
463
463
463
463
463
463
463
463
463
463
463
463
464
464
464
464
464
464
464
465
465
465
465
465
465
465
465
465
465
465
465
465
465
466
466
466
466
466
466
466
467
467
467
467
467
467
467
467
467
468
468
468
469
470
470
470
471
482
482
483
483
483
483
483
483
483
483
483
483
483
483
483
483
483
487
487
487
487
487
487
487
487
487
487
487
487
487
487
488
488
488
488
488
488
488
488
488
488
488
489
489
489
489
489
489
489
489
489
489
489
489
489
489
489
489
489
490
490
490
490
490
491
491
491
491
491
491
491
492
492
492
492
492
492
492
492
492
492
492
492
492
492
492
492
492
492
492
493
493
493
493
493
494
494
494
494
494
494
494
495
495
495
495
495
495
495
495
495
495
495
495
495
495
496
496
496
496
496
497
497
497
497
497
497
497
498
498
498
498
498
498
498
498
498
498
498
498
498
498
499
499
499
499
499
500
500
500
500
500
500
500
501
501
501
501
501
501
501
501
501
501
501
501
502
502
502
502
502
502
502
502
502
502
502
503
503
503
503
503
504
504
504
504
504
504
504
505
505
505
506
506
506
506
506
507
509
509
509
509
509
509
509
510
510
510
510
510
510
510
511
512
514
514
514
515
521
521
521
521
521
521
521
521
522
522
522
522
523
525
526
