17
17
17
17
17
17
17
17
17
17
17
17
17
19
19
19
19
19
19
19
20
20
20
20
20
20
20
22
22
22
22
22
22
22
22
22
22
22
23
23
23
23
23
23
23
23
23
23
23
24
24
24
24
24
24
24
24
24
24
24
25
25
25
25
25
25
25
25
25
25
25
26
26
26
26
26
26
26
26
26
26
26
27
27
27
27
27
27
27
27
27
27
27
28
28
28
28
28
28
28
28
28
28
28
29
29
29
29
29
29
29
29
29
29
29
29
29
30
30
30
30
30
30
30
30
30
30
30
30
30
31
31
31
31
31
31
31
31
31
31
31
31
31
32
32
32
32
32
32
32
32
32
32
32
32
32
33
33
33
33
33
33
33
33
33
33
33
33
33
33
33
34
34
34
34
34
34
34
34
34
34
34
34
34
34
34
35
35
35
35
35
35
35
35
35
35
35
35
35
35
35
36
36
36
36
36
36
36
36
36
36
36
36
36
36
36
36
36
44
44
44
44
44
44
44
47
47
47
47
47
47
47
47
50
50
50
50
50
50
50
50
50
50
53
53
53
53
53
53
53
53
56
56
56
56
56
56
58
58
58
58
58
58
59
59
59
59
60
60
60
60
61
61
61
61
61
71
71
71
71
71
72
72
72
72
73
73
73
73
74
74
74
74
74
75
75
75
76
76
76
76
76
76
76
77
77
77
77
77
77
77
77
77
77
78
78
78
79
81
81
81
81
81
81
82
82
82
82
82
82
83
83
83
83
83
83
83
83
83
84
84
84
84
84
84
84
84
84
84
84
84
84
85
85
85
85
85
85
85
86
86
86
87
88
89
89
89
89
90
91
91
91
91
91
91
91
91
92
102
102
102
102
102
103
103
103
103
104
104
104
104
105
105
105
105
105
106
106
106
106
106
106
107
107
107
107
107
107
108
108
108
108
108
108
108
108
108
109
109
109
109
110
110
110
110
110
110
110
110
110
110
110
111
111
111
111
111
111
111
112
112
112
113
114
115
115
115
115
116
117
117
117
117
117
117
117
117
118
121
121
121
121
124
124
124
124
130
130
130
130
130
130
130
130
131
131
131
131
131
131
132
139
139
139
139
139
139
139
139
139
139
139
139
140
140
140
140
140
140
141
141
141
141
141
141
142
148
148
148
148
148
148
149
149
149
149
149
149
149
149
149
149
149
150
150
150
150
150
150
150
150
151
152
152
152
153
159
159
159
159
159
159
159
159
159
160
160
160
160
160
160
161
167
167
167
167
167
167
168
168
168
168
168
169
169
169
169
169
169
169
169
169
169
169
169
169
170
170
170
170
170
170
170
170
171
172
172
172
173
179
179
179
179
179
179
180
180
180
181
187
187
187
187
187
187
187
187
187
188
188
188
188
188
188
189
195
195
195
195
195
195
196
196
196
197
203
203
203
203
203
203
204
204
204
204
204
205
211
211
211
211
211
211
211
218
218
219
219
219
219
219
219
220
220
220
220
220
220
221
228
228
228
228
228
228
229
229
229
230
240
240
240
240
240
240
241
241
241
242
248
248
248
248
248
248
248
248
248
249
249
249
249
249
249
250
257
257
257
257
257
257
257
265
265
265
265
265
265
265
273
273
274
274
274
274
274
274
275
275
275
275
275
275
275
275
276
276
276
276
276
276
276
277
277
277
277
277
277
277
278
280
280
280
280
280
281
301
301
301
301
301
301
302
302
302
302
302
302
302
302
303
303
303
303
303
303
303
303
303
303
303
303
303
304
312
312
312
312
312
312
313
313
313
314
330
330
330
330
330
330
331
331
331
331
331
331
331
331
331
331
331
331
331
331
331
332
338
338
338
338
338
338
338
346
346
346
346
346
346
346
354
354
355
355
355
355
355
355
356
356
356
356
356
357
365
365
366
366
366
366
366
366
367
367
367
367
367
367
367
367
367
368
374
374
375
375
375
375
375
375
375
376
376
376
376
376
376
376
377
377
377
377
377
377
377
377
377
377
377
377
377
377
377
377
378
379
379
379
380
387
387
387
387
387
387
387
394
394
395
395
395
395
395
395
395
395
395
404
404
404
404
404
405
405
405
405
405
405
405
412
412
412
412
412
412
412
412
412
413
413
413
413
413
413
413
414
414
414
415
416
416
416
416
416
416
416
417
417
417
417
417
417
417
418
418
418
419
420
420
420
420
420
420
420
420
420
421
421
421
421
421
421
421
421
421
421
422
422
422
422
422
422
422
422
423
423
423
423
423
423
423
424
424
424
425
427
427
427
427
427
427
427
427
427
427
428
428
428
428
428
428
428
428
428
428
429
429
429
429
429
429
429
429
429
429
429
430
430
430
430
430
430
430
430
430
431
431
431
431
431
431
431
431
431
432
432
432
432
432
432
432
432
432
432
432
433
433
433
434
435
436
436
436
436
436
436
436
436
436
437
437
437
438
439
439
439
439
439
439
439
439
439
439
439
439
439
439
439
439
440
441
441
441
441
442
442
442
442
442
442
442
442
442
442
442
442
442
442
442
442
442
442
442
442
443
452
452
452
452
452
452
452
452
452
452
452
452
452
453
453
453
453
453
454
454
454
455
460
460
460
460
460
460
465
474
474
474
474
474
474
474
474
474
475
475
475
476
489
489
489
489
490
490
490
490
491
491
491
491
492
492
492
492
493
493
493
493
493
494
494
494
494
494
495
495
495
495
495
495
495
495
495
495
495
495
495
495
495
495
495
495
496
496
496
496
497
509
509
509
509
509
509
509
509
509
509
509
509
509
509
509
509
509
510
510
510
510
510
511
511
511
511
511
511
511
511
511
511
511
511
511
511
511
511
511
511
512
512
512
512
513
521
521
521
521
521
521
521
521
521
521
521
521
521
522
522
522
522
522
523
523
523
523
523
523
523
523
524
524
524
524
525
532
532
532
532
532
532
533
533
533
533
533
533
533
533
533
533
533
534
534
534
534
534
534
534
534
535
536
536
536
537
545
545
545
545
545
545
545
545
545
546
546
546
546
546
546
546
546
547
547
547
547
547
547
547
547
547
547
547
547
547
547
547
547
547
548
548
548
548
548
548
548
548
548
548
548
548
548
548
548
548
548
548
548
548
548
548
549
559
559
559
559
560
560
560
560
561
561
561
561
562
562
562
562
562
563
563
563
563
563
563
563
563
564
564
564
564
564
564
564
564
564
564
565
565
565
565
565
565
565
565
565
565
565
565
566
575
575
575
575
575
575
575
575
575
576
576
576
576
576
576
576
576
577
577
577
577
577
577
577
577
577
577
578
578
578
578
578
578
578
578
579
587
587
587
587
587
587
588
588
588
589
598
598
598
598
598
598
598
598
598
599
599
599
600
607
607
607
607
607
607
607
607
607
608
608
608
609
615
615
615
615
615
615
616
616
616
617
625
625
625
625
625
625
625
625
625
626
626
626
626
626
626
626
627
627
627
628
630
630
630
630
630
630
630
630
630
631
631
631
631
631
631
631
631
631
631
631
631
631
631
632
638
638
638
638
638
638
639
639
639
640
648
648
648
648
648
648
648
648
648
648
648
648
648
649
649
649
649
649
649
649
649
650
659
659
659
659
660
660
660
660
661
661
661
661
662
662
662
662
662
663
663
663
663
663
663
663
663
663
663
664
673
673
673
673
673
673
673
673
673
673
673
673
673
673
673
673
673
674
674
674
674
674
674
674
674
674
674
675
681
681
682
682
682
682
682
682
685
685
685
685
685
685
685
685
685
685
685
685
685
686
686
686
686
686
686
686
687
689
689
689
689
689
689
689
689
689
690
690
690
690
690
690
690
691
691
691
691
691
691
691
691
691
691
691
692
694
694
694
694
694
694
694
694
694
695
695
695
695
695
695
695
695
695
695
695
695
695
695
695
695
695
696
696
696
696
696
696
696
697
698
698
698
698
698
699
699
699
699
699
699
699
700
701
701
701
701
701
701
701
701
701
703
703
703
703
703
703
703
703
703
703
703
704
704
704
704
704
704
704
704
704
704
704
704
704
704
704
704
704
704
704
705
706
706
706
706
706
706
706
707
713
713
714
714
714
714
714
714
715
715
716
716
716
716
716
716
716
716
716
716
716
716
716
717
717
717
717
717
717
717
718
718
718
718
718
718
718
718
718
718
718
718
718
719
720
720
720
721
722
722
722
722
722
722
722
724
724
724
724
724
724
725
726
726
726
727
729
729
730
730
730
730
730
730
731
731
731
731
731
732
734
734
735
735
735
735
735
735
735
735
735
736
736
736
736
736
736
736
737
737
737
738
740
740
740
740
740
740
740
740
740
741
741
741
741
741
741
741
741
741
741
741
741
742
742
742
742
742
742
742
742
742
742
742
742
742
742
742
742
743
746
746
746
746
746
747
747
747
747
747
748
748
748
748
748
748
748
748
748
749
749
749
749
749
749
749
750
750
750
751
751
751
751
751
751
752
752
752
752
752
752
752
753
753
753
753
753
753
753
754
755
756
756
756
756
756
757
757
757
757
757
758
758
758
758
758
759
759
759
759
759
759
759
760
760
760
761
761
761
761
761
761
762
762
762
762
762
762
762
762
762
762
763
763
763
763
764
765
767
767
767
767
767
767
767
767
767
767
767
767
767
767
767
767
768
778
778
778
778
779
779
779
779
780
780
780
780
781
781
781
781
782
782
782
782
782
783
783
783
783
783
783
783
784
784
784
784
784
784
784
784
784
784
784
784
784
784
784
784
784
784
784
785
785
785
785
785
785
785
785
785
785
786
787
787
787
787
787
787
787
788
788
788
788
788
788
788
788
788
788
788
788
788
788
788
788
788
788
788
789
789
789
789
789
789
789
789
789
790
792
792
792
792
792
792
792
792
792
792
793
793
793
794
795
795
795
795
795
795
795
796
796
796
796
797
798
798
798
798
798
798
798
798
798
798
799
800
800
800
800
800
800
800
800
800
800
800
800
800
800
800
800
800
800
800
800
800
800
800
801
801
801
801
801
801
801
801
801
801
801
801
801
801
801
801
801
801
802
807
807
807
807
807
807
808
808
808
808
808
808
808
809
815
815
815
815
815
815
815
815
815
816
816
816
816
816
816
817
825
825
825
825
825
825
825
825
825
825
825
825
825
826
826
826
826
826
826
826
827
827
827
827
827
827
827
827
827
828
828
829
830
830
830
830
830
830
830
831
831
831
831
831
831
831
831
831
832
833
840
840
840
840
840
840
840
840
840
841
841
841
841
841
841
841
842
849
849
849
849
849
849
849
849
849
850
850
850
850
850
850
850
850
850
850
850
850
851
851
851
851
851
851
851
851
851
851
851
851
852
852
852
852
852
853
853
853
853
853
853
853
853
853
853
853
853
853
853
853
853
853
853
853
853
853
854
854
854
854
854
854
854
854
854
854
854
854
854
854
854
855
855
855
855
855
855
855
855
856
857
858
858
858
858
858
858
858
859
859
859
860
861
861
861
861
861
861
861
861
861
861
861
861
861
861
861
861
861
862
862
862
862
862
862
862
862
862
862
862
862
862
862
862
863
863
864
865
865
865
865
865
866
866
866
866
866
866
866
866
866
866
866
867
867
867
867
867
867
867
867
867
867
867
867
867
867
867
868
868
868
868
868
868
868
868
868
868
868
868
868
868
868
868
869
869
869
869
869
869
869
869
869
869
869
870
871
871
872
872
872
873
874
875
876
876
876
876
876
876
876
877
884
884
884
884
884
884
884
884
884
885
885
885
885
885
885
885
885
885
885
886
886
886
886
886
886
886
887
887
887
887
888
889
889
889
889
889
889
890
891
891
891
892
899
899
899
899
899
899
899
899
899
899
899
899
899
899
900
900
900
900
900
900
900
900
900
900
900
901
901
901
901
901
901
902
903
903
904
904
905
905
905
905
905
905
905
905
905
905
906
906
906
906
907
908
908
909
909
909
909
909
909
910
911
911
912
912
913
913
914
914
914
914
914
914
914
914
914
914
915
915
915
915
916
917
917
917
917
917
917
917
917
917
917
917
918
918
918
918
918
918
918
918
918
918
918
918
918
919
920
922
922
922
922
922
922
922
922
922
922
922
922
922
922
923
923
923
923
923
923
923
923
923
923
923
923
923
923
923
923
924
932
932
932
932
932
932
932
932
932
932
933
933
933
933
933
933
933
933
933
933
940
940
940
940
940
940
940
940
940
940
941
941
941
941
941
942
942
942
942
942
942
942
943
943
943
943
943
943
943
943
943
944
944
944
944
944
944
944
944
944
945
946
947
947
947
948
949
950
