6
6
6
6
6
6
6
6
6
6
6
8
8
8
8
8
8
8
8
8
8
8
8
8
8
9
9
9
9
9
9
9
9
9
9
9
9
9
9
10
10
10
10
10
10
10
10
10
10
10
10
10
10
11
11
11
11
11
11
11
11
11
11
11
11
11
11
12
12
12
12
12
12
12
12
12
12
12
12
12
12
13
13
13
13
13
13
13
13
13
13
13
13
13
13
14
14
14
14
14
14
14
14
14
14
14
14
14
14
15
15
15
15
15
15
15
15
15
15
15
15
15
15
16
16
16
16
16
16
16
16
16
16
16
16
16
16
17
17
17
17
17
17
17
17
17
17
17
17
17
17
19
19
19
19
19
19
19
19
19
20
20
20
20
20
20
20
20
20
22
22
22
22
22
22
23
24
24
24
24
24
24
24
24
24
24
24
24
24
24
24
26
26
26
26
28
28
28
28
28
28
29
30
30
30
30
30
30
31
33
33
33
33
33
34
35
35
35
36
40
40
41
41
41
41
41
41
41
41
42
43
43
43
43
43
43
43
43
43
45
45
45
45
45
45
45
45
45
45
45
45
47
47
47
47
47
47
47
47
49
49
49
49
49
49
49
49
51
51
51
51
51
53
53
53
53
53
55
55
55
55
55
55
55
55
55
57
57
57
57
57
59
59
59
59
59
59
59
59
59
59
59
59
59
59
59
59
60
61
61
61
61
62
63
63
63
63
63
63
63
63
63
63
63
63
64
66
66
66
66
66
66
66
66
66
66
66
66
66
66
66
66
67
68
68
68
68
68
68
68
68
68
68
69
71
71
71
71
71
71
71
71
71
71
71
71
71
71
71
73
73
73
73
73
73
73
73
73
73
73
75
75
75
75
75
75
75
75
75
76
77
77
77
77
78
79
79
79
79
79
79
79
79
79
80
82
82
82
82
82
82
82
82
82
82
82
82
83
84
84
84
84
84
84
84
84
84
84
85
86
86
86
86
86
86
86
86
86
86
87
88
88
88
88
88
88
88
88
88
88
89
90
90
90
90
90
90
90
92
92
92
92
93
94
94
94
94
94
94
94
94
94
94
94
94
94
94
94
94
94
94
94
94
94
94
94
94
94
95
96
98
98
98
98
98
98
98
99
99
99
99
99
99
99
100
101
102
102
102
102
102
102
102
102
102
102
103
104
104
104
104
105
106
106
106
106
106
106
106
106
106
107
109
109
109
109
109
109
110
111
111
111
111
111
111
111
112
113
114
115
116
116
116
116
116
116
116
116
116
116
118
118
118
118
118
118
118
118
118
118
118
118
118
118
118
118
118
118
118
118
118
118
118
118
118
118
118
118
119
119
119
119
119
119
119
119
119
119
119
120
122
122
122
122
122
122
122
122
122
122
123
125
125
125
125
125
125
125
125
125
125
125
125
125
125
125
125
125
126
128
128
128
128
128
128
128
128
128
128
128
128
132
132
132
132
132
132
133
134
134
134
134
134
134
134
134
134
134
134
134
134
134
134
134
134
134
134
134
134
134
134
134
134
134
135
136
136
136
136
136
136
136
140
140
140
140
140
140
141
142
143
144
144
144
144
144
146
146
146
146
146
146
146
146
146
146
146
146
146
146
147
149
149
149
149
149
149
149
149
149
149
149
149
149
149
149
149
149
151
151
151
151
151
151
151
151
151
151
151
153
153
153
153
153
153
154
155
155
155
156
157
159
159
159
159
159
159
159
159
159
159
160
162
162
162
162
162
162
162
162
162
162
162
163
163
163
163
163
163
164
165
165
165
165
166
167
169
169
169
169
169
169
170
171
171
171
171
173
173
173
173
174
175
175
175
175
175
175
175
176
177
178
179
179
179
179
179
179
179
181
181
181
181
182
183
183
183
183
183
183
183
183
183
183
183
183
184
184
184
184
184
184
184
184
184
184
184
184
184
185
186
188
188
188
188
188
188
188
188
188
188
189
190
190
190
190
190
190
190
191
193
193
193
193
194
195
196
197
197
197
197
197
197
197
197
197
197
197
197
197
197
197
197
198
199
199
199
199
199
199
199
199
199
200
201
202
203
204
204
204
204
205
207
207
207
207
208
209
209
209
209
209
209
209
209
209
209
209
209
209
209
209
209
209
209
209
209
209
209
209
210
212
212
212
212
212
212
212
214
214
214
214
214
214
214
214
214
214
214
216
216
216
216
216
216
218
218
218
219
221
221
222
222
222
222
222
222
222
222
222
222
223
224
224
224
224
224
224
224
224
224
224
224
224
224
224
224
224
224
224
224
224
224
224
225
226
227
