7
7
7
7
7
7
7
7
7
9
9
9
9
9
9
9
10
10
10
10
10
10
10
12
12
12
13
14
14
14
14
16
16
16
16
18
18
18
18
18
18
18
20
20
20
20
20
21
22
22
22
23
25
25
25
25
25
25
25
25
25
26
27
27
27
27
27
27
28
28
28
28
28
28
30
30
30
30
30
30
30
30
30
31
33
33
33
33
33
34
35
35
35
36
38
38
38
38
38
38
38
39
40
40
40
40
40
40
40
41
43
43
43
43
43
43
43
43
44
45
45
45
46
48
48
48
48
48
49
50
50
50
50
50
50
51
53
53
53
53
53
54
55
55
55
55
55
57
57
57
57
57
57
57
57
57
58
59
59
59
59
59
59
59
59
59
59
61
61
61
61
61
61
61
61
62
64
64
64
64
64
64
64
65
66
66
66
66
66
66
66
66
66
66
67
68
68
68
68
68
68
68
68
69
70
72
72
72
73
75
75
75
75
75
76
77
77
77
77
77
79
79
79
79
79
79
79
79
79
80
81
81
81
81
81
81
81
81
81
81
83
83
83
83
83
83
83
83
84
86
86
86
86
86
86
86
87
88
88
88
88
88
88
88
88
88
88
89
90
90
90
90
90
90
90
90
91
92
94
94
94
95
97
97
97
97
97
98
99
99
99
99
99
101
101
101
101
101
101
101
101
101
102
103
103
103
103
103
103
103
103
103
103
105
105
105
105
105
105
105
105
106
108
108
108
108
108
108
108
109
110
110
110
110
110
110
110
110
110
110
111
112
112
112
112
112
112
112
112
113
114
116
116
116
117
119
119
119
119
119
120
121
121
121
121
121
123
123
123
123
123
123
123
123
123
124
125
125
125
125
125
125
125
125
125
125
127
127
127
127
127
127
127
127
128
130
130
130
130
130
130
130
131
132
132
132
132
132
132
132
132
132
134
134
134
134
134
134
135
136
136
136
136
137
138
140
140
140
141
142
142
