6
6
6
6
6
6
6
6
6
8
8
8
8
8
8
8
8
8
8
8
8
8
8
9
9
9
9
9
9
9
9
9
9
9
9
9
9
10
10
10
10
10
10
10
10
10
10
10
10
10
10
11
11
11
11
11
11
11
11
11
11
11
11
11
11
13
13
13
13
13
13
13
14
14
14
14
14
14
14
16
16
16
17
18
18
18
18
18
18
18
18
18
18
18
18
18
18
18
18
20
20
20
20
20
21
22
22
22
22
22
22
23
25
25
25
25
25
25
25
26
27
27
27
27
27
27
27
27
27
28
29
29
29
29
29
29
29
29
29
29
29
29
29
29
29
29
30
31
32
33
33
33
33
33
33
33
33
33
34
35
37
37
38
38
38
38
38
39
40
40
40
40
40
40
40
40
42
42
42
42
42
42
42
42
42
42
42
42
42
42
42
42
42
42
43
44
44
44
44
44
44
44
44
44
45
45
45
45
45
45
45
45
45
47
47
47
47
47
47
48
49
49
49
49
49
49
49
49
49
49
49
49
50
51
52
53
53
53
53
53
53
53
53
53
53
53
53
53
53
53
53
53
53
53
53
53
53
53
53
53
53
53
53
53
53
53
53
53
53
53
53
53
53
53
53
53
53
54
55
57
57
57
57
57
57
57
59
60
61
