6
6
6
6
6
6
6
6
6
8
8
8
8
8
8
8
9
9
9
9
9
9
9
11
11
11
11
11
11
11
11
11
11
11
11
11
13
13
13
13
13
13
13
13
13
13
13
13
13
13
15
15
15
15
15
16
17
17
17
17
17
17
17
17
17
17
17
17
17
17
17
17
18
18
18
18
18
18
18
18
18
18
18
18
18
18
18
18
19
19
19
19
19
19
19
19
19
19
19
19
19
19
19
19
21
21
21
21
23
23
23
23
23
23
23
23
23
23
23
23
23
23
23
23
25
25
25
25
25
25
26
27
27
27
27
27
27
28
30
30
31
31
31
31
31
32
33
33
33
34
36
36
37
37
37
37
37
37
37
37
37
37
37
37
37
38
39
39
39
39
39
39
39
39
41
41
41
41
41
41
42
43
43
43
43
43
43
43
44
44
44
44
44
44
44
44
44
45
47
47
47
47
47
47
47
47
47
48
50
50
51
51
51
51
51
51
51
52
53
53
53
53
53
53
53
53
54
56
56
57
57
57
57
57
57
57
58
59
59
59
59
59
59
59
59
60
62
62
63
63
63
63
63
63
63
64
65
65
65
65
65
65
65
65
66
68
68
69
69
69
69
69
69
69
70
71
71
71
71
71
71
71
71
72
74
74
75
75
75
75
75
75
75
75
75
75
76
77
77
77
77
77
77
77
77
77
78
80
80
81
81
81
81
81
81
81
81
81
81
82
83
83
83
83
83
83
83
83
83
84
86
86
87
87
87
87
87
87
87
87
87
87
88
89
89
89
89
89
89
89
89
89
90
92
92
93
93
93
93
93
94
95
95
95
95
95
95
95
95
97
97
97
97
97
97
97
99
99
99
99
99
99
99
99
99
99
99
99
99
99
99
99
99
99
100
101
101
101
101
101
101
101
101
101
101
101
101
101
101
101
101
101
101
101
101
101
101
101
101
101
101
101
101
101
101
101
101
101
101
101
101
101
101
102
104
104
104
104
104
104
104
106
106
106
106
106
106
106
106
106
106
106
106
106
106
106
106
106
106
107
108
108
108
108
108
108
108
108
108
108
108
108
108
108
108
108
108
108
108
108
108
108
108
108
108
108
108
108
108
108
108
108
108
108
108
108
108
108
109
111
111
111
111
111
111
111
113
113
113
113
113
113
113
113
113
113
113
113
113
113
113
113
113
113
114
115
115
115
115
115
115
115
115
115
115
115
115
115
115
115
115
115
115
115
115
115
115
115
115
115
115
115
115
115
115
115
115
115
115
115
115
115
115
116
118
118
118
118
118
118
118
118
118
118
118
119
120
120
