6
6
6
6
6
6
6
6
6
6
6
8
8
8
8
8
8
8
8
8
8
8
8
8
8
10
10
10
10
10
10
10
11
11
11
11
11
11
11
12
12
12
12
12
12
12
13
13
13
13
13
13
13
13
13
14
14
14
14
14
14
14
14
14
15
15
15
15
15
15
15
16
16
16
16
16
16
16
17
17
17
17
17
17
17
19
19
19
19
19
19
19
19
19
19
19
20
20
20
20
20
20
20
20
20
20
20
22
22
22
22
22
22
22
23
24
24
24
24
25
25
25
25
27
27
27
27
27
27
27
27
27
27
27
29
29
29
29
29
29
29
29
30
31
31
31
31
34
34
34
34
34
34
34
34
34
34
34
34
34
34
34
34
34
34
36
36
36
36
36
36
36
36
36
36
36
38
38
38
38
38
38
38
38
38
38
38
38
38
39
40
40
40
40
40
40
40
40
40
41
43
43
43
43
43
43
43
43
44
46
46
46
46
46
46
46
46
46
46
47
48
48
48
48
48
48
48
48
48
50
50
50
50
50
50
50
50
50
50
50
50
50
51
52
52
53
53
53
53
53
53
53
53
53
53
54
55
55
55
55
55
55
55
55
56
57
57
57
59
59
59
59
59
59
59
60
61
61
61
61
61
61
61
61
61
61
61
61
61
61
61
61
61
62
63
65
65
66
66
66
66
66
66
66
66
66
66
66
66
66
66
66
66
66
66
66
66
66
66
66
66
66
66
66
66
66
66
67
68
68
68
68
68
68
68
68
68
68
68
68
68
70
70
70
70
70
70
70
70
70
70
70
72
72
72
72
72
72
72
72
72
72
73
74
74
74
74
74
74
74
75
77
77
77
77
77
77
77
79
79
79
79
79
81
81
81
81
81
81
81
81
81
81
83
83
83
83
83
83
83
85
85
85
85
85
85
85
85
85
85
86
88
88
89
89
89
89
89
89
89
90
91
91
91
91
91
91
91
91
91
92
92
92
92
92
92
92
92
92
92
92
92
92
92
92
92
92
92
92
92
92
92
92
92
93
95
95
96
96
96
96
96
96
96
97
98
98
98
98
98
98
99
100
100
