18
18
18
18
18
18
18
18
18
18
18
20
20
20
20
20
20
20
21
21
21
21
21
21
21
22
22
22
22
22
22
22
24
24
24
24
24
24
24
24
24
24
24
24
24
124
124
124
124
124
125
130
130
130
130
130
130
137
137
137
137
137
137
137
137
138
138
138
138
138
139
158
158
158
158
158
158
158
158
158
158
159
160
160
160
160
160
160
160
160
160
160
160
160
160
160
160
161
180
180
180
180
180
180
180
180
180
180
181
182
182
182
182
182
182
182
182
182
182
182
182
182
182
182
183
218
218
218
218
218
218
218
219
220
220
220
220
220
220
220
220
220
220
221
238
238
238
238
238
238
238
239
240
240
240
240
240
240
240
240
240
240
240
240
241
241
241
241
241
242
243
243
243
244
262
262
262
262
262
262
262
262
262
262
263
264
264
264
264
264
264
264
264
264
264
264
264
264
265
265
265
265
265
266
267
267
267
268
285
285
285
285
285
285
285
286
287
287
287
287
288
288
288
288
290
290
290
290
290
290
291
291
291
291
291
291
291
291
293
293
293
293
293
293
293
294
294
294
295
297
297
297
297
297
297
297
297
297
297
297
298
316
316
316
316
316
316
316
316
316
316
317
318
318
318
318
318
318
318
318
318
318
318
319
335
335
335
335
335
335
335
336
337
337
337
337
337
337
337
337
337
337
338
354
354
354
354
354
354
354
355
356
356
356
356
356
356
356
356
356
356
357
400
400
400
400
400
400
400
401
402
402
402
402
402
402
402
402
402
402
402
402
402
403
403
403
404
406
406
406
406
406
406
406
407
424
424
424
424
424
424
424
425
426
426
426
426
426
426
426
426
426
426
427
449
449
449
449
449
449
449
449
449
449
450
451
451
451
451
451
451
451
451
451
451
451
453
453
453
453
453
453
453
454
454
454
455
457
457
457
457
457
457
457
458
460
460
460
460
460
461
486
486
486
486
486
486
486
486
486
486
486
486
487
487
487
487
488
488
489
490
490
490
490
490
490
490
490
490
491
491
491
492
494
494
494
494
494
494
494
494
494
495
495
495
496
498
498
498
498
498
498
499
529
529
529
529
529
529
529
529
529
529
529
529
529
529
530
530
530
530
531
531
532
533
533
533
533
533
534
534
534
536
536
536
536
536
536
536
536
536
537
537
537
538
540
540
540
540
540
540
540
540
540
540
540
540
540
540
540
541
542
542
542
542
542
542
542
542
542
542
542
543
543
543
543
544
545
547
547
547
547
547
547
548
548
548
549
551
551
551
551
551
551
552
571
571
571
571
571
571
571
571
571
571
572
573
573
573
573
573
573
573
573
573
573
573
573
573
573
573
574
593
593
593
593
593
593
593
593
593
593
594
595
595
595
595
595
595
595
595
595
595
595
595
595
595
595
596
613
613
613
613
613
613
613
613
613
613
614
615
615
615
615
617
617
617
617
617
617
617
619
619
619
619
619
619
619
620
620
620
620
620
620
621
623
624
