18
18
18
18
18
18
18
18
18
18
18
18
18
20
20
20
20
20
20
20
21
21
21
21
21
21
21
22
22
22
22
22
22
22
23
23
23
23
23
23
23
24
24
24
24
24
24
24
25
25
25
25
25
25
25
26
26
26
26
26
26
26
27
27
27
27
27
27
27
28
28
28
28
28
28
28
30
30
30
30
30
30
30
30
30
30
30
31
31
31
31
31
31
31
31
31
31
31
31
31
32
32
32
32
32
32
32
32
32
32
32
32
32
33
33
33
33
33
33
33
33
33
33
33
33
33
34
34
34
34
34
34
34
34
34
34
34
34
34
42
42
42
42
43
45
45
45
45
45
45
45
45
45
45
45
46
47
47
47
47
48
48
48
48
49
49
49
49
50
50
50
50
51
51
51
51
52
52
52
53
53
53
53
53
53
53
53
53
53
53
53
53
53
54
54
54
54
55
55
55
55
55
56
56
56
56
57
57
57
57
58
58
58
58
60
60
60
60
60
60
60
60
61
62
62
62
62
62
62
62
62
62
63
63
63
63
63
63
63
64
66
66
66
66
66
66
66
68
68
68
68
68
68
68
68
68
68
68
68
68
68
70
71
72
72
72
72
72
72
72
72
72
73
73
73
73
73
73
73
73
75
75
75
75
75
75
75
75
77
77
77
77
77
77
77
77
77
78
78
78
78
78
78
78
78
80
80
80
80
80
80
80
80
82
82
82
82
82
82
82
82
82
83
83
83
83
83
83
83
83
85
85
85
85
85
85
85
85
87
87
87
87
87
87
87
87
87
87
87
87
90
90
90
90
91
92
92
92
92
92
92
92
92
92
93
93
93
93
93
93
93
93
95
95
95
95
95
95
95
95
97
97
97
97
97
97
97
97
97
97
97
97
97
98
98
99
101
101
101
101
101
101
101
101
101
101
101
102
102
102
102
102
102
102
102
102
102
102
103
105
105
105
105
105
105
105
105
105
106
106
106
106
106
106
106
106
108
108
108
108
108
108
108
108
110
111
112
112
112
112
112
112
112
112
113
114
114
114
114
114
114
115
116
116
116
116
116
116
116
116
116
116
116
116
116
116
116
117
119
119
119
119
119
119
119
120
120
120
120
120
120
120
121
121
121
121
121
121
121
121
121
121
121
121
123
123
123
123
123
123
123
125
125
125
125
125
125
125
125
125
125
125
125
125
125
126
127
127
127
127
127
127
128
128
128
128
128
128
128
128
128
129
129
129
129
129
129
129
130
132
132
132
132
132
132
134
134
134
134
134
134
134
135
135
135
135
135
135
135
139
139
139
139
139
139
139
139
139
140
140
140
140
140
140
140
141
143
143
143
143
143
143
143
143
145
145
145
145
145
145
146
147
147
147
147
147
147
147
147
147
147
147
148
148
148
148
148
148
148
148
148
149
149
149
149
149
149
150
150
150
150
150
150
151
153
153
153
153
153
153
153
154
154
154
154
154
154
155
157
157
157
157
157
157
159
159
159
159
159
159
160
161
161
161
161
161
161
162
163
163
163
163
163
163
164
164
164
164
164
164
164
165
166
167
170
