18
18
18
18
18
18
18
18
18
18
18
20
20
20
20
20
20
20
21
21
21
21
21
21
21
44
44
44
44
44
44
45
47
47
47
58
58
58
58
58
58
58
58
59
60
60
60
60
60
60
60
60
60
60
60
60
61
61
61
61
61
61
61
62
62
62
62
62
62
64
64
64
64
64
64
64
64
66
66
66
66
66
66
66
66
66
66
66
66
67
67
67
67
67
67
67
68
70
70
70
70
70
70
70
70
70
70
70
70
70
70
70
70
70
70
70
70
70
70
70
70
70
70
70
70
70
71
81
81
81
81
81
81
81
81
81
81
81
81
81
81
81
82
83
83
83
83
83
83
83
83
83
83
83
84
84
84
84
84
84
85
92
92
92
92
92
93
94
94
94
95
109
109
110
110
110
110
110
111
112
112
112
112
112
112
114
114
114
114
114
114
114
114
115
115
115
115
115
115
115
116
116
116
116
116
116
116
116
116
116
117
117
117
117
117
117
117
117
117
117
117
117
117
117
117
117
117
117
117
118
118
118
118
118
118
118
118
118
118
118
118
118
118
120
120
120
120
120
120
120
120
120
120
120
120
120
120
120
121
135
135
136
136
136
136
136
136
136
136
136
136
136
136
136
137
138
138
138
138
138
138
138
139
139
139
139
139
139
139
139
139
139
140
140
140
140
140
140
140
140
140
140
140
140
140
140
140
140
140
140
140
141
141
141
141
141
141
141
141
141
141
141
141
141
141
143
143
143
143
143
143
143
144
144
144
144
144
144
144
145
145
145
145
145
145
145
146
146
146
146
146
146
146
148
148
148
149
157
157
157
157
157
157
157
157
158
159
159
159
159
159
159
160
166
166
167
167
167
167
167
167
168
168
168
168
168
168
168
168
168
168
168
169
170
172
