18
18
18
18
18
18
18
18
18
18
18
20
20
20
20
20
20
20
21
21
21
21
21
21
21
22
22
22
22
22
22
22
24
24
24
24
24
24
24
24
24
24
24
25
25
25
25
25
25
25
25
25
25
25
25
25
40
40
40
40
40
41
43
43
43
43
43
43
43
43
45
45
45
45
45
47
47
47
47
48
49
49
49
49
49
49
49
49
49
49
49
49
50
61
61
61
61
61
61
61
61
61
61
61
61
61
61
61
61
62
63
63
63
63
63
63
63
63
63
63
63
63
63
64
76
76
76
76
76
76
76
76
76
76
76
76
76
76
76
76
76
76
77
77
78
79
79
79
79
79
79
79
79
79
79
79
80
94
94
94
94
94
94
94
94
94
94
94
94
94
94
94
94
94
94
94
94
94
94
95
95
96
97
97
97
97
97
97
97
98
98
98
98
98
98
98
99
99
99
99
99
99
99
100
100
100
100
100
100
100
101
101
101
101
101
101
101
102
104
106
