18
18
18
18
18
18
18
18
18
18
18
20
20
20
20
20
20
20
21
21
21
21
21
21
21
22
22
22
22
22
22
22
39
39
39
39
39
39
40
41
41
41
41
49
49
49
49
49
49
49
50
51
51
51
51
51
52
52
52
52
53
61
61
62
62
62
62
62
62
63
63
64
65
65
65
65
65
65
66
67
67
67
67
67
67
68
68
69
71
71
71
71
71
72
72
72
72
72
72
72
73
74
74
74
74
74
74
75
85
85
86
86
86
86
86
86
86
86
86
86
86
87
87
88
89
89
89
89
89
89
89
89
89
89
89
90
103
103
104
104
104
104
104
104
104
104
104
104
104
104
104
104
104
104
104
105
105
106
107
107
107
107
107
107
108
111
111
111
111
111
111
111
111
111
111
111
112
112
113
115
115
115
115
115
115
115
115
116
116
116
116
116
116
116
116
116
117
118
133
133
134
134
134
134
134
134
134
134
134
135
135
136
137
137
137
137
137
137
138
139
139
139
139
139
139
139
140
140
141
143
143
143
143
143
144
147
147
147
147
147
147
147
147
147
147
148
149
149
149
149
150
151
151
151
152
152
152
152
154
154
155
155
155
156
156
156
156
157
158
158
158
158
158
158
158
158
158
159
159
159
159
160
160
161
162
162
162
162
162
162
162
163
163
164
164
165
165
165
165
166
167
167
167
167
167
167
167
168
168
168
168
169
170
170
170
170
170
170
170
171
171
172
173
174
175
