18
18
18
18
18
18
18
18
18
18
18
18
18
20
20
20
20
20
20
20
21
21
21
21
21
21
21
23
23
23
23
23
23
23
23
23
23
23
24
24
24
24
24
24
24
24
24
24
24
24
24
38
38
38
38
39
41
41
41
41
41
41
41
41
41
41
41
41
41
41
42
42
42
42
42
42
42
42
43
44
44
44
44
44
44
45
45
45
46
46
46
46
46
46
46
46
46
47
47
47
47
47
47
47
48
50
50
50
50
50
50
50
50
50
50
50
50
50
50
53
53
53
53
53
53
53
53
53
53
53
53
53
53
53
56
56
56
56
56
56
56
56
56
56
56
56
56
56
56
58
58
59
59
59
59
59
59
59
61
61
61
61
61
61
63
63
63
63
63
63
63
65
65
65
65
65
65
65
67
67
67
67
67
67
67
67
67
67
67
67
67
67
67
69
69
69
69
69
69
69
69
69
71
71
71
71
71
71
71
71
72
72
72
72
72
72
72
72
72
72
72
72
72
73
73
73
73
73
73
74
74
74
74
74
74
74
75
75
76
76
76
77
77
77
77
77
77
78
78
78
78
78
78
79
80
81
84
