17
17
17
17
17
17
17
17
17
17
17
17
17
17
17
19
19
19
19
19
19
19
20
20
20
20
20
20
20
22
22
22
22
22
22
22
22
22
22
22
23
23
23
23
23
23
23
23
23
23
23
23
23
23
23
24
24
24
24
24
24
24
24
24
24
24
24
24
24
24
30
30
30
30
30
30
30
31
31
31
31
31
32
32
32
32
32
33
33
33
33
33
34
34
34
34
35
35
35
35
43
43
43
44
44
44
44
45
45
45
45
46
46
46
46
46
47
47
47
47
47
47
48
48
48
48
48
48
49
49
49
49
49
49
50
57
57
57
58
58
58
58
58
58
60
60
61
61
61
61
61
61
62
62
62
63
65
65
66
66
66
66
66
66
66
66
66
67
67
67
67
67
67
67
68
68
68
68
69
71
71
71
71
71
71
71
71
71
71
71
71
71
71
71
72
72
72
73
74
74
74
74
74
74
75
75
75
76
78
78
79
79
79
79
79
79
80
80
80
80
80
80
80
81
81
81
82
83
83
83
83
83
83
83
83
83
83
83
83
83
84
89
89
89
89
89
89
90
90
90
90
90
90
90
91
91
91
91
91
91
91
91
91
91
91
91
91
92
92
92
92
92
92
92
92
92
92
93
93
93
93
93
93
93
93
93
93
93
93
93
93
93
94
94
94
94
94
94
94
95
95
95
95
95
95
95
95
95
95
96
96
96
96
96
96
96
96
96
98
98
98
98
98
98
98
98
98
98
98
98
98
98
98
98
98
98
99
99
99
99
99
99
99
99
99
99
100
100
100
100
100
101
101
101
101
101
101
101
101
101
102
103
103
104
104
104
104
104
104
104
105
106
107
108
108
108
108
108
108
108
109
109
109
109
109
109
109
109
109
109
109
110
110
110
110
110
110
110
110
111
111
111
111
112
112
112
112
112
113
114
114
114
114
114
114
114
114
114
114
114
115
115
115
115
115
115
116
116
116
116
116
116
116
116
116
116
116
116
116
117
118
118
119
119
119
119
119
119
119
120
121
122
123
124
125
