17
17
17
17
17
17
17
17
17
17
17
17
17
19
19
19
19
19
19
19
20
20
20
20
20
20
20
21
21
21
21
21
21
21
23
23
23
23
23
23
23
23
23
23
23
23
23
24
24
24
24
24
24
24
24
24
24
24
24
24
25
25
25
25
25
25
25
25
25
25
25
25
25
25
25
26
26
26
26
26
26
26
26
26
26
26
26
26
26
26
32
32
32
32
32
32
32
38
38
38
38
38
38
38
38
38
38
39
39
39
39
39
40
42
42
43
43
43
43
43
43
43
43
43
43
44
44
44
44
44
44
44
44
44
44
44
44
44
44
44
44
44
44
44
44
44
44
44
45
45
45
45
45
45
45
45
45
46
48
48
49
49
49
49
49
49
49
50
50
50
51
53
53
54
54
54
54
54
54
54
55
55
55
56
63
63
63
63
63
63
63
63
63
71
71
71
71
71
71
71
71
71
71
71
72
72
72
72
72
72
72
73
73
73
73
73
73
73
75
75
75
75
75
75
75
76
76
76
76
76
76
76
76
76
76
76
77
78
78
78
78
78
78
78
79
79
79
79
79
79
79
79
79
79
79
80
81
81
81
81
81
81
81
81
81
81
81
82
82
82
82
82
82
82
82
82
82
82
82
82
82
83
84
84
84
84
84
84
84
85
85
85
85
85
85
85
85
85
85
85
86
87
87
87
87
87
87
87
88
88
88
88
88
88
88
88
88
88
88
89
90
90
90
90
90
90
90
90
90
90
90
91
91
91
91
91
91
91
91
91
91
92
92
92
93
94
94
94
94
94
94
94
94
94
94
94
95
95
95
95
95
95
95
95
95
95
96
96
96
97
98
98
98
98
98
98
98
98
98
98
98
98
98
98
98
98
98
98
98
99
106
106
106
106
106
106
106
106
107
107
107
107
107
107
107
108
108
108
108
108
108
108
108
108
108
108
108
108
109
110
110
110
110
110
110
110
111
111
111
111
111
111
111
111
111
111
111
111
111
112
113
113
113
114
122
122
122
122
122
122
122
122
122
122
122
122
122
123
123
123
123
123
123
123
123
123
124
124
124
124
124
124
124
124
124
124
125
125
125
125
125
125
125
125
125
125
126
126
126
127
128
129
129
129
130
138
138
138
138
138
138
138
138
138
138
138
138
138
139
139
139
139
139
139
139
139
139
140
140
140
140
140
140
140
140
140
140
141
141
141
141
141
141
141
141
141
141
142
142
142
143
144
145
145
145
146
154
154
154
154
154
154
154
154
154
154
154
154
154
155
155
155
155
155
155
155
155
155
156
156
156
156
156
156
156
156
156
157
157
157
157
157
157
157
157
157
157
157
158
159
159
159
159
159
159
159
159
159
160
160
160
160
160
160
160
160
160
160
160
160
160
160
160
160
160
160
161
161
161
162
163
164
164
164
165
167
168
