18
18
18
18
18
18
18
18
18
18
18
20
20
20
20
20
20
20
21
21
21
21
21
21
21
22
22
22
22
22
22
22
23
23
23
23
23
23
23
24
24
24
24
24
24
24
25
25
25
25
25
25
25
25
25
27
27
27
27
27
27
27
27
27
27
27
28
28
28
28
28
28
28
28
28
28
28
28
28
29
29
29
29
29
29
29
29
29
29
29
29
29
67
67
67
67
67
68
72
72
72
72
72
72
72
72
77
77
77
77
77
77
77
77
79
79
79
79
87
87
87
87
93
93
93
93
94
95
95
95
95
96
96
96
96
96
97
102
102
102
102
102
102
103
104
104
104
104
105
105
105
105
107
107
107
107
107
107
107
107
107
107
107
107
107
107
107
109
109
109
109
109
109
109
109
109
109
109
109
109
109
109
109
109
109
109
109
109
109
109
110
110
110
110
110
110
110
111
111
111
111
111
111
113
113
113
113
113
113
113
113
114
114
114
114
114
114
116
116
116
116
116
116
116
116
116
116
117
118
118
118
118
118
118
119
119
119
119
120
120
121
121
121
121
121
121
121
121
121
121
121
122
124
124
124
124
124
124
124
124
124
124
124
124
124
125
134
134
135
135
135
135
135
135
135
136
137
137
137
137
137
137
137
138
138
138
138
138
138
139
140
140
140
140
141
141
141
141
141
141
142
155
155
155
155
155
156
157
157
157
158
169
169
169
169
169
170
171
171
171
172
183
183
183
183
183
184
185
185
185
186
196
196
196
196
196
196
197
198
198
198
199
208
208
208
208
208
208
208
208
208
208
208
208
209
209
209
209
210
210
211
212
212
212
212
212
212
212
212
212
212
212
213
248
248
248
248
248
248
248
248
248
248
248
248
249
249
249
249
249
249
249
249
250
250
251
252
252
252
254
254
254
254
255
256
256
256
256
256
256
257
258
259
260
260
260
260
260
260
260
261
263
263
263
263
263
263
263
263
263
263
263
263
263
263
264
264
264
264
264
264
264
265
265
265
265
265
265
265
265
265
265
265
265
265
265
266
266
266
266
266
266
266
267
267
267
267
267
267
267
267
267
267
267
267
267
267
268
268
268
268
268
268
268
269
269
269
269
269
269
271
271
271
271
271
271
271
271
272
272
272
272
272
272
272
273
273
273
273
273
273
273
273
273
275
275
275
275
275
275
275
275
275
275
275
275
275
275
275
275
275
275
275
275
275
276
276
276
276
276
276
276
276
276
276
277
279
279
279
279
279
279
279
279
279
279
279
280
281
281
281
281
281
281
281
282
282
282
282
282
282
282
283
284
295
295
295
295
295
295
295
295
295
296
297
297
297
297
298
300
302
