6
6
6
6
6
6
6
6
6
6
6
8
8
8
8
8
8
8
9
9
9
9
9
9
9
10
10
10
10
10
10
10
11
11
11
11
11
11
11
11
11
12
12
12
12
12
12
12
12
12
13
13
13
13
13
13
13
14
14
14
14
14
14
14
15
15
15
15
15
15
15
17
17
17
17
17
17
17
17
17
17
17
18
18
18
18
18
18
18
18
18
18
18
20
20
20
20
20
20
20
21
22
22
22
22
24
24
24
24
24
24
24
24
24
24
24
26
26
26
26
26
26
26
26
27
28
28
28
28
30
30
30
30
30
30
30
30
30
30
30
30
30
30
30
32
32
32
32
32
32
32
32
32
32
32
32
32
33
34
34
34
34
34
34
34
34
34
34
34
34
34
36
36
36
36
36
36
36
36
36
36
36
36
36
37
38
38
38
38
38
38
38
38
38
39
40
42
42
42
42
42
42
42
42
43
45
45
46
46
46
46
46
46
46
46
46
46
46
46
46
46
46
46
46
46
46
46
46
46
47
47
48
49
49
49
49
49
49
49
49
49
49
49
49
49
51
51
51
51
51
51
51
51
51
51
51
51
51
53
53
53
53
53
53
53
53
53
53
53
55
55
55
55
55
55
55
55
55
55
55
55
55
55
55
55
55
55
55
55
55
55
55
57
57
57
57
57
57
57
59
59
59
59
59
59
59
59
59
59
60
61
61
61
61
61
61
61
63
63
63
63
63
63
63
63
63
63
64
66
66
66
66
66
66
66
67
68
68
68
68
68
68
68
68
68
68
68
69
71
71
71
71
71
71
71
71
72
73
73
