6
6
6
6
6
6
6
6
6
6
6
8
8
8
8
8
8
8
8
8
8
8
8
8
8
10
10
10
10
10
10
10
11
11
11
11
11
11
11
12
12
12
12
12
12
12
13
13
13
13
13
13
13
13
13
14
14
14
14
14
14
14
14
14
15
15
15
15
15
15
15
17
17
17
17
17
17
17
17
17
17
17
18
18
18
18
18
18
18
18
18
18
18
20
20
20
20
20
20
20
21
25
25
25
25
27
27
27
27
27
27
27
27
27
27
27
27
27
27
27
27
27
29
29
29
29
29
29
29
29
30
31
31
31
31
33
33
33
33
33
33
33
33
33
33
33
33
33
35
35
35
35
35
35
35
35
35
35
35
35
35
36
37
37
37
37
37
37
37
37
37
38
40
40
40
40
40
40
40
40
41
43
43
44
44
44
44
44
44
44
44
44
44
44
44
44
44
44
44
44
44
44
44
44
44
44
44
44
44
44
44
44
44
44
44
44
44
44
44
45
45
46
47
47
47
47
47
47
47
47
47
47
47
47
47
49
49
49
49
49
49
49
49
49
49
49
49
49
51
51
51
51
51
51
51
51
51
51
51
51
51
51
52
52
52
52
52
52
52
54
54
54
54
54
54
54
54
54
54
54
61
61
61
61
61
61
61
63
63
63
63
63
63
63
63
63
63
64
65
65
65
65
65
65
65
67
67
67
67
67
67
67
67
67
67
68
70
70
70
70
70
70
70
71
72
72
72
72
72
72
72
72
72
72
72
73
75
75
75
75
75
75
75
75
75
75
76
77
77
