18
18
18
18
18
18
18
18
18
20
20
20
20
20
20
20
21
21
21
21
21
21
21
22
22
22
22
22
22
22
23
23
23
23
23
23
23
25
25
25
25
25
25
25
25
25
25
25
25
25
25
43
43
43
43
43
43
43
43
57
57
57
57
57
57
60
60
60
60
63
63
63
63
66
66
66
66
69
69
69
69
72
72
72
72
75
75
75
75
78
78
78
78
78
78
81
81
81
81
81
81
81
81
81
81
81
84
84
84
84
92
92
92
92
92
92
92
92
92
92
93
93
93
93
93
94
102
102
102
102
102
102
102
102
102
103
103
103
103
103
103
104
104
104
105
113
113
113
113
113
113
114
114
114
114
114
114
114
114
114
114
114
115
115
115
115
115
115
115
116
117
117
117
117
117
117
117
118
126
126
126
126
126
126
126
126
126
127
127
127
127
127
127
128
128
128
129
136
136
136
136
136
136
137
137
137
137
137
137
138
146
146
146
146
146
146
146
146
146
148
148
148
148
148
148
148
148
148
148
149
149
149
150
157
157
157
157
157
157
158
158
158
158
158
158
159
159
159
160
168
168
168
168
168
168
168
168
168
169
169
169
169
169
169
170
170
170
171
179
179
179
179
179
179
179
179
179
180
180
180
180
180
180
181
181
181
182
192
192
192
192
192
192
192
192
192
192
192
193
193
193
193
193
193
193
193
193
193
193
194
194
194
195
203
203
203
203
203
203
203
203
203
204
204
204
204
204
204
205
205
205
206
213
213
213
213
213
213
214
214
214
214
214
214
215
223
223
223
223
223
223
223
223
223
224
224
224
224
224
224
225
225
225
226
234
234
234
234
234
234
234
234
234
234
234
234
235
235
235
235
235
235
236
236
236
237
244
244
244
244
244
244
245
245
245
245
245
245
246
268
268
268
268
268
268
268
268
268
269
269
269
269
270
270
270
271
272
275
275
275
275
275
275
275
275
275
278
278
278
278
278
278
278
278
278
281
281
281
281
281
281
281
281
289
289
289
289
289
289
289
290
290
290
290
290
290
291
301
301
301
301
301
301
301
301
301
301
302
302
302
302
302
302
302
303
306
306
306
306
306
309
309
309
309
312
312
312
312
315
315
315
315
318
318
318
318
321
321
321
321
324
324
324
324
324
324
327
327
327
327
327
327
327
327
327
327
327
330
330
330
330
330
330
330
330
330
330
330
330
330
330
333
333
333
333
340
340
340
340
340
340
340
340
341
341
341
341
341
341
341
341
342
342
342
342
342
342
342
342
343
343
343
343
343
343
343
343
344
344
344
344
344
344
344
344
345
345
345
345
345
345
345
345
346
346
346
346
346
346
346
346
347
347
347
347
347
347
347
347
348
348
348
348
348
348
348
348
349
349
349
349
349
349
349
349
350
361
361
361
361
361
361
361
361
361
361
361
361
361
361
361
361
361
361
362
362
362
362
362
362
362
362
362
362
362
363
373
373
373
373
373
373
373
373
373
373
373
373
373
373
374
374
374
374
374
374
374
374
374
374
374
375
387
387
387
387
387
387
387
387
387
387
387
387
387
387
387
387
387
387
387
387
387
387
389
389
389
389
389
389
389
389
389
389
389
390
390
390
390
390
390
393
393
393
393
393
394
394
394
394
394
394
395
397
397
397
397
397
397
398
406
406
406
406
406
407
407
407
407
407
407
407
407
407
407
407
407
407
407
407
407
407
407
407
407
407
407
407
407
407
407
407
407
407
408
418
418
418
418
418
418
418
418
418
419
419
419
419
419
419
419
419
420
420
420
420
420
420
420
421
424
424
424
424
424
424
424
425
436
436
437
437
437
437
437
437
437
437
437
438
438
438
438
439
439
439
439
439
440
447
447
447
447
447
447
447
447
448
448
448
448
448
448
448
449
449
449
449
449
449
449
450
451
451
451
451
451
452
460
460
460
460
460
461
461
461
461
461
461
462
473
473
474
474
474
474
474
474
475
475
476
476
476
476
476
476
476
476
476
476
476
476
476
477
477
477
477
477
477
477
477
477
477
477
477
478
478
478
479
479
479
479
479
479
479
479
480
480
480
480
480
480
480
480
480
480
480
480
480
481
482
484
484
485
485
485
485
485
485
485
485
485
486
486
486
486
486
486
486
487
487
487
488
489
489
489
489
489
489
489
489
489
489
490
490
490
491
492
492
492
492
492
492
492
492
492
493
493
493
493
493
493
493
493
493
493
493
493
493
493
493
493
493
493
493
493
493
493
493
494
501
501
501
501
501
501
502
502
502
503
518
518
518
518
518
518
519
519
519
520
527
527
527
527
527
527
528
528
528
529
537
537
537
537
537
537
538
538
538
538
538
538
538
538
538
538
539
546
546
546
546
546
548
548
548
548
548
548
548
548
548
549
556
556
556
556
556
556
557
557
557
558
568
568
568
568
568
568
569
569
569
570
577
577
577
577
577
577
578
578
578
579
586
586
586
586
586
586
587
587
587
587
587
587
587
587
587
587
587
587
587
587
588
599
599
599
599
599
599
599
599
599
599
599
600
600
600
600
600
600
600
600
600
600
600
600
600
600
601
610
610
610
610
610
610
610
610
610
611
611
611
611
611
611
611
611
613
613
613
613
613
613
613
613
613
614
621
621
621
621
621
621
621
621
622
622
622
622
622
622
622
622
622
622
622
622
622
622
623
630
630
630
630
630
630
631
631
631
632
639
639
639
639
639
639
639
639
639
640
640
640
641
648
648
648
648
648
648
649
649
649
649
649
649
649
649
649
650
657
657
657
657
657
657
658
658
658
658
658
658
658
658
658
658
658
658
659
666
666
666
666
666
666
667
667
667
667
667
667
667
667
667
668
670
670
671
671
671
671
671
671
672
672
672
672
672
672
672
672
672
672
673
680
680
680
680
680
680
681
681
681
681
681
682
689
689
689
689
689
689
690
690
690
690
690
690
690
691
696
696
696
696
696
696
697
697
697
698
706
706
706
706
706
706
707
707
707
707
707
708
715
715
715
715
715
715
716
716
716
717
728
728
728
728
728
728
728
728
730
730
730
730
730
730
730
732
732
732
732
732
732
732
732
735
735
735
735
735
735
735
735
735
735
738
738
738
738
738
738
738
738
740
740
740
740
740
740
740
740
740
740
740
740
740
741
741
742
745
745
745
745
745
745
745
745
745
745
745
745
748
748
748
748
748
748
748
748
748
748
748
751
751
751
751
751
751
751
751
751
752
753
756
756
756
756
756
757
765
765
765
765
765
766
766
766
766
766
767
767
767
768
769
769
769
769
769
769
769
770
770
770
770
770
770
770
771
772
772
772
772
772
773
780
780
780
780
780
780
780
780
780
781
781
781
781
781
781
782
789
789
789
789
789
789
789
789
789
790
790
790
790
790
790
791
799
799
799
799
799
799
799
799
799
800
800
800
800
800
800
801
808
808
808
808
808
808
808
808
808
809
809
809
809
809
809
810
817
817
817
817
817
817
817
817
817
818
818
818
818
818
818
819
826
826
826
826
826
826
826
826
826
827
827
827
827
827
827
828
836
836
836
836
836
836
836
836
836
836
836
836
837
837
837
837
837
837
838
850
850
851
851
851
851
851
851
851
851
851
852
852
852
852
852
852
852
852
852
852
852
853
860
860
860
860
860
860
860
860
860
861
861
861
861
861
861
862
869
869
870
870
870
870
870
870
871
871
871
871
871
871
871
871
871
871
871
871
871
871
873
873
873
873
873
873
873
875
875
875
875
875
875
875
876
876
876
876
876
876
876
876
876
876
876
876
877
879
879
879
879
879
879
879
881
881
881
881
881
881
881
882
882
882
882
882
882
882
883
883
883
883
883
883
883
883
883
884
884
884
884
884
884
884
885
887
887
887
887
887
887
887
887
887
887
887
887
889
889
889
889
889
889
889
890
890
890
890
890
890
890
890
890
890
890
890
891
893
893
893
893
893
893
893
895
895
895
895
895
895
895
896
897
898
