1
1
1
1
1
1
1
1
1
1
1
3
3
3
3
3
3
3
5
5
5
5
5
5
5
5
5
5
5
6
6
6
6
6
6
6
6
6
6
6
7
7
7
7
7
7
7
7
7
7
7
7
7
8
8
8
8
8
8
8
8
8
8
8
8
8
9
9
9
9
9
9
9
9
9
9
9
9
9
10
10
10
10
10
10
10
10
10
10
10
10
10
11
11
11
11
11
11
11
11
11
11
11
11
11
12
12
12
12
12
12
12
12
12
12
12
12
12
12
12
14
14
14
14
14
14
14
14
14
14
14
14
14
14
14
26
26
26
27
27
27
27
28
28
28
28
28
28
29
30
30
30
30
30
30
30
30
32
32
32
32
32
32
32
32
32
32
33
33
33
33
33
33
33
34
42
42
43
43
43
43
43
43
43
43
43
43
43
43
44
45
45
45
45
45
45
45
45
45
46
46
46
46
46
46
46
47
47
47
47
47
47
47
47
47
48
49
49
49
50
52
52
53
53
53
53
53
53
53
54
56
56
56
56
56
56
56
56
56
56
56
56
56
56
56
57
57
57
57
57
57
57
57
58
59
59
59
59
59
59
59
59
59
60
60
60
61
63
63
64
64
64
64
64
64
64
64
64
64
65
65
65
65
65
65
66
66
66
66
66
66
66
66
66
66
66
66
67
68
68
68
68
68
68
68
69
69
69
70
72
72
72
72
72
73
73
73
74
74
74
74
74
74
74
74
74
74
74
74
74
74
75
75
75
75
75
75
76
76
76
77
77
77
77
77
77
77
77
77
77
77
77
77
77
78
78
78
78
78
78
79
79
80
81
81
81
81
81
81
81
81
81
81
81
81
81
81
81
81
81
81
82
83
84
