1
1
1
1
1
1
1
1
1
1
1
1
1
3
3
3
3
3
3
3
4
4
4
4
4
4
4
5
5
5
5
5
5
5
7
7
7
7
7
7
7
7
7
9
9
9
9
9
9
9
9
9
9
9
10
10
10
10
10
10
10
10
10
10
10
11
11
11
11
11
11
11
11
11
11
11
12
12
12
12
12
12
12
12
12
12
12
13
13
13
13
13
13
13
13
13
13
13
14
14
14
14
14
14
14
14
14
14
14
16
16
16
17
27
27
28
28
28
28
28
28
28
28
28
28
28
28
28
29
30
30
30
30
30
30
30
30
31
31
31
31
31
31
31
32
37
37
37
37
37
37
37
37
37
37
37
38
38
38
38
38
39
40
40
40
40
40
40
40
40
41
41
41
41
41
41
41
41
41
41
41
41
41
41
41
41
42
47
47
47
47
47
47
47
47
47
47
47
48
48
48
48
48
49
50
50
50
50
50
50
50
50
51
51
51
51
51
51
51
51
51
51
51
51
51
51
51
51
52
54
54
54
54
54
54
54
54
54
55
55
55
55
55
55
55
55
55
55
55
56
56
56
56
56
56
56
56
57
58
58
58
58
58
58
58
58
58
58
58
58
59
59
59
59
59
59
59
59
59
59
59
59
60
60
60
61
63
63
63
63
63
63
63
63
63
63
63
63
64
64
64
64
64
64
64
64
64
65
65
65
65
65
65
65
66
66
66
66
66
66
66
66
67
68
68
68
69
76
76
76
76
76
76
76
76
77
80
80
80
80
80
80
80
81
81
81
82
84
84
84
85
85
85
85
85
87
87
87
87
87
87
87
87
87
87
88
88
89
89
89
89
89
89
89
89
89
89
89
89
89
89
89
89
89
90
90
90
91
91
91
91
91
91
91
91
91
91
91
92
92
92
92
92
92
92
92
94
94
94
94
94
94
94
94
94
94
95
95
95
95
95
95
95
96
96
96
97
97
97
97
97
97
97
98
99
99
99
100
100
100
100
100
100
100
100
101
102
102
102
102
102
102
102
102
102
102
102
102
102
102
102
102
102
102
102
102
102
102
102
103
103
103
103
103
103
103
103
103
103
104
104
104
104
104
104
104
104
105
105
105
105
105
105
105
105
105
105
105
105
106
106
106
106
106
106
106
106
106
106
106
106
107
107
107
107
107
107
107
107
107
107
107
107
108
108
108
108
108
108
108
108
108
108
108
108
108
108
108
108
110
110
110
111
111
111
111
111
111
111
112
112
112
112
112
112
112
112
112
113
113
113
114
114
114
114
114
114
114
114
114
115
116
117
117
117
117
117
117
117
118
118
118
119
120
120
120
120
120
120
120
121
134
134
134
134
134
134
134
134
134
134
134
134
134
134
134
134
134
135
135
135
135
135
135
135
135
135
135
136
141
141
141
141
141
141
141
141
141
143
143
144
144
144
144
144
144
144
144
144
144
144
144
144
144
144
144
145
145
145
145
145
145
145
147
147
147
147
147
147
147
148
149
154
154
154
154
154
154
154
154
154
156
156
157
157
157
157
157
157
157
157
157
157
157
157
157
157
157
157
158
158
158
158
158
158
158
160
160
160
160
160
160
160
161
162
164
164
164
164
164
165
165
165
165
165
165
165
165
165
165
165
167
167
167
167
167
167
167
167
167
167
167
167
167
167
167
167
167
168
168
168
168
168
168
168
168
169
170
170
170
170
170
170
170
170
170
170
170
170
170
170
170
170
170
170
170
170
170
170
170
170
170
171
171
171
171
171
171
171
171
171
171
171
171
172
172
172
172
172
172
172
172
172
172
172
172
172
173
173
173
173
173
173
173
173
173
173
173
173
174
174
174
174
174
174
174
174
174
174
174
174
174
175
175
175
175
175
175
175
175
175
175
175
175
175
175
175
175
175
175
175
175
175
175
175
175
175
176
178
178
178
178
178
179
181
181
181
181
181
181
181
181
181
181
181
181
181
181
181
181
182
182
182
182
182
182
182
182
182
182
182
182
182
182
182
182
182
182
182
182
182
182
183
183
183
183
183
183
183
187
187
187
187
187
187
187
187
187
187
187
187
187
187
187
187
188
189
189
189
190
191
192
193
