18
18
18
18
18
18
18
18
18
18
18
18
18
20
20
20
20
20
20
20
21
21
21
21
21
21
21
23
23
23
23
23
23
23
23
23
23
23
24
24
24
24
24
24
24
24
24
24
24
24
24
25
25
25
25
25
25
25
25
25
25
25
25
25
26
26
26
26
26
26
26
26
26
26
26
26
26
31
31
31
31
33
33
33
33
33
33
33
33
33
33
33
33
34
34
34
34
36
36
36
36
36
36
36
36
37
37
37
37
37
37
37
38
38
38
38
38
38
38
38
38
39
39
39
39
39
39
39
40
42
42
42
42
42
42
42
43
43
43
43
43
43
43
43
43
43
43
43
43
43
43
43
43
43
43
43
43
43
43
43
43
43
43
43
43
43
43
43
44
46
46
46
46
46
48
48
48
48
48
49
49
49
49
49
49
49
50
50
50
50
50
50
50
50
50
50
50
50
50
50
50
50
50
50
50
51
53
53
53
53
53
53
53
53
53
53
53
53
53
53
53
53
53
54
54
55
55
55
55
55
55
55
58
58
58
58
58
58
58
58
58
58
58
59
59
59
59
59
59
59
59
59
59
59
59
59
60
60
60
60
60
61
61
61
61
61
61
61
61
61
62
62
62
63
63
63
63
63
63
63
63
63
63
63
63
63
63
63
64
65
68
68
68
68
68
68
68
68
68
69
69
69
69
69
69
69
69
69
70
70
70
70
70
70
70
70
70
70
71
71
71
71
71
71
71
71
72
72
72
72
72
72
72
72
72
72
72
72
72
72
72
72
74
74
74
74
74
74
74
74
74
75
75
75
75
75
75
75
75
75
76
76
76
76
76
76
76
76
76
76
76
76
76
76
76
77
77
77
78
78
78
78
78
78
78
78
78
78
78
78
78
79
80
83
83
83
83
83
83
83
83
83
83
83
83
83
84
84
84
84
84
84
84
84
84
85
85
85
85
85
85
85
85
85
85
85
85
85
86
88
88
88
88
88
88
88
88
89
89
89
89
89
89
90
91
93
94
