6
6
6
6
6
6
6
6
6
6
6
8
8
8
8
8
8
8
8
8
8
8
8
8
8
9
9
9
9
9
9
9
9
9
9
9
9
9
9
10
10
10
10
10
10
10
10
10
10
10
10
10
10
12
12
12
12
12
12
12
13
13
13
13
13
13
13
14
14
14
14
14
14
14
15
15
15
15
15
15
15
16
16
16
16
16
16
16
17
17
17
17
17
17
17
19
19
19
19
19
19
19
19
19
19
19
19
19
21
21
21
22
23
23
23
23
23
23
23
23
23
23
23
23
23
23
23
23
25
25
25
25
25
25
25
26
27
27
27
27
27
27
27
27
27
27
29
29
29
29
29
29
30
31
31
31
31
32
33
34
35
35
35
36
38
38
38
38
38
38
38
38
38
39
41
41
41
41
41
41
41
41
41
41
42
43
43
43
43
43
43
43
43
45
45
45
45
45
45
45
45
45
45
45
45
45
45
45
45
45
45
45
45
45
45
45
45
45
47
47
47
47
47
47
47
47
47
47
47
47
47
47
47
47
47
47
47
47
48
49
49
50
50
50
50
50
50
50
50
50
50
50
50
50
50
50
50
50
50
50
50
50
50
50
50
51
52
52
52
52
52
52
52
52
52
52
52
52
52
52
52
52
53
54
54
54
56
56
56
56
56
58
58
58
58
58
58
58
58
58
58
58
58
58
58
59
60
60
60
60
60
60
60
60
60
61
61
61
61
61
61
61
61
61
63
63
63
63
63
63
63
63
63
63
63
63
63
63
63
63
63
63
63
63
63
63
63
63
63
63
64
64
64
64
64
64
64
64
64
64
64
64
64
64
64
64
64
64
64
64
64
64
65
65
65
65
65
65
65
65
65
65
65
65
67
67
67
67
69
69
69
69
69
69
69
69
69
69
70
71
71
72
73
75
75
75
75
75
75
75
76
77
77
