2
2
2
3
4
4
4
4
5
6
6
6
6
6
7
7
7
7
7
8
8
8
8
8
9
9
9
9
9
11
11
11
11
11
11
11
11
11
11
11
11
11
11
12
13
13
13
13
13
13
13
13
13
13
13
13
13
14
14
14
14
14
14
14
14
14
14
14
14
14
15
15
15
15
15
15
15
15
15
16
16
16
16
16
16
16
16
16
17
19
19
19
19
19
19
19
19
19
20
20
20
20
20
20
20
20
20
21
21
21
21
21
21
21
21
21
22
22
22
22
22
22
22
22
22
23
26
26
26
26
26
26
26
26
26
26
26
26
26
26
26
26
27
28
28
28
28
28
28
28
28
28
28
28
28
28
28
28
28
30
30
30
30
30
30
30
30
30
30
30
30
30
30
30
30
30
30
30
30
32
32
32
32
32
32
32
32
32
32
32
32
32
32
32
32
33
36
36
36
36
36
36
36
36
36
36
36
36
36
36
36
36
37
38
38
38
38
38
38
39
40
40
40
41
42
43
44
44
44
45
46
49
49
49
49
49
49
49
49
49
49
50
51
51
51
51
51
51
51
51
53
53
53
53
53
53
53
53
53
53
53
53
53
53
53
53
54
57
57
57
57
57
57
57
57
57
57
58
59
59
59
59
59
59
60
61
61
61
62
63
64
65
65
65
66
67
69
69
69
69
69
69
69
69
69
69
70
71
71
71
71
71
72
73
73
