6
6
6
6
6
6
6
6
6
6
6
8
8
8
8
8
8
8
8
8
8
8
8
8
8
10
10
10
10
10
10
10
11
11
11
11
11
11
11
12
12
12
12
12
12
12
12
12
13
13
13
13
13
13
13
13
13
14
14
14
14
14
14
14
15
15
15
15
15
15
15
16
16
16
16
16
16
16
17
17
17
17
17
17
17
19
19
19
19
19
19
19
19
19
19
19
20
20
20
20
20
20
20
20
20
20
20
21
21
21
21
21
21
21
21
21
21
21
22
22
22
22
22
22
22
22
22
22
22
22
22
24
24
24
24
24
24
24
25
26
26
26
26
29
29
29
29
29
29
29
29
29
29
29
29
29
29
31
31
31
31
31
31
31
31
31
31
31
33
33
33
33
33
33
33
33
34
35
35
35
35
38
38
38
38
38
38
38
38
38
38
38
38
38
38
38
38
38
38
40
40
40
40
40
40
40
40
40
40
40
40
40
41
42
42
42
42
42
42
42
42
42
43
45
45
45
45
45
45
45
45
46
48
48
49
49
49
49
49
49
49
49
49
49
49
49
49
49
49
49
49
49
49
49
49
49
49
49
49
49
49
49
49
49
50
51
51
51
51
51
51
51
51
51
51
51
51
51
53
53
53
53
53
53
53
53
53
53
53
55
55
55
55
55
55
55
55
55
55
56
57
57
57
57
57
57
57
58
60
60
60
60
60
60
60
60
60
60
61
62
62
62
62
62
62
62
63
63
63
63
63
63
63
63
63
63
64
66
66
66
66
66
66
66
67
67
67
67
67
67
67
67
67
67
67
69
69
69
69
69
69
69
69
69
69
70
72
72
73
73
73
73
73
73
73
74
76
76
76
77
79
79
80
80
80
80
80
80
80
81
82
82
82
82
82
82
82
82
82
82
82
82
82
82
84
84
84
84
84
84
84
84
84
84
86
86
86
87
88
88
