17
17
17
17
17
17
17
17
17
17
17
17
17
19
19
19
19
19
19
19
19
19
19
19
19
19
20
20
20
20
20
20
20
20
20
20
20
20
20
21
21
21
21
21
21
21
21
21
21
21
21
21
21
21
22
22
22
22
22
22
22
22
22
22
22
22
22
22
22
23
23
23
23
23
23
23
23
23
23
23
23
23
23
23
24
24
24
24
24
24
24
24
24
24
24
24
24
24
24
29
29
29
29
29
29
30
30
30
30
30
31
31
31
31
31
31
32
32
32
32
33
33
33
33
39
39
39
39
39
39
39
39
39
39
39
39
40
40
40
40
40
41
41
41
41
41
41
42
44
44
45
45
45
45
45
45
46
46
46
47
49
49
50
50
50
50
50
50
51
51
51
51
52
52
52
52
53
53
53
53
53
53
54
56
56
57
57
57
57
57
57
57
57
57
58
58
58
58
58
58
58
58
58
59
59
59
59
60
62
62
62
62
62
62
62
62
62
63
63
63
63
63
63
63
63
64
64
64
65
66
67
67
67
68
70
70
71
71
71
71
71
71
72
72
72
72
72
72
72
72
72
72
72
73
73
73
73
73
73
74
74
74
74
75
75
75
75
75
75
75
75
75
75
76
76
76
77
79
79
79
79
79
79
79
79
79
80
80
80
80
80
80
80
80
80
80
81
81
81
81
81
81
81
81
81
81
81
82
82
82
83
84
84
84
84
84
84
84
84
84
85
85
86
86
86
86
86
86
86
86
86
86
87
88
88
89
89
90
90
90
90
90
90
90
90
91
91
91
91
91
91
91
92
92
92
92
92
93
94
96
96
96
96
96
96
96
97
97
97
98
99
99
99
99
99
99
99
99
99
99
99
99
99
99
99
99
99
100
100
100
101
102
102
102
102
102
102
102
102
103
103
103
104
105
106
