18
18
18
18
18
18
18
18
18
18
18
20
20
20
20
20
20
20
21
21
21
21
21
21
21
22
22
22
22
22
22
22
23
23
23
23
23
23
23
24
24
24
24
24
24
24
25
25
25
25
25
25
25
26
26
26
26
26
26
26
34
34
34
34
34
34
36
36
36
36
36
36
36
36
39
39
39
39
39
39
39
39
42
42
42
42
42
42
42
42
45
45
45
45
45
45
45
45
48
48
48
48
48
48
48
48
51
51
51
51
51
51
51
51
54
54
54
54
54
54
54
54
57
57
57
57
57
57
57
57
60
60
60
60
60
60
60
60
63
63
63
63
63
63
63
63
67
67
67
67
67
67
67
67
69
69
69
69
69
69
72
72
72
72
75
75
75
75
75
75
75
76
76
76
76
77
77
77
77
77
77
78
78
78
78
78
78
79
79
79
79
80
80
80
80
83
83
83
83
86
86
86
86
86
86
86
86
86
89
89
89
89
89
90
90
90
90
90
90
90
90
90
90
90
91
99
99
99
99
99
99
99
100
100
100
100
100
100
101
101
101
101
101
101
102
104
104
104
104
104
104
105
105
105
105
105
106
106
106
107
107
107
108
108
108
109
109
109
110
110
110
111
111
111
112
112
113
113
113
114
115
123
123
123
123
123
123
124
124
124
125
132
132
132
132
132
132
133
133
133
134
142
142
142
142
142
142
143
143
143
144
151
151
151
151
151
151
152
152
152
153
160
160
160
160
160
160
161
161
161
162
169
169
169
169
169
169
170
170
170
171
178
178
178
178
178
178
179
179
179
180
188
188
188
188
188
188
189
189
189
189
189
189
189
189
189
189
189
189
189
190
199
199
199
199
199
199
200
200
200
201
208
208
208
208
208
208
209
209
209
210
221
221
221
221
221
221
221
221
221
221
221
221
221
222
222
222
222
222
222
222
223
223
223
224
225
225
225
225
225
225
225
225
225
226
233
233
233
233
233
233
234
234
234
234
234
235
242
242
242
242
242
242
243
243
243
243
243
244
251
251
251
251
251
251
252
252
252
252
252
253
260
260
260
260
260
260
261
261
261
261
261
262
274
274
274
274
274
274
275
275
275
275
275
276
278
278
278
278
278
278
278
278
278
279
279
279
279
279
279
279
279
279
280
280
280
280
280
280
280
280
280
280
281
281
281
281
281
281
281
282
282
282
283
283
283
283
283
283
283
284
285
285
285
285
285
285
285
285
285
285
286
286
286
286
286
286
286
287
287
287
288
288
288
288
288
288
288
289
290
290
290
290
290
290
290
290
290
290
291
291
291
291
291
291
291
292
292
292
293
293
293
293
293
293
293
294
295
295
295
295
295
295
295
296
303
303
303
303
303
303
303
303
303
304
304
304
304
304
304
305
312
312
312
312
312
312
312
312
312
313
313
313
313
313
313
314
322
322
322
322
322
322
322
322
322
323
323
323
323
323
323
324
331
331
331
331
331
331
331
331
331
332
332
332
332
332
332
333
344
344
344
344
344
344
344
344
344
344
344
344
344
344
344
344
344
345
345
345
345
345
345
345
345
345
345
346
353
353
353
353
353
353
353
353
353
354
354
354
354
354
354
355
362
362
362
362
362
362
362
362
362
363
363
363
363
363
363
364
372
372
372
372
372
372
372
372
372
373
373
373
373
373
373
374
381
381
381
381
381
381
381
381
381
382
382
382
382
382
382
383
390
390
390
390
390
390
390
390
390
391
391
391
391
391
391
392
406
406
406
406
406
406
407
407
407
407
407
407
408
423
423
423
423
423
423
423
423
423
425
425
425
425
425
425
425
425
426
426
426
427
428
428
428
428
428
428
428
428
428
429
429
429
429
429
429
429
429
429
429
429
429
429
430
430
430
430
430
430
430
430
430
431
431
431
431
431
431
431
431
431
431
432
432
432
432
432
432
432
432
432
432
433
433
433
433
433
433
433
433
433
433
434
434
434
434
434
434
434
434
434
434
434
434
434
434
434
434
435
435
435
435
435
435
435
435
435
435
435
435
435
435
435
436
436
436
436
436
436
436
436
436
436
436
436
436
436
436
436
437
437
437
437
437
437
437
438
438
438
438
438
438
438
439
439
439
439
439
439
439
440
440
440
440
440
440
440
440
440
440
440
441
441
441
441
441
441
441
441
441
441
441
441
441
441
441
442
442
442
442
442
442
442
442
442
442
443
443
443
443
443
443
443
443
443
443
443
444
444
444
444
444
444
444
445
445
445
445
446
447
448
448
448
448
448
448
448
448
448
450
450
450
450
450
450
450
450
450
450
450
450
451
451
451
451
451
451
451
451
451
452
452
452
452
452
452
452
452
452
452
452
452
453
453
453
453
453
453
453
453
453
454
454
454
454
454
454
454
454
454
454
454
454
455
455
455
455
455
455
455
455
455
456
456
456
456
456
456
456
456
456
456
456
456
457
457
457
457
457
457
457
457
457
458
459
460
461
461
461
461
461
461
461
461
461
462
463
464
464
464
464
464
464
464
465
465
465
465
465
465
465
465
465
466
467
467
467
467
467
467
467
468
475
475
476
476
476
476
476
476
477
477
477
477
477
478
485
485
485
485
485
485
485
485
485
485
485
485
485
485
486
487
487
487
487
487
487
487
488
490
490
490
490
490
490
490
490
490
490
490
490
490
490
490
490
491
492
492
492
492
492
492
492
493
496
497
