18
18
18
18
18
18
18
18
18
18
18
20
20
20
20
20
20
20
21
21
21
21
21
21
21
22
22
22
22
22
22
22
24
24
24
24
24
24
24
24
24
24
24
24
24
36
36
36
36
36
36
36
37
37
37
37
37
37
37
37
38
38
38
38
38
38
38
38
39
39
39
39
39
39
39
39
41
41
41
41
42
42
42
42
43
43
43
43
50
50
50
50
50
50
50
50
51
51
51
51
51
53
53
53
53
54
54
54
54
55
67
67
68
68
68
68
68
68
68
68
69
69
69
69
69
70
70
70
70
70
70
71
71
71
71
71
71
71
71
71
71
73
74
75
75
75
75
76
76
76
76
77
78
88
88
89
89
89
89
89
89
89
89
90
90
90
90
90
91
91
91
91
91
92
92
92
92
92
93
94
94
94
94
94
94
94
94
94
95
95
95
95
95
95
95
95
95
96
96
96
96
97
97
97
97
97
98
99
99
99
99
99
100
100
100
100
101
101
101
101
101
101
101
102
102
102
102
102
103
103
103
103
103
103
103
103
104
104
104
104
104
104
104
104
104
106
106
106
106
107
107
107
108
109
109
109
109
109
109
109
111
111
111
112
113
113
113
113
113
113
113
114
114
114
114
114
114
114
114
115
115
115
115
115
115
115
115
115
117
117
117
117
118
118
118
119
120
120
120
120
120
120
120
121
121
121
121
122
122
122
122
124
124
124
124
124
125
126
129
129
129
129
130
130
130
131
132
135
135
135
135
135
136
136
136
136
137
137
137
137
137
137
137
138
138
138
138
139
140
141
141
141
141
141
141
141
142
142
142
142
143
144
144
144
145
146
156
156
157
157
157
157
157
157
157
157
157
157
157
157
157
158
158
158
158
158
158
158
158
158
158
158
158
159
171
171
172
172
172
172
172
172
172
172
172
172
172
172
172
172
172
172
172
172
172
173
173
173
173
173
173
173
174
174
174
175
176
176
176
177
177
177
177
177
178
178
178
178
178
178
178
178
178
178
178
178
178
178
179
179
179
179
179
180
182
182
182
182
182
182
184
184
185
185
185
185
185
185
185
185
185
185
185
186
186
186
186
186
186
186
186
186
186
186
186
186
186
186
186
186
186
186
186
188
188
188
188
188
189
190
198
198
199
199
199
199
199
199
199
199
200
200
200
200
200
200
200
200
200
201
201
201
202
202
202
202
202
203
203
203
203
203
203
203
203
203
203
203
203
203
203
203
204
204
204
204
204
204
204
204
204
205
205
205
205
205
205
205
205
205
205
205
205
205
205
205
205
206
207
207
207
207
207
207
207
207
207
207
208
209
210
210
210
210
210
210
210
210
210
210
211
211
211
211
211
211
211
211
211
212
212
212
213
216
216
216
217
218
219
