18
18
18
18
18
18
18
18
18
18
18
18
18
20
20
20
20
20
20
20
22
22
22
22
22
22
22
22
22
22
22
22
22
23
23
23
23
23
23
23
23
23
23
23
23
23
23
23
43
43
43
43
43
45
45
45
45
45
45
45
45
45
45
45
45
46
46
46
46
47
47
47
47
48
48
48
48
49
49
49
49
50
50
50
50
52
52
52
52
52
52
52
52
52
53
53
53
53
53
53
53
53
53
54
54
54
54
54
54
54
55
55
56
58
58
58
58
58
58
58
60
60
60
60
60
60
60
61
61
61
61
61
61
61
62
62
62
62
62
62
62
63
63
63
63
63
63
63
65
65
66
66
66
66
66
66
66
67
67
67
67
67
67
67
67
68
68
68
68
68
68
68
68
68
69
69
69
69
69
69
70
70
70
70
70
70
70
71
73
73
74
74
74
74
74
74
74
74
74
74
74
75
75
75
75
75
75
75
75
76
76
77
77
77
77
77
77
78
78
78
78
78
78
78
78
79
80
80
80
80
80
80
81
81
81
81
81
81
81
81
81
82
82
82
82
82
82
82
83
85
85
85
85
85
85
85
85
85
85
85
85
85
85
85
85
85
85
85
85
85
85
85
85
85
87
87
88
88
88
88
88
88
89
89
89
89
89
89
89
89
90
90
90
90
90
90
91
91
91
91
91
91
91
92
94
94
94
94
94
94
94
95
97
98
