1
1
1
1
1
1
1
1
1
1
1
1
1
3
3
3
3
3
3
3
4
4
4
4
4
4
4
5
5
5
5
5
5
5
6
6
6
6
6
6
6
7
7
7
7
7
7
7
9
9
9
9
9
9
9
9
9
10
10
10
10
10
10
10
10
10
11
11
11
11
11
11
11
11
11
13
13
13
13
13
13
13
13
13
13
13
14
14
14
14
14
14
14
14
14
14
14
14
14
15
15
15
15
15
15
15
15
15
15
15
15
15
16
16
16
16
16
16
16
16
16
16
16
16
16
17
17
17
17
17
17
17
17
17
17
17
17
17
18
18
18
18
18
18
18
18
18
18
18
18
18
20
20
20
20
20
20
20
20
20
20
20
20
20
21
21
21
21
21
21
21
21
21
21
21
21
21
22
22
22
22
22
22
22
22
22
22
22
22
22
23
23
23
23
23
23
23
23
23
23
23
23
23
23
23
24
24
24
24
24
24
24
24
24
24
24
24
24
24
24
30
30
30
31
31
32
37
37
37
37
37
37
37
37
45
45
45
45
45
45
45
45
45
46
47
47
47
47
47
47
47
48
48
48
48
48
48
48
49
49
49
49
49
49
49
50
55
55
55
55
55
56
69
69
69
69
69
84
84
84
84
84
100
102
102
102
102
103
103
103
103
109
109
109
109
109
109
110
111
111
111
111
111
112
112
112
112
112
112
112
112
112
112
113
113
113
113
113
113
113
113
113
114
114
114
114
114
114
114
114
115
116
117
117
117
118
120
120
120
120
120
120
120
121
121
121
121
122
122
122
122
122
122
122
122
122
122
122
123
125
125
125
125
125
125
125
125
125
125
125
125
126
126
126
126
126
126
126
126
126
126
126
126
127
127
127
127
127
127
127
127
127
127
127
127
127
127
127
127
127
127
127
127
127
127
128
142
142
142
142
142
142
155
155
155
155
157
157
157
157
170
170
170
170
172
172
172
172
172
184
184
184
184
186
186
186
186
186
192
192
192
192
194
194
194
194
196
196
196
196
206
206
206
206
218
218
218
218
218
218
226
226
226
226
226
226
238
238
238
238
238
238
242
242
242
242
243
243
243
243
247
247
247
247
255
255
255
255
255
255
255
255
255
255
255
255
256
256
256
256
256
256
256
256
256
257
257
258
259
259
259
259
259
260
260
260
260
261
261
261
261
262
262
262
262
263
263
263
263
263
263
263
263
263
263
263
263
263
264
264
264
264
264
264
264
264
264
264
264
264
264
265
265
265
265
265
267
267
267
267
268
268
269
269
269
269
269
269
269
269
270
270
270
270
270
270
270
271
271
271
271
271
271
271
271
271
272
272
273
277
277
277
277
277
277
277
277
277
278
278
278
278
278
278
279
279
279
280
280
280
280
280
281
281
281
281
281
284
284
284
284
284
284
285
285
286
286
286
286
286
287
287
287
287
287
287
287
287
290
290
290
290
290
290
290
291
291
291
291
291
291
292
292
292
293
293
293
293
293
293
294
295
295
296
296
297
297
297
297
297
297
297
297
297
297
297
298
299
300
302
302
303
303
303
303
303
303
304
304
304
304
304
305
307
307
308
308
308
308
308
308
309
309
309
310
312
312
313
313
313
313
313
313
313
313
314
314
314
314
315
320
320
320
320
320
320
320
320
321
321
321
321
322
336
336
337
337
337
337
337
337
338
338
338
339
341
341
342
342
342
342
342
342
342
342
342
342
344
344
345
345
345
345
345
345
345
345
345
345
347
347
348
348
348
348
348
348
348
348
348
349
349
349
350
358
358
358
358
358
358
358
358
359
359
359
359
359
359
359
359
360
360
360
360
360
360
360
361
361
361
362
364
364
364
364
364
364
364
364
365
365
365
365
365
365
365
365
365
366
366
366
366
366
366
366
367
367
367
368
370
370
370
370
370
370
370
370
370
371
371
371
371
371
371
371
371
371
371
371
371
371
372
374
374
374
374
374
374
374
374
374
374
374
375
375
375
375
375
376
376
376
376
376
377
377
377
378
378
378
378
378
379
380
380
380
381
383
383
384
384
384
384
384
384
385
385
385
385
385
385
385
386
394
394
395
395
395
395
395
395
396
396
396
397
399
399
400
400
400
400
400
400
400
400
400
400
400
401
401
401
401
401
401
401
401
401
401
401
401
401
401
401
402
402
402
402
402
402
402
403
403
403
404
422
422
422
422
422
422
423
423
423
423
423
423
423
424
449
449
449
449
449
449
449
449
449
449
449
449
449
450
453
453
453
453
453
453
453
453
454
454
454
454
454
454
454
455
455
455
461
461
461
461
461
461
461
461
462
462
462
462
462
462
462
462
462
462
462
462
462
463
463
463
463
463
463
463
463
463
464
464
464
464
464
464
464
464
464
464
464
464
464
464
464
464
466
466
466
466
466
466
467
468
469
469
469
469
469
469
469
470
472
472
473
473
473
473
473
473
473
473
473
473
473
474
474
474
474
474
474
474
475
487
487
488
488
488
488
488
488
488
489
491
491
491
492
492
492
492
492
492
492
492
492
492
492
492
492
492
492
493
493
493
493
493
493
493
493
493
494
494
494
494
494
494
494
494
495
495
495
496
496
496
496
496
496
496
496
497
499
499
499
499
499
499
499
500
500
500
500
500
500
500
500
500
501
502
502
502
503
505
505
506
506
506
506
506
506
506
507
509
509
509
509
509
510
510
510
510
510
510
510
510
510
510
510
510
510
510
510
511
511
511
511
511
511
511
511
512
513
513
513
513
513
513
513
514
516
516
517
517
517
517
517
517
517
518
519
519
519
519
519
519
520
520
520
520
521
521
522
522
522
522
522
522
522
522
522
522
522
522
522
522
522
522
522
522
523
523
523
523
523
523
524
524
524
525
525
525
525
525
525
526
527
527
527
527
527
527
527
528
528
528
528
528
528
528
528
528
529
529
529
531
531
531
531
532
533
534
536
536
537
537
537
537
537
537
537
537
537
537
539
539
540
540
540
540
540
540
541
541
541
542
549
549
550
550
550
550
550
550
551
551
551
551
551
551
551
552
558
558
559
559
559
559
559
559
560
560
560
560
560
560
560
561
570
570
571
571
571
571
571
572
573
573
573
573
573
574
574
574
574
574
574
574
574
574
575
575
575
575
575
575
577
577
577
577
577
577
581
581
581
581
581
581
581
581
581
582
582
582
582
582
582
583
583
583
584
584
584
584
585
587
587
587
587
587
587
588
588
588
589
591
591
591
591
591
591
591
591
591
592
600
600
601
601
601
601
601
602
603
603
603
603
603
604
604
604
604
604
604
604
604
604
605
605
605
605
605
605
605
605
605
605
606
606
606
606
606
606
606
606
606
607
607
607
607
607
607
607
608
608
608
608
608
608
608
609
609
609
609
609
609
609
609
609
610
610
610
610
611
611
611
611
611
611
612
612
612
613
614
614
614
614
614
614
614
615
615
615
615
615
615
615
615
615
615
616
616
616
616
616
616
616
617
617
617
617
617
617
617
617
618
618
618
618
618
618
618
618
619
619
619
619
619
619
619
620
620
620
620
621
621
621
621
622
622
622
622
622
622
623
623
623
624
625
626
626
626
626
627
627
627
627
628
628
628
628
628
628
629
629
629
630
632
632
632
632
632
632
632
633
633
633
633
634
634
634
634
634
634
634
634
634
634
634
634
635
635
635
635
635
635
635
635
635
635
635
635
635
635
635
635
636
636
636
637
637
637
637
637
637
637
637
637
637
637
638
639
639
639
639
639
640
640
640
640
640
640
640
640
640
641
641
641
641
642
642
642
642
642
642
643
643
643
644
645
647
647
647
647
647
647
647
647
648
648
648
648
649
649
649
649
649
649
650
650
650
651
652
653
653
653
653
653
653
653
653
653
654
680
680
681
681
681
681
681
681
681
682
683
683
683
683
684
684
684
684
686
686
686
686
686
686
686
687
687
687
687
687
688
688
688
688
689
689
689
689
691
691
691
691
691
692
692
692
693
693
693
693
693
693
693
693
693
693
693
693
693
694
694
695
695
695
696
696
696
696
696
696
696
696
696
696
696
696
696
697
697
698
698
698
699
699
699
700
700
700
700
700
700
700
700
701
701
702
702
702
705
705
705
705
705
706
706
706
706
707
707
707
707
707
707
707
708
708
708
708
708
708
709
709
709
710
710
710
710
710
710
710
710
710
710
710
711
712
712
713
713
716
716
716
716
716
716
717
718
718
718
719
721
721
721
721
721
721
721
724
724
724
724
724
724
724
724
724
726
726
726
726
726
728
728
728
728
728
728
729
729
729
729
729
729
729
729
729
729
729
729
729
730
730
730
730
730
730
730
730
730
731
732
732
732
732
732
732
732
732
732
735
735
735
735
735
735
736
736
736
736
737
737
738
739
739
739
739
739
739
739
739
739
740
740
740
740
740
740
740
744
744
744
744
744
744
744
744
744
744
745
745
745
745
745
745
746
748
748
748
748
751
751
751
751
751
751
751
751
751
752
755
755
755
755
755
756
756
756
756
756
757
757
757
757
757
759
759
759
759
759
760
760
760
760
761
761
761
761
761
761
761
761
761
764
764
764
764
764
764
765
765
765
765
765
765
765
765
765
765
765
765
765
766
766
766
766
766
766
766
766
766
767
769
769
769
769
769
769
769
769
769
771
771
771
771
771
771
772
772
772
772
772
772
772
772
772
773
774
775
775
775
775
775
775
775
775
775
775
775
775
775
775
775
775
776
776
776
776
776
776
776
776
777
777
777
779
779
779
779
779
781
781
781
781
781
782
782
782
782
783
783
783
783
783
783
784
784
784
784
784
784
784
784
785
785
785
785
785
785
785
785
785
785
785
785
785
786
786
786
786
786
786
786
786
786
787
788
788
788
788
788
788
788
788
788
788
788
789
789
789
789
789
789
789
789
789
790
790
790
790
790
791
791
791
791
791
791
791
791
793
793
793
793
793
793
794
794
794
794
794
794
794
794
794
795
795
795
795
795
796
796
796
796
796
796
796
796
797
797
797
797
797
798
798
798
798
806
806
806
806
806
806
808
808
808
808
808
808
808
808
808
809
809
809
809
809
809
809
809
809
810
810
810
810
810
810
810
810
810
810
814
814
814
814
814
814
815
815
815
815
815
815
815
815
815
815
815
815
815
816
816
816
816
816
816
816
816
816
817
818
819
819
819
819
819
819
819
819
819
820
821
821
821
821
821
821
821
821
821
822
822
822
822
822
822
822
822
822
822
823
823
824
824
824
824
824
824
824
824
824
824
824
824
825
828
828
828
828
828
828
829
829
829
829
829
829
829
829
829
829
829
829
829
830
834
834
834
834
834
834
834
834
834
835
835
835
835
835
835
835
835
835
839
839
839
839
840
840
840
840
840
840
841
841
841
841
841
841
841
841
841
842
842
842
842
842
842
842
842
842
842
842
842
843
843
843
843
843
843
844
844
845
846
846
846
846
846
846
846
846
846
846
846
848
848
848
848
848
848
848
848
848
848
849
849
849
849
849
849
850
850
851
854
854
854
855
855
855
855
855
856
856
857
860
860
860
860
860
860
860
861
861
861
861
861
861
862
862
862
862
862
862
862
862
862
863
863
863
863
863
864
864
864
864
864
864
864
865
865
866
866
866
866
866
866
867
868
869
891
891
892
892
892
892
892
892
892
893
894
894
894
894
895
895
895
895
895
895
895
896
896
896
896
896
897
897
897
897
898
898
898
898
901
901
901
901
901
901
901
901
901
903
903
903
903
903
903
904
904
904
905
906
906
906
906
906
907
907
907
908
910
910
910
910
910
910
910
913
913
913
913
913
913
913
913
913
914
914
914
914
914
915
915
915
915
915
915
916
916
916
916
916
916
916
916
916
916
916
916
916
917
917
917
917
917
917
918
918
918
919
920
920
920
920
920
920
920
920
920
921
921
921
921
921
921
922
922
922
922
923
923
924
925
925
925
925
925
925
925
925
925
926
926
926
926
926
926
926
927
927
927
927
927
927
927
927
927
927
929
929
929
929
929
929
930
931
931
931
931
932
932
932
932
932
932
933
933
933
934
937
937
937
937
937
938
938
938
938
938
939
939
939
939
939
941
941
941
941
942
942
942
942
942
942
944
944
944
944
944
944
945
945
945
945
945
945
945
946
947
947
947
947
947
947
947
947
947
947
947
947
947
947
947
947
948
948
948
948
948
948
948
948
949
949
950
950
950
950
950
952
952
952
952
952
953
953
953
953
954
954
954
954
954
954
955
955
955
955
955
955
955
955
956
956
956
956
956
956
956
956
956
956
956
956
956
957
957
957
957
957
957
958
958
958
959
959
959
959
959
959
959
959
959
959
959
960
960
960
960
960
960
961
962
962
963
963
963
963
963
964
964
964
964
964
964
966
966
966
966
966
966
967
967
967
967
967
967
967
967
967
967
967
968
968
968
968
968
969
969
969
969
969
969
969
969
970
970
970
970
970
971
971
971
971
973
973
973
973
977
977
977
977
977
977
978
978
978
978
978
978
979
979
979
980
982
982
982
982
982
982
982
983
983
983
983
983
983
984
984
984
984
984
984
985
985
986
986
986
986
986
987
987
987
987
988
988
989
989
989
989
989
989
990
991
991
991
992
995
995
995
995
995
995
995
996
997
997
997
997
997
998
998
998
999
999
999
999
999
999
999
999
999
999
999
999
999
1000
1000
1001
1001
1001
1002
1002
1002
1002
1002
1002
1002
1002
1002
1002
1002
1002
1002
1003
1003
1004
1004
1004
1005
1005
1005
1006
1006
1006
1006
1006
1006
1006
1006
1007
1007
1008
1008
1008
1009
1009
1009
1009
1009
1009
1009
1009
1009
1009
1009
1010
1010
1011
1011
1012
1012
1012
1012
1012
1013
1014
1022
1022
1023
1023
1023
1023
1023
1023
1023
1024
1025
1025
1025
1025
1025
1025
1025
1026
1026
1026
1027
1028
1028
1028
1028
1028
1029
1029
1029
1030
1030
1030
1030
1030
1031
1031
1031
1032
1032
1032
1033
1033
1034
1034
1034
1034
1034
1034
1034
1035
1036
1038
1038
1039
1039
1039
1039
1039
1039
1039
1039
1039
1039
1040
1040
1040
1040
1040
1040
1040
1041
1041
1041
1041
1041
1041
1041
1041
1041
1041
1041
1041
1041
1041
1041
1042
1044
1044
1045
1045
1045
1045
1045
1045
1045
1045
1046
1046
1046
1046
1046
1046
1046
1047
1047
1047
1047
1047
1047
1047
1047
1047
1047
1047
1047
1047
1047
1047
1048
1050
1050
1051
1051
1051
1051
1051
1051
1051
1051
1052
1052
1052
1053
1059
1059
1060
1060
1060
1060
1060
1061
1062
1062
1062
1063
1065
1065
1066
1066
1066
1066
1066
1066
1066
1066
1066
1067
1068
1068
1068
1068
1068
1068
1068
1069
1069
1069
1069
1069
1069
1069
1070
1070
1070
1071
1072
1072
1072
1072
1072
1072
1072
1073
1073
1073
1073
1073
1073
1073
1074
1082
1082
1083
1083
1083
1083
1083
1083
1083
1083
1085
1085
1085
1086
1088
1088
1089
1089
1089
1089
1089
1089
1089
1089
1089
1089
1089
1090
1091
1091
1091
1091
1091
1091
1091
1091
1092
1092
1092
1092
1092
1092
1092
1092
1092
1092
1092
1092
1092
1093
1093
1093
1093
1093
1093
1093
1093
1093
1094
1098
1098
1098
1098
1098
1098
1098
1099
1099
1100
1100
1100
1100
1100
1100
1100
1101
1101
1101
1101
1101
1101
1101
1102
1102
1102
1102
1102
1102
1102
1102
1102
1102
1102
1102
1102
1102
1102
1102
1103
1104
1105
1105
1105
1106
1108
1108
1108
1108
1108
1109
1109
1109
1109
1109
1109
1109
1109
1109
1109
1109
1110
1111
1111
1111
1111
1111
1111
1111
1112
1112
1112
1112
1112
1112
1112
1112
1113
1113
1113
1113
1113
1113
1113
1113
1113
1114
1114
1114
1114
1114
1114
1114
1115
1123
1123
1124
1124
1124
1124
1124
1124
1125
1125
1125
1126
1128
1128
1129
1129
1129
1129
1129
1129
1129
1129
1130
1130
1130
1130
1130
1130
1130
1131
1131
1131
1131
1131
1132
1135
1135
1135
1135
1135
1135
1135
1135
1135
1135
1135
1136
1136
1136
1136
1136
1137
1138
1138
1138
1138
1138
1138
1138
1138
1138
1138
1138
1139
1139
1139
1139
1139
1140
1141
1141
1141
1141
1141
1142
1144
1144
1145
1145
1145
1145
1145
1145
1145
1145
1146
1146
1146
1146
1146
1146
1146
1147
1147
1147
1147
1147
1148
1151
1151
1151
1151
1151
1151
1151
1151
1151
1151
1151
1152
1152
1152
1153
1154
1154
1154
1154
1154
1154
1154
1154
1154
1154
1154
1155
1155
1155
1156
1157
1157
1157
1157
1157
1157
1157
1157
1157
1157
1157
1158
1158
1158
1159
1160
1160
1160
1160
1161
1161
1161
1162
1164
1164
1165
1165
1165
1165
1165
1165
1165
1165
1166
1166
1166
1166
1166
1166
1166
1166
1166
1166
1166
1167
1167
1167
1167
1167
1167
1167
1168
1168
1168
1168
1168
1169
1170
1170
1170
1170
1170
1170
1170
1170
1170
1170
1170
1171
1171
1171
1171
1172
1173
1174
1174
1174
1175
1177
1177
1178
1178
1178
1178
1178
1178
1178
1178
1179
1179
1179
1179
1179
1179
1179
1179
1179
1179
1179
1180
1180
1180
1180
1180
1180
1180
1181
1181
1181
1181
1181
1182
1183
1183
1183
1183
1183
1183
1183
1183
1183
1183
1183
1184
1184
1184
1184
1185
1186
1187
1187
1187
1188
1190
1190
1191
1191
1191
1191
1191
1191
1191
1191
1192
1192
1192
1192
1192
1192
1192
1192
1192
1192
1192
1193
1193
1193
1193
1193
1193
1193
1194
1194
1194
1194
1194
1195
1196
1196
1196
1196
1196
1196
1196
1196
1196
1196
1196
1197
1197
1197
1197
1198
1199
1200
1200
1200
1201
1203
1203
1204
1204
1204
1204
1204
1204
1204
1204
1205
1205
1205
1205
1205
1205
1205
1205
1205
1205
1205
1206
1206
1206
1206
1206
1206
1206
1207
1207
1207
1207
1207
1208
1209
1210
1210
1210
1210
1210
1211
1213
1213
1214
1214
1214
1214
1214
1214
1214
1214
1215
1215
1215
1215
1215
1215
1215
1215
1215
1215
1215
1216
1216
1216
1216
1216
1216
1216
1217
1217
1217
1217
1217
1218
1219
1220
1220
1220
1220
1220
1221
1223
1223
1224
1224
1224
1224
1224
1224
1224
1224
1225
1225
1225
1225
1225
1225
1225
1225
1225
1225
1225
1226
1226
1226
1226
1226
1226
1226
1227
1227
1227
1227
1227
1228
1229
1230
1230
1230
1230
1230
1231
1235
1235
1235
1235
1235
1235
1235
1235
1235
1235
1235
1236
1236
1236
1236
1236
1236
1236
1236
1236
1237
1237
1238
1239
1239
1239
1239
1239
1239
1239
1239
1239
1239
1239
1240
1243
1243
1243
1243
1243
1243
1243
1243
1244
1245
1245
1245
1245
1245
1245
1245
1245
1245
1245
1246
1246
1246
1246
1246
1246
1246
1247
1247
1247
1247
1247
1247
1247
1247
1247
1247
1249
1249
1249
1249
1249
1249
1249
1249
1249
1249
1249
1249
1249
1249
1250
1250
1250
1250
1250
1250
1250
1250
1250
1250
1250
1250
1250
1250
1250
1251
1251
1251
1251
1251
1251
1251
1251
1251
1251
1252
1252
1252
1252
1252
1252
1252
1252
1252
1252
1252
1253
1253
1253
1253
1254
1255
1256
1256
1256
1256
1256
1257
1258
1258
1258
1259
1261
1261
1261
1261
1261
1261
1261
1262
1264
1264
1264
1264
1264
1264
1264
1264
1264
1264
1264
1266
1266
1266
1266
1266
1266
1266
1266
1267
1267
1267
1267
1267
1267
1267
1267
1267
1267
1267
1267
1268
1268
1268
1268
1268
1268
1268
1268
1268
1268
1268
1269
1270
1270
1270
1270
1271
1271
1271
1271
1271
1271
1271
1271
1271
1271
1271
1271
1271
1272
1272
1272
1272
1272
1272
1272
1272
1272
1272
1273
1273
1273
1273
1273
1273
1273
1273
1273
1273
1273
1274
1274
1274
1274
1275
1276
1276
1276
1276
1276
1276
1276
1276
1277
1277
1277
1278
1278
1278
1278
1279
1280
1280
1280
1280
1281
1283
1283
1283
1283
1283
1283
1283
1284
1285
1285
1285
1285
1285
1285
1285
1285
1285
1285
1285
1286
1286
1286
1286
1286
1286
1286
1287
1287
1287
1287
1287
1287
1287
1287
1287
1287
1287
1287
1287
1288
1288
1288
1288
1288
1288
1288
1288
1288
1288
1289
1289
1289
1289
1289
1289
1289
1289
1289
1289
1289
1290
1290
1290
1290
1291
1292
1292
1292
1292
1292
1292
1292
1292
1293
1293
1293
1294
1294
1294
1294
1295
1296
1296
1296
1296
1297
1299
1299
1299
1299
1299
1299
1299
1300
1301
1301
1301
1301
1301
1301
1301
1301
1301
1301
1301
1302
1302
1302
1302
1302
1302
1302
1302
1302
1303
1303
1303
1303
1303
1303
1303
1303
1303
1303
1303
1303
1303
1304
1304
1304
1304
1304
1304
1304
1304
1304
1305
1305
1305
1306
1306
1306
1306
1307
1308
1308
1308
1308
1309
1311
1311
1311
1311
1311
1311
1311
1312
1315
1315
1315
1315
1315
1315
1315
1315
1315
1315
1315
1316
1316
1316
1316
1316
1316
1316
1317
1318
1318
1318
1318
1318
1318
1318
1318
1318
1318
1318
1319
1319
1319
1319
1319
1319
1320
1321
1321
1321
1321
1321
1321
1321
1321
1321
1321
1321
1322
1322
1322
1322
1322
1322
1323
1324
1324
1324
1324
1325
1325
1325
1326
1328
1328
1328
1328
1328
1328
1328
1329
1331
1331
1331
1331
1331
1331
1331
1331
1331
1331
1331
1332
1332
1332
1332
1332
1332
1332
1333
1334
1334
1334
1334
1334
1334
1334
1334
1334
1334
1334
1335
1335
1335
1335
1335
1335
1336
1337
1337
1337
1337
1337
1337
1337
1337
1337
1337
1337
1338
1338
1338
1338
1338
1338
1339
1340
1340
1340
1340
1341
1341
1341
1342
1344
1344
1344
1344
1344
1344
1344
1345
1346
1346
1346
1346
1346
1346
1346
1346
1346
1346
1346
1347
1347
1347
1347
1347
1347
1347
1348
1349
1349
1349
1349
1349
1349
1349
1349
1349
1349
1349
1350
1350
1350
1350
1350
1350
1350
1350
1351
1352
1352
1352
1352
1352
1352
1352
1352
1352
1352
1352
1353
1353
1353
1353
1353
1353
1353
1353
1354
1355
1355
1355
1355
1356
1356
1356
1357
1370
1370
1371
1371
1371
1371
1371
1371
1371
1372
1373
1373
1373
1373
1373
1373
1373
1373
1373
1373
1374
1374
1374
1374
1374
1374
1374
1374
1374
1374
1374
1374
1374
1375
1375
1375
1375
1375
1375
1376
1376
1377
1377
1378
1378
1378
1378
1378
1378
1378
1378
1378
1378
1378
1378
1379
1379
1379
1380
1381
1393
1393
1393
1393
1393
1393
1393
1393
1395
1397
1397
1397
1397
1397
1398
1399
1399
1399
1399
1399
1399
1399
1400
1400
1400
1400
1400
1400
1400
1401
1401
1401
1402
1402
1402
1402
1402
1402
1403
1404
1404
1404
1405
1407
1407
1407
1407
1407
1407
1407
1407
1407
1407
1407
1408
1408
1408
1408
1408
1408
1408
1408
1408
1409
1411
1411
1411
1411
1411
1411
1411
1411
1412
1412
1413
1413
1413
1413
1413
1413
1413
1414
1414
1414
1414
1414
1414
1414
1415
1415
1415
1415
1415
1415
1415
1415
1415
1415
1416
1416
1416
1416
1416
1416
1416
1419
1419
1419
1419
1419
1419
1419
1419
1419
1419
1419
1419
1419
1419
1419
1420
1421
1423
1423
1423
1423
1423
1423
1423
1423
1424
1424
1425
1425
1425
1425
1425
1425
1426
1426
1426
1426
1426
1426
1426
1427
1427
1427
1427
1427
1427
1427
1427
1427
1428
1428
1428
1428
1428
1428
1428
1429
1429
1429
1429
1429
1429
1429
1429
1429
1429
1429
1429
1429
1429
1429
1430
1431
1432
1433
