1
1
1
1
1
1
1
1
1
1
1
3
3
3
3
3
3
3
3
3
5
5
5
5
5
5
5
5
5
5
5
6
6
6
6
6
6
6
6
6
6
6
7
7
7
7
7
7
7
7
7
7
7
7
7
8
8
8
8
8
8
8
8
8
8
8
8
8
9
9
9
9
9
9
9
9
9
9
9
9
9
9
9
10
10
10
10
10
10
10
10
10
10
10
10
10
10
10
20
20
20
21
21
22
22
23
24
24
24
24
24
24
24
24
27
27
27
27
27
28
28
28
28
28
28
28
28
28
28
28
28
28
29
29
29
29
29
29
29
29
29
29
29
29
29
29
29
29
29
29
30
30
30
30
30
30
30
31
31
37
37
37
37
37
37
37
37
40
40
40
40
42
42
42
42
42
43
43
43
43
43
44
46
46
46
46
46
46
46
47
47
47
47
48
56
56
56
56
56
56
56
56
57
57
57
57
58
66
66
67
67
67
67
67
67
67
68
69
69
69
69
69
69
69
69
69
69
69
69
70
70
70
70
70
70
70
72
72
72
72
72
72
72
72
72
72
73
73
73
73
73
74
76
76
76
76
76
76
76
76
76
77
77
77
77
77
77
77
77
77
77
77
77
77
77
77
78
78
78
78
78
79
80
80
80
80
80
80
80
80
80
80
80
80
80
80
80
80
80
80
81
84
84
84
84
84
85
85
85
85
85
86
87
87
87
88
90
90
91
91
91
91
91
91
91
92
93
93
93
93
93
93
93
93
93
93
93
93
94
94
94
94
94
94
94
95
95
95
95
95
95
95
95
95
96
96
96
96
96
96
96
96
96
98
98
98
98
98
98
98
98
98
98
98
98
98
98
98
98
98
98
98
99
99
99
99
99
100
101
101
101
101
101
101
101
101
101
102
103
103
103
103
103
103
103
103
104
112
112
113
113
113
113
113
113
113
113
113
113
113
113
113
114
115
115
115
115
115
115
115
115
115
115
115
115
116
116
116
116
116
116
116
117
117
117
117
117
117
117
118
120
120
120
120
120
120
120
120
120
120
120
120
121
121
121
121
121
121
121
122
122
122
122
122
122
122
123
124
124
124
125
133
133
134
134
134
134
134
134
134
134
134
134
134
134
134
135
136
136
136
136
136
136
136
136
136
136
136
136
137
137
137
137
137
137
137
138
138
138
138
138
138
138
138
138
138
138
138
138
138
138
139
140
140
140
141
143
143
144
144
144
144
144
144
144
144
144
144
144
144
144
145
146
146
146
146
146
146
146
146
146
146
146
146
147
147
147
147
147
147
147
148
148
148
148
148
148
148
148
148
148
148
148
148
148
148
149
150
150
150
151
153
153
154
154
154
154
154
154
154
154
154
154
154
154
154
154
155
155
155
155
155
155
155
155
155
155
155
155
156
156
156
156
156
156
156
157
157
157
157
157
157
157
157
157
157
157
157
157
157
157
158
159
159
159
160
168
168
169
169
169
169
169
169
169
170
171
171
171
171
171
171
171
171
172
172
172
172
172
172
172
173
173
173
173
173
173
173
173
173
174
174
174
174
174
174
174
175
175
175
175
175
175
175
175
175
175
176
176
176
176
176
177
178
179
180
180
180
181
183
183
184
184
184
184
184
184
184
185
186
186
186
186
186
186
186
186
187
187
187
187
187
187
187
188
188
188
188
188
188
188
188
188
189
189
189
189
189
189
189
190
190
190
190
190
190
190
190
190
190
191
191
191
191
191
192
193
194
195
195
195
196
208
208
209
209
209
209
209
209
210
210
210
210
210
210
211
219
219
219
219
219
219
219
220
221
221
221
221
221
221
221
221
221
221
221
221
222
222
222
222
222
222
222
223
223
223
223
223
223
223
223
223
223
223
223
223
223
223
223
223
223
224
225
225
225
226
227
228
