18
18
18
18
18
18
18
18
18
18
18
20
20
20
20
20
20
20
31
31
31
31
31
31
32
32
32
32
32
32
32
32
32
37
37
37
37
37
37
37
37
37
39
39
39
39
39
40
40
40
40
40
41
41
41
41
41
51
51
51
51
51
51
51
51
51
51
51
51
51
51
51
51
51
51
51
51
52
52
52
52
52
53
53
53
53
53
53
54
54
54
54
54
54
55
55
55
55
55
55
56
63
63
63
63
63
63
64
64
64
65
72
72
72
72
72
72
73
73
73
74
81
81
81
81
81
81
82
82
82
83
88
88
89
89
89
89
89
89
90
90
90
90
90
90
90
90
90
90
90
90
90
90
90
90
90
90
90
90
90
90
90
90
90
90
90
91
92
93
