18
18
18
18
18
18
18
18
18
18
18
20
20
20
20
20
20
20
21
21
21
21
21
21
21
34
34
34
34
34
34
34
35
35
35
35
35
35
35
35
36
36
36
36
36
36
36
36
37
37
37
37
37
37
37
37
39
39
39
39
40
40
40
40
47
47
47
47
47
47
47
47
48
48
48
48
48
49
49
49
49
49
49
50
50
50
50
50
50
51
59
59
60
60
60
60
60
60
60
60
61
61
61
61
61
62
62
62
62
62
62
62
63
63
64
66
66
66
66
66
66
66
67
67
67
67
67
67
67
68
68
68
68
68
68
68
68
68
69
69
69
69
69
69
69
70
72
72
72
72
72
72
72
74
74
74
74
74
74
75
75
75
75
76
77
84
84
85
85
85
85
85
85
85
85
86
86
86
86
86
87
87
87
87
87
87
88
89
97
97
98
98
98
98
98
98
98
98
98
98
98
98
98
99
99
99
99
99
99
99
99
99
99
99
100
110
110
111
111
111
111
111
111
111
111
111
111
111
111
111
111
111
111
111
111
111
112
112
112
112
112
113
113
113
113
113
113
113
113
114
114
114
114
114
114
114
114
114
115
116
117
126
126
127
127
127
127
127
127
127
127
127
127
127
128
128
128
128
128
129
129
129
129
129
130
130
130
131
131
131
131
132
132
132
132
132
132
132
133
133
134
134
134
135
135
135
135
135
135
135
136
136
136
136
136
136
136
137
138
138
138
138
138
138
138
139
139
139
139
140
140
141
141
141
143
143
143
143
143
143
143
144
144
144
144
144
144
144
145
147
147
148
148
148
148
149
149
149
149
149
149
149
150
151
152
160
160
161
161
161
161
161
161
161
161
161
161
161
162
162
162
162
162
162
162
162
162
163
173
173
174
174
174
174
174
174
174
174
174
174
174
174
174
174
174
174
174
174
174
175
175
175
175
175
175
175
175
175
175
175
175
175
176
178
179
