18
18
18
18
18
18
18
18
18
18
18
20
20
20
20
20
20
20
21
21
21
21
21
21
21
22
22
22
22
22
22
22
24
24
24
24
24
24
24
24
24
24
24
24
24
93
93
93
93
93
93
98
98
98
98
98
99
107
107
107
107
107
107
107
107
108
108
108
108
108
109
123
123
123
123
123
123
123
123
123
123
123
124
124
124
124
124
124
124
124
124
124
124
124
124
124
124
125
139
139
139
139
139
139
139
139
139
139
139
140
140
140
140
140
140
140
140
140
140
140
140
140
140
140
141
169
169
169
169
169
169
169
169
170
170
170
170
170
170
170
170
170
170
171
183
183
183
183
183
183
183
183
184
184
184
184
184
184
184
184
184
184
184
184
185
185
185
185
185
186
187
187
187
188
201
201
201
201
201
201
201
201
201
201
201
202
202
202
202
202
202
202
202
202
202
202
202
202
203
203
203
203
203
204
205
205
205
206
218
218
218
218
218
218
218
218
219
219
219
219
220
220
220
220
222
222
222
222
222
222
223
223
223
223
223
223
223
223
225
225
225
225
225
225
225
226
226
226
227
229
229
229
229
229
229
229
229
229
229
229
230
243
243
243
243
243
243
243
243
243
243
243
244
244
244
244
244
244
244
244
244
244
244
245
257
257
257
257
257
257
257
257
258
258
258
258
258
258
258
258
258
258
259
271
271
271
271
271
271
271
271
272
272
272
272
272
272
272
272
272
272
273
300
300
300
300
300
300
300
300
301
301
301
301
301
301
301
301
301
301
301
301
301
302
302
302
303
305
305
305
305
305
305
305
306
318
318
318
318
318
318
318
318
319
319
319
319
319
319
319
319
319
319
320
335
335
335
335
335
335
335
335
335
335
335
336
336
336
336
336
336
336
336
336
336
336
338
338
338
338
338
338
338
339
339
339
340
342
342
342
342
342
342
342
343
345
345
345
345
345
346
363
363
363
363
363
363
363
363
363
363
363
363
363
363
363
363
363
363
363
364
364
364
364
364
364
364
364
364
365
365
365
366
368
368
368
368
368
368
368
368
368
369
369
369
370
372
372
372
372
372
372
373
393
393
393
393
393
393
393
393
393
393
393
393
393
393
393
393
393
393
393
393
393
394
394
394
394
394
395
395
395
397
397
397
397
397
397
397
397
397
398
398
398
399
401
401
401
401
401
401
401
401
401
401
401
401
401
401
401
401
402
402
402
402
402
402
402
402
402
402
402
403
403
403
403
404
405
407
407
407
407
407
407
408
408
408
409
411
411
411
411
411
411
412
426
426
426
426
426
426
426
426
426
426
426
427
427
427
427
427
427
427
427
427
427
427
427
427
427
427
428
442
442
442
442
442
442
442
442
442
442
442
443
443
443
443
443
443
443
443
443
443
443
443
443
443
443
444
457
457
457
457
457
457
457
457
457
457
457
458
458
458
458
460
460
460
460
460
460
460
462
462
462
462
462
462
462
462
462
462
462
462
462
463
465
466
