6
6
6
6
6
6
6
6
6
6
6
8
8
8
8
8
8
8
8
8
8
8
8
8
8
9
9
9
9
9
9
9
9
9
9
9
9
9
9
11
11
11
11
11
11
11
12
12
12
12
12
12
12
13
13
13
13
13
13
13
14
14
14
14
14
14
14
16
16
16
16
16
16
16
16
16
17
17
17
17
17
17
17
17
17
19
19
19
20
21
21
21
21
21
21
21
21
21
21
21
21
21
21
23
23
23
23
23
23
23
23
23
23
23
23
23
23
23
25
25
25
25
27
27
27
27
27
27
28
29
29
29
29
29
29
30
32
32
32
32
32
33
34
34
34
35
37
37
37
37
37
37
37
38
39
39
39
39
39
39
39
40
40
40
40
41
43
43
43
43
43
43
43
44
45
45
45
45
45
45
46
47
47
47
47
47
47
47
47
47
48
48
48
48
49
50
52
52
52
52
52
53
54
54
54
54
54
54
54
54
55
57
57
57
57
57
57
57
57
57
57
57
57
58
59
59
59
59
59
61
61
61
61
61
62
62
62
62
62
64
64
64
64
64
64
64
65
66
66
66
66
66
66
66
66
66
67
67
67
67
67
67
67
67
67
69
69
69
69
69
69
69
69
69
69
70
71
71
71
71
72
73
73
73
73
74
74
74
74
75
75
75
75
76
77
78
79
79
79
79
79
79
79
79
79
79
79
80
80
80
80
80
80
80
80
80
80
80
81
82
83
85
85
85
85
85
85
85
85
85
85
85
86
88
88
88
88
88
88
88
89
90
90
90
90
90
92
92
92
92
92
93
93
93
93
93
95
95
95
95
95
95
95
96
97
97
97
97
97
97
97
97
97
99
99
99
99
100
101
101
101
101
102
102
102
102
103
103
103
103
104
105
106
107
107
107
107
107
107
107
107
107
107
107
108
108
108
108
108
108
108
108
108
108
108
109
110
112
112
112
112
112
112
112
112
112
112
112
113
115
115
115
115
115
115
115
116
117
117
117
117
117
119
119
119
119
119
119
119
119
119
121
121
121
121
121
121
121
121
122
122
122
122
122
122
122
122
124
124
124
124
124
124
124
124
124
124
124
124
124
124
126
126
126
126
127
128
128
128
128
128
128
128
128
128
128
128
128
128
128
128
129
131
131
131
132
134
134
134
134
134
135
136
136
136
136
136
136
136
136
136
136
136
136
136
137
138
138
139
139
139
139
139
139
139
139
139
139
140
141
141
141
141
141
141
141
141
141
141
141
141
141
141
141
141
141
141
142
143
143
143
144
146
146
146
146
146
146
146
147
148
148
148
148
148
150
150
150
150
150
150
150
151
152
152
152
152
152
152
152
152
152
152
153
154
154
154
154
155
155
156
157
159
159
159
160
162
162
162
162
162
162
162
162
163
164
164
164
164
164
164
164
164
165
167
167
167
167
167
167
167
168
169
169
169
169
169
169
170
170
170
170
170
170
170
172
172
172
172
172
172
172
173
174
174
174
174
174
174
174
174
174
176
176
176
176
176
176
176
178
178
178
178
178
178
179
180
180
180
180
180
180
181
182
182
182
182
182
182
182
182
183
183
184
185
185
185
185
185
185
185
186
187
187
187
187
188
188
188
188
188
188
188
188
189
190
191
193
193
193
194
196
196
196
196
196
197
198
198
198
198
198
198
198
199
201
201
202
202
202
202
202
203
204
204
204
204
204
204
204
204
206
206
206
206
206
206
206
207
208
208
208
208
208
208
208
208
208
208
208
208
209
211
211
211
211
211
211
211
212
214
214
215
215
215
215
215
216
217
217
217
217
217
217
218
218
218
218
218
219
219
219
219
219
219
219
219
219
219
219
219
219
219
219
219
219
219
219
219
219
219
220
220
220
221
223
223
224
224
224
224
224
224
224
225
226
226
226
226
226
226
227
228
228
228
229
231
231
231
231
231
231
232
233
233
233
234
236
236
236
236
236
236
236
236
236
236
236
236
237
238
238
238
239
241
241
241
241
241
241
241
241
243
243
243
243
243
243
244
245
245
245
245
245
245
245
245
246
247
247
247
248
249
250
250
250
250
250
250
250
250
250
250
250
250
250
251
252
252
252
253
255
255
255
256
258
259
