6
6
6
6
6
6
6
6
6
8
8
8
8
8
8
8
8
8
8
8
8
8
8
9
9
9
9
9
9
9
9
9
9
9
9
9
9
10
10
10
10
10
10
10
10
10
10
10
10
10
10
11
11
11
11
11
11
11
11
11
11
11
11
11
11
12
12
12
12
12
12
12
12
12
12
12
12
12
12
13
13
13
13
13
13
13
13
13
13
13
13
13
13
14
14
14
14
14
14
14
14
14
14
14
14
14
14
15
15
15
15
15
15
15
15
15
15
15
15
15
15
16
16
16
16
16
16
16
16
16
16
16
16
16
16
18
18
18
18
18
18
18
20
20
20
20
20
20
20
20
20
20
20
21
21
21
21
21
21
21
21
21
21
21
21
21
22
22
22
22
22
22
22
22
22
22
22
23
23
23
23
23
23
23
23
23
24
24
24
24
24
24
24
24
24
26
26
26
26
26
27
28
28
28
28
28
28
28
28
28
28
28
28
28
28
28
30
30
30
30
32
32
32
32
32
32
32
32
32
33
34
34
34
34
34
34
34
34
34
36
36
36
36
36
36
36
36
36
36
36
36
36
36
36
37
39
39
39
39
39
40
41
41
41
42
44
44
44
44
44
44
44
44
44
44
44
44
44
45
46
46
46
46
47
48
48
48
48
48
48
48
48
48
48
48
48
48
49
51
51
51
51
51
51
51
51
51
51
51
52
54
54
54
54
54
54
54
54
54
54
55
56
56
56
56
57
58
58
58
58
58
58
58
58
58
59
61
61
61
61
61
61
61
61
61
62
64
64
64
64
64
64
64
64
64
64
65
66
66
66
66
67
68
68
68
68
68
68
68
68
68
69
71
71
71
71
71
71
71
71
71
72
74
74
74
74
74
74
74
74
74
74
75
76
76
76
76
77
78
78
78
78
78
78
78
78
78
79
81
81
81
81
81
81
81
81
81
82
84
84
84
84
84
84
84
85
86
86
86
86
86
86
86
86
88
88
88
88
88
88
88
88
88
88
90
90
90
90
90
90
90
90
90
90
90
90
90
90
92
92
92
92
92
92
92
92
92
92
92
92
94
94
94
94
94
94
94
94
94
94
94
94
96
96
96
96
96
96
96
96
96
96
96
96
98
98
98
98
98
98
98
98
98
98
98
98
100
100
100
100
100
100
100
100
100
100
102
102
102
102
102
102
102
102
102
102
102
102
102
102
104
104
104
104
104
104
104
104
104
104
104
104
105
105
105
105
105
105
105
105
105
105
105
107
107
107
107
107
107
107
108
108
108
108
108
108
108
108
108
108
108
108
108
108
109
109
109
109
109
109
109
110
110
110
110
110
110
110
111
111
111
111
111
111
111
112
112
112
112
112
112
112
113
113
113
113
113
113
113
115
115
115
115
115
115
115
115
115
115
115
115
115
115
116
117
117
117
117
117
117
117
117
117
117
117
117
119
119
119
119
119
119
119
120
121
121
121
121
121
121
121
121
121
121
121
121
121
121
122
122
122
122
122
122
122
123
125
125
125
125
125
125
125
125
125
125
125
125
125
126
128
128
128
128
128
128
128
130
130
130
130
130
130
130
131
132
133
