18
18
18
18
18
18
18
18
18
18
18
20
20
20
20
20
20
20
21
21
21
21
21
21
21
22
22
22
22
22
22
22
23
23
23
23
23
23
23
29
29
29
29
31
31
31
31
31
32
32
32
32
32
32
32
33
33
33
33
34
34
34
34
39
39
39
39
39
44
44
44
44
53
53
53
53
53
53
53
53
53
53
53
53
54
54
54
54
54
54
54
54
54
54
54
55
68
68
68
68
68
68
68
68
68
68
68
68
68
68
68
69
70
70
70
70
70
70
70
70
70
70
70
71
81
81
81
81
81
81
81
81
81
81
81
81
81
81
81
81
81
81
82
83
83
83
83
83
83
83
83
83
83
83
84
98
98
98
98
98
98
98
98
98
98
98
98
98
98
98
98
98
98
99
99
99
99
100
101
101
101
101
101
101
101
102
102
102
102
102
102
102
103
104
104
104
104
104
104
105
105
105
105
105
105
106
106
106
106
106
106
107
107
107
107
107
108
108
108
108
109
110
119
119
119
119
119
119
119
119
120
121
121
121
121
121
121
121
122
122
122
122
122
122
122
122
122
123
124
124
124
124
124
124
124
125
131
131
131
131
131
132
133
133
133
133
133
134
134
135
136
136
136
136
137
137
137
137
137
137
137
138
138
138
138
138
138
138
138
138
139
141
141
141
141
141
141
141
141
141
141
142
142
142
142
142
142
142
142
142
142
145
145
145
145
145
145
145
145
145
145
146
146
146
146
146
146
146
146
146
146
149
149
149
149
149
149
149
149
149
149
150
150
150
150
150
150
150
150
150
150
168
168
168
168
168
168
168
168
168
168
169
172
172
172
172
172
172
172
172
172
172
173
174
174
174
174
174
174
174
174
174
174
174
175
175
175
175
175
175
175
176
176
176
177
177
177
177
177
177
177
178
179
179
179
179
179
179
179
179
179
179
179
179
179
179
179
179
179
179
179
179
179
180
180
180
180
180
180
180
182
182
182
182
182
182
182
183
183
183
183
183
183
183
184
184
184
187
187
187
187
187
187
187
187
187
187
187
188
193
193
193
193
193
193
193
193
193
193
194
196
196
196
196
196
196
196
196
196
196
196
197
197
197
197
197
197
197
197
197
197
197
197
198
200
200
200
200
200
200
200
200
200
200
200
201
202
202
203
204
204
204
204
204
204
204
206
206
206
206
206
206
207
209
209
209
209
209
209
209
210
210
211
213
213
213
213
213
213
213
213
216
216
216
216
216
216
217
218
218
218
218
219
219
221
221
221
221
221
221
221
221
222
224
224
224
224
224
224
225
226
226
226
226
226
226
226
227
227
227
227
228
229
229
229
230
230
230
230
230
230
230
231
232
233
233
233
233
233
233
233
233
233
234
234
234
234
234
234
234
235
235
235
235
235
235
235
236
238
238
238
238
238
238
238
238
238
238
238
238
238
238
238
238
238
238
238
238
238
238
238
239
240
253
253
254
254
254
254
254
254
254
254
255
256
256
256
256
256
256
256
257
257
257
258
259
259
259
259
259
259
259
259
259
259
259
259
259
259
259
259
259
260
260
260
261
262
262
262
262
262
262
262
262
262
263
263
263
263
263
263
263
263
263
263
263
263
263
263
263
263
264
271
271
271
271
271
271
272
272
272
272
272
272
272
272
272
272
273
273
273
273
273
273
273
273
273
273
273
273
273
274
281
281
281
281
281
281
281
281
282
283
283
283
284
291
291
291
291
291
292
293
293
293
294
301
301
301
301
301
302
303
303
303
304
312
312
312
312
312
313
314
314
314
315
322
322
322
322
322
323
324
324
324
325
334
334
335
335
335
335
335
336
337
337
337
337
337
337
338
338
338
338
338
338
338
338
339
339
339
339
339
339
339
339
339
339
339
339
340
340
340
341
343
344
