18
18
18
18
18
18
18
18
18
18
18
23
23
23
23
29
29
29
29
29
29
29
29
29
29
29
29
29
29
29
32
32
32
32
32
32
32
32
32
32
32
32
32
32
32
34
34
34
34
34
37
37
37
37
37
37
37
37
37
37
37
37
37
37
37
37
37
37
37
37
37
37
37
37
37
37
37
37
37
37
37
37
37
37
37
37
37
37
37
37
37
37
37
37
37
37
37
37
37
37
38
38
38
38
38
38
38
41
41
41
41
41
41
41
41
41
41
41
41
41
41
41
41
41
41
41
41
41
41
41
41
41
41
41
41
41
41
41
41
41
41
41
41
41
41
41
41
41
41
41
41
41
41
41
41
41
49
49
49
49
49
49
49
49
49
49
49
50
50
50
50
50
50
50
51
53
53
53
53
53
54
54
54
54
54
55
55
55
55
55
57
57
57
57
57
58
58
58
58
58
60
60
60
60
61
61
61
61
61
62
64
64
64
64
64
64
64
65
65
65
65
65
65
65
65
65
66
68
68
68
68
68
68
68
68
68
68
68
69
69
69
69
69
69
69
69
69
70
72
72
72
72
72
72
72
73
73
73
73
73
73
73
74
76
76
76
76
76
76
76
76
76
76
76
77
77
77
77
77
77
77
77
77
78
80
80
80
80
80
80
80
80
80
80
80
80
80
80
80
81
81
81
81
81
81
82
82
82
82
82
82
83
83
83
83
83
83
84
91
91
91
91
91
91
92
92
92
92
92
92
92
92
92
92
92
93
95
98
