18
18
18
18
18
18
18
18
18
18
18
20
20
20
20
20
20
20
26
26
26
26
26
26
28
28
28
28
28
28
28
28
29
29
29
29
29
29
29
29
31
31
31
31
31
31
31
31
32
32
32
32
32
32
32
32
34
34
34
34
34
34
34
34
35
35
35
35
35
35
35
35
37
37
37
37
37
37
37
37
38
38
38
38
38
38
38
38
39
39
39
39
39
39
39
39
41
41
41
41
41
41
41
41
42
42
42
42
42
42
42
42
43
43
43
43
43
43
43
43
45
45
45
45
45
45
45
45
46
46
46
46
46
46
46
46
47
47
47
47
47
47
47
47
48
48
48
48
48
48
48
48
59
59
59
59
59
59
59
59
59
59
59
60
60
60
60
60
60
60
60
61
61
61
62
70
70
70
70
70
70
70
70
70
70
70
71
71
71
71
71
71
71
71
72
72
72
73
75
75
75
75
75
75
75
75
75
75
75
75
75
77
77
77
77
77
80
80
80
80
80
81
91
91
92
92
92
92
92
92
92
92
92
93
93
93
93
93
93
93
94
94
94
95
96
96
96
96
96
96
96
96
96
96
96
96
96
96
96
96
96
97
97
97
98
99
99
99
99
99
99
99
99
99
100
100
100
100
100
100
100
100
100
100
100
100
100
100
100
100
101
108
108
109
109
109
109
109
109
109
110
110
110
110
110
110
110
111
111
111
111
111
111
111
111
111
111
111
111
112
112
112
112
112
112
112
113
114
114
114
115
120
120
120
120
120
120
120
120
120
121
121
121
121
121
121
121
121
121
121
121
121
121
121
121
121
121
121
121
121
121
121
121
121
121
121
121
121
121
121
121
121
121
121
121
121
121
121
121
121
121
121
121
121
121
121
121
121
121
121
121
123
123
123
124
132
132
133
133
133
133
133
133
134
134
134
134
134
134
134
134
134
134
134
134
134
134
134
134
135
142
142
142
142
142
142
142
142
142
143
143
143
143
143
143
143
143
143
143
143
143
143
143
143
143
143
143
143
143
143
143
143
143
143
143
143
143
143
143
143
143
143
143
143
143
143
143
143
143
143
143
143
143
143
143
143
143
143
143
143
143
143
143
143
143
143
143
143
143
143
143
143
143
143
143
144
144
144
144
144
144
144
144
144
144
144
144
144
144
144
144
144
144
144
144
144
144
144
144
144
144
144
144
144
144
144
144
144
144
144
144
144
145
145
145
146
153
153
154
154
154
154
154
154
155
155
155
155
155
155
155
155
155
155
155
155
155
155
155
155
156
163
163
164
164
164
164
164
164
165
165
165
165
165
165
165
165
165
165
166
173
173
174
174
174
174
174
174
175
175
175
175
175
175
176
185
185
186
186
186
186
186
186
187
187
187
187
187
187
188
195
195
196
196
196
196
196
196
197
197
197
197
197
197
198
205
205
206
206
206
206
206
206
207
207
207
207
207
207
208
215
215
216
216
216
216
216
216
217
217
217
217
217
217
218
226
226
227
227
227
227
227
227
228
228
228
228
228
228
228
228
229
229
229
229
229
229
229
229
230
230
230
230
230
230
230
230
230
230
230
231
231
231
231
231
231
231
231
231
231
231
232
232
232
232
232
233
235
235
235
235
235
235
235
236
236
236
236
236
237
238
242
242
242
242
242
242
242
243
243
243
243
243
244
245
245
245
245
245
246
253
253
254
254
254
254
254
254
255
255
255
255
255
255
256
264
264
265
265
265
265
265
265
266
266
266
266
266
266
267
275
275
276
276
276
276
276
276
277
277
277
277
277
277
277
277
278
278
278
278
278
279
286
286
287
287
287
287
287
287
288
288
288
288
288
288
289
296
296
297
297
297
297
297
297
298
298
298
298
298
298
298
298
299
299
299
299
299
299
299
299
299
300
307
307
308
308
308
308
308
308
309
309
309
309
309
309
309
309
310
310
310
310
310
311
319
319
320
320
320
320
320
320
321
321
321
321
321
321
321
321
321
322
330
330
330
330
330
330
330
330
330
331
331
331
331
331
331
331
331
331
331
332
339
339
340
340
340
340
340
340
341
341
341
341
341
341
342
349
349
350
350
350
350
350
350
351
351
351
352
359
359
360
360
360
360
360
360
361
361
361
361
361
361
361
361
361
361
361
361
361
361
361
361
362
370
370
371
371
371
371
371
371
372
372
372
372
372
372
372
372
372
372
372
372
373
375
375
375
375
375
375
376
376
376
376
376
376
376
376
376
376
377
384
384
384
384
384
384
385
385
385
385
385
385
385
385
385
385
385
385
385
385
385
385
385
385
385
385
385
385
385
385
385
385
385
385
385
385
385
385
385
385
386
386
386
386
386
386
386
386
386
386
386
387
389
389
389
389
389
389
390
390
390
390
390
390
390
390
390
391
391
391
391
391
391
391
391
391
391
391
391
391
391
391
392
392
392
392
392
392
392
392
392
392
392
392
392
392
393
393
393
393
393
393
393
394
394
395
396
396
396
396
396
396
396
397
398
398
398
398
398
398
398
399
407
407
408
408
408
408
408
408
408
408
408
409
409
409
409
409
409
409
409
409
409
409
409
409
409
409
409
409
410
410
410
410
410
410
411
412
412
412
412
412
412
412
412
412
412
412
412
413
413
413
413
413
413
413
413
413
414
414
414
414
414
414
414
414
414
415
415
415
415
415
415
416
417
417
417
417
417
417
417
417
417
417
417
417
417
417
417
418
418
418
418
418
418
418
418
419
419
419
419
419
419
419
419
419
419
419
420
420
420
420
420
420
420
420
420
420
421
421
421
421
421
421
421
421
421
421
421
421
421
422
422
422
422
422
422
422
423
431
431
431
431
431
431
431
431
431
431
431
431
432
432
432
432
432
432
432
432
432
432
432
432
432
432
432
433
433
433
433
433
433
433
433
433
433
433
433
433
433
433
433
434
434
434
434
435
436
443
443
444
444
444
444
444
444
444
444
444
445
445
445
445
445
445
445
445
445
445
445
445
445
445
445
445
445
445
445
445
445
445
445
445
445
445
445
445
446
453
453
454
454
454
454
454
454
454
454
454
455
455
455
455
455
455
455
455
455
455
455
455
455
455
455
455
455
455
455
455
455
456
463
463
464
464
464
464
464
464
464
464
464
465
465
465
465
465
465
465
466
473
473
474
474
474
474
474
474
474
474
474
475
475
475
475
475
475
475
475
475
475
475
475
475
475
476
484
484
485
485
485
485
485
485
485
485
485
486
486
486
486
486
486
486
486
486
486
486
486
486
486
487
494
494
495
495
495
495
495
495
495
495
495
496
496
496
496
496
496
496
497
504
504
505
505
505
505
505
505
505
505
505
506
506
506
506
506
506
506
507
514
514
515
515
515
515
515
515
515
515
515
516
516
516
516
516
516
516
517
525
525
526
526
526
526
526
526
526
526
526
527
527
527
527
527
527
527
528
536
536
537
537
537
537
537
537
537
537
537
538
538
538
538
538
538
538
539
546
546
547
547
547
547
547
547
547
547
547
548
548
548
548
548
548
548
548
548
548
548
548
548
548
549
557
557
557
557
557
557
557
557
557
557
557
557
557
558
558
558
558
558
558
558
558
558
558
558
558
558
558
558
558
558
561
561
561
561
561
561
561
561
561
561
561
561
561
561
561
562
562
562
562
562
562
562
562
562
562
562
562
562
562
562
562
563
563
563
563
564
566
573
573
574
574
574
574
574
574
574
574
574
575
575
575
575
575
575
575
576
583
583
584
584
584
584
584
584
584
584
584
585
585
585
585
585
585
585
585
585
585
585
585
585
585
585
585
585
585
585
585
585
585
585
585
585
585
585
585
586
593
593
594
594
594
594
594
594
595
595
595
595
595
595
595
595
595
595
595
595
595
595
595
595
595
595
595
595
595
595
595
595
595
595
595
595
595
595
595
595
596
596
596
596
596
596
596
596
596
596
596
596
596
596
597
597
597
597
597
597
597
597
597
597
597
598
600
601
