18
18
18
18
18
18
18
18
18
18
18
20
20
20
20
20
20
20
21
21
21
21
21
21
21
22
22
22
22
22
22
22
23
23
23
23
23
23
23
24
24
24
24
24
24
24
25
25
25
25
25
25
25
26
26
26
26
26
26
26
26
26
27
27
27
27
27
27
27
27
27
28
28
28
28
28
28
28
29
29
29
29
29
29
29
31
31
31
31
31
31
31
31
31
31
31
32
32
32
32
32
32
32
32
32
32
32
33
33
33
33
33
33
33
33
33
33
33
34
34
34
34
34
34
34
34
34
34
34
34
34
35
35
35
35
35
35
35
35
35
35
35
35
35
51
51
51
51
51
51
53
53
53
53
53
53
53
53
57
57
57
57
57
57
57
57
57
59
59
59
59
59
59
59
59
61
61
61
61
61
61
61
61
63
63
63
63
63
63
63
63
65
65
65
65
65
65
65
67
67
67
67
67
67
67
68
68
68
68
68
68
68
73
73
73
73
73
73
73
73
73
75
75
75
75
76
76
76
78
78
78
79
79
79
80
80
80
81
81
81
81
81
81
86
86
86
86
91
91
91
91
91
92
92
92
92
92
93
93
93
93
94
94
94
94
95
95
95
95
96
96
96
96
96
96
96
96
96
97
97
97
97
97
97
97
97
98
103
103
104
104
104
104
104
104
104
104
105
105
105
105
105
105
106
106
106
106
106
106
106
106
106
106
106
106
106
106
107
107
107
107
107
107
107
107
107
107
107
107
107
107
108
108
108
108
109
109
109
109
109
110
118
118
119
119
119
119
119
119
119
119
120
120
120
120
120
120
121
121
121
121
122
122
122
122
123
123
123
123
124
124
124
124
124
124
125
125
125
125
125
126
133
133
133
133
133
133
133
133
134
134
134
136
136
136
136
136
136
136
136
137
137
137
137
137
137
137
138
138
138
138
138
138
138
139
139
139
139
139
139
139
139
139
139
140
140
141
142
142
142
142
142
142
142
142
143
144
149
149
150
150
150
150
150
150
151
151
151
152
154
154
154
154
154
154
154
154
155
155
155
155
157
157
157
157
157
157
158
158
158
158
158
158
158
158
160
160
160
160
160
160
160
161
161
161
161
161
161
161
162
164
164
164
164
164
164
164
164
164
164
165
165
165
165
165
165
166
166
166
166
166
166
166
166
166
166
166
166
167
167
167
167
167
167
168
168
168
168
168
168
168
168
168
168
168
168
169
169
169
169
169
169
170
170
170
171
171
171
171
171
171
171
171
171
172
174
174
174
174
174
174
174
175
175
175
175
177
177
177
177
177
177
177
177
177
178
188
188
188
188
188
188
189
189
189
189
189
189
189
189
189
189
191
191
191
191
191
191
191
191
191
192
192
192
192
192
192
192
193
193
193
193
193
193
193
193
193
194
196
196
196
196
196
196
196
197
207
207
207
207
207
207
207
207
208
208
208
208
208
208
208
208
208
208
209
216
216
216
216
216
216
217
217
217
218
228
228
228
228
228
228
228
228
228
228
228
228
228
228
228
228
228
229
229
229
229
229
230
239
239
239
239
239
239
239
239
239
239
239
240
240
240
240
240
240
240
240
240
240
240
240
240
241
251
251
251
251
251
251
251
251
251
251
251
251
251
251
251
252
252
252
252
252
252
252
252
252
252
252
252
252
253
262
262
262
262
262
262
262
262
262
262
262
263
263
263
263
263
263
263
263
264
274
274
274
274
274
274
274
274
274
274
274
274
274
274
274
275
275
275
275
275
275
275
276
276
276
276
276
276
276
277
278
278
278
278
278
278
278
278
278
279
279
279
279
279
279
279
281
281
281
281
281
281
281
282
282
282
282
282
282
282
283
283
283
283
283
283
283
284
285
285
285
285
285
285
285
285
285
287
287
287
287
287
287
287
287
287
287
288
288
288
288
288
288
288
289
289
289
289
289
289
291
291
291
291
291
291
291
293
293
293
293
294
294
294
295
302
302
302
302
302
302
302
302
302
303
303
303
303
304
305
306
