18
18
18
18
18
18
18
18
18
18
18
25
25
25
25
25
27
27
27
27
27
27
27
27
28
28
28
28
28
28
28
28
29
29
29
29
29
29
29
29
30
30
30
30
30
30
30
30
31
31
31
31
31
31
31
31
32
32
32
32
32
32
32
32
33
33
33
33
33
33
33
33
34
34
34
34
34
34
34
34
35
35
35
35
35
35
35
35
36
36
36
36
36
36
36
36
37
37
37
37
37
37
37
37
38
38
38
38
38
38
38
38
39
39
39
39
39
39
39
39
40
40
40
40
40
40
40
40
41
41
41
41
41
41
41
41
42
42
42
42
42
42
42
42
43
43
43
43
43
43
43
43
44
44
44
44
44
44
44
44
45
45
45
45
45
45
45
45
46
46
46
46
46
46
46
46
47
47
47
47
47
47
47
47
57
57
57
57
57
57
57
57
57
57
58
58
58
58
58
58
58
58
58
59
69
69
69
69
69
69
69
69
69
69
70
70
70
70
70
70
70
70
70
71
81
81
81
81
81
81
81
81
81
81
82
82
82
82
82
82
82
82
82
83
94
94
94
94
94
94
94
94
94
94
95
95
95
95
95
95
95
95
95
96
109
109
109
109
109
109
109
109
109
109
110
110
110
110
110
110
110
110
110
111
114
114
114
114
114
115
117
118
