18
18
18
18
18
18
18
18
18
18
18
20
20
20
20
20
20
20
21
21
21
21
21
21
21
22
22
22
22
22
22
22
23
23
23
23
23
23
23
24
24
24
24
24
24
24
25
25
25
25
25
25
25
26
26
26
26
26
26
26
27
27
27
27
27
27
27
28
28
28
28
28
28
28
29
29
29
29
29
29
29
30
30
30
30
30
30
30
31
31
31
31
31
31
31
32
32
32
32
32
32
32
33
33
33
33
33
33
33
34
34
34
34
34
34
34
36
36
36
36
36
36
36
36
36
36
36
36
36
37
37
37
37
37
37
37
37
37
37
37
37
37
80
80
80
80
80
80
81
81
81
81
82
82
82
82
82
83
88
88
88
88
88
88
89
89
89
89
89
91
91
91
91
93
93
93
95
95
95
95
95
95
95
95
96
96
96
96
97
102
102
102
102
102
102
102
102
102
102
102
102
102
102
102
102
102
102
102
103
103
103
103
103
103
103
103
103
103
103
104
104
104
104
104
104
104
104
106
106
106
106
106
106
106
106
106
106
106
107
107
107
107
107
107
107
108
111
111
111
111
111
112
112
112
112
112
112
112
112
112
113
115
115
115
116
121
121
121
121
121
121
121
121
121
121
121
122
122
122
122
122
122
122
122
122
122
123
123
123
123
123
123
123
124
124
124
124
124
124
124
125
126
126
126
126
126
126
126
126
126
126
128
128
128
128
128
129
131
131
131
131
131
131
131
131
131
131
132
132
132
132
132
132
132
133
134
134
134
134
134
134
134
134
134
135
135
136
137
137
137
137
137
137
137
137
137
137
138
138
138
138
138
138
139
139
139
139
139
139
139
140
141
146
146
146
146
146
146
146
146
146
146
146
146
146
147
147
147
147
147
148
148
149
149
149
149
149
149
149
149
149
150
150
150
150
151
151
151
151
151
151
151
151
151
151
151
151
151
151
151
151
151
151
151
151
151
151
151
152
152
153
155
155
156
156
156
156
156
156
156
156
156
156
156
156
156
156
156
156
156
156
156
156
156
156
156
157
157
157
157
157
157
157
157
158
158
158
158
158
158
158
158
158
158
158
158
158
158
158
158
158
158
158
158
158
158
158
158
158
158
158
158
158
158
158
159
159
160
160
160
160
160
160
160
160
161
161
161
161
161
161
161
161
161
161
161
161
161
161
161
161
161
161
161
161
161
161
161
161
161
161
161
161
161
161
161
162
162
163
165
165
165
165
165
165
165
165
165
165
165
165
165
166
166
166
166
166
166
166
166
167
169
169
169
169
169
169
169
169
169
169
169
169
169
169
171
171
171
173
173
173
173
173
174
174
174
174
174
176
176
176
176
176
176
176
178
178
178
178
178
182
182
182
182
182
182
182
182
182
182
182
182
183
183
183
183
183
184
184
184
184
184
184
184
184
184
185
185
185
185
185
185
185
185
186
186
186
186
187
189
189
189
189
189
189
189
189
189
189
189
189
189
189
189
189
189
189
189
189
189
189
189
189
189
189
190
190
190
190
190
190
190
191
193
193
193
193
195
195
195
195
195
197
197
197
197
197
197
197
197
197
197
197
197
197
197
197
197
197
197
197
197
197
197
197
197
197
197
197
197
197
197
197
197
197
197
197
197
197
197
197
197
199
199
199
199
199
199
199
203
203
203
203
203
203
203
204
204
204
204
205
205
205
205
205
205
205
205
205
205
205
205
205
205
205
205
205
205
205
205
205
205
205
206
207
207
208
208
208
208
208
208
208
208
209
209
209
209
209
209
209
209
210
210
210
210
210
210
210
211
211
211
212
215
215
215
216
216
216
216
216
216
216
217
217
218
219
221
221
221
221
221
221
221
221
221
221
221
221
221
221
222
222
222
222
222
222
223
223
223
223
223
223
223
223
223
223
223
224
225
225
226
229
229
229
229
229
229
229
229
229
230
230
230
230
230
230
230
230
230
230
230
236
236
236
236
237
237
237
239
239
239
240
240
240
240
240
240
240
242
242
242
242
243
244
244
244
244
245
246
247
247
247
248
248
249
249
249
249
249
249
249
250
250
250
250
250
250
251
252
252
252
252
252
252
252
252
254
255
256
261
261
261
261
261
261
261
261
261
261
261
261
261
262
262
262
262
262
263
263
264
264
264
264
264
264
264
264
264
265
265
265
265
266
266
266
266
266
266
266
266
266
266
266
266
266
266
266
266
266
266
266
266
266
266
266
267
267
268
270
270
270
270
270
271
271
271
271
271
271
271
271
271
271
273
273
274
274
274
274
274
274
274
274
274
274
274
274
274
275
275
275
275
275
275
275
275
275
276
276
276
276
276
276
276
276
276
276
276
276
276
276
276
276
276
276
276
276
276
276
276
276
276
276
276
277
277
278
279
279
279
279
279
279
279
279
279
279
279
279
281
281
281
281
281
281
281
281
281
281
281
281
281
282
282
282
282
282
282
282
282
283
284
284
284
284
284
284
284
284
285
285
285
285
285
285
285
285
285
285
285
285
285
285
285
285
285
285
285
285
285
285
285
285
285
285
285
285
285
285
285
286
286
287
289
289
289
289
289
289
289
289
289
289
289
289
289
289
289
289
289
289
289
289
289
290
290
290
290
290
290
290
292
292
292
292
292
294
294
294
294
294
296
296
296
296
296
298
298
298
298
299
299
299
299
299
299
299
299
299
299
299
299
299
299
299
299
299
299
299
299
299
299
299
299
299
299
299
299
299
299
299
299
299
299
299
299
301
301
301
301
301
301
301
305
305
305
305
305
305
305
306
306
306
306
307
307
307
307
307
307
307
307
307
307
307
307
307
307
307
307
307
307
307
307
307
307
307
308
310
310
311
311
311
311
311
311
311
311
312
312
312
312
312
312
312
312
313
313
313
313
313
313
313
314
314
314
315
317
317
317
317
317
317
317
318
318
318
319
319
320
321
323
323
323
323
323
323
323
325
325
325
325
325
325
325
325
325
325
325
325
325
325
325
325
325
325
325
325
326
326
326
326
326
326
326
327
327
327
327
327
327
327
327
327
327
327
327
327
327
327
327
328
328
328
328
328
328
329
329
329
329
329
329
329
329
329
329
329
330
331
331
332
332
332
333
333
333
333
333
333
333
333
333
333
333
333
333
333
333
334
334
334
334
334
334
334
334
334
334
334
334
334
334
334
334
334
335
335
335
335
335
335
335
335
335
335
335
335
335
335
335
336
336
336
336
336
336
336
336
336
336
336
336
336
336
336
338
338
338
338
338
338
338
338
338
338
338
338
338
338
338
341
341
341
341
341
341
341
341
341
341
341
342
342
342
342
343
345
345
345
345
345
345
345
345
345
345
345
345
345
345
345
345
345
345
345
345
346
346
346
346
346
346
346
347
347
347
347
347
347
347
347
347
349
349
349
349
349
349
353
353
353
353
353
353
353
353
353
353
353
353
353
353
353
354
354
355
355
355
355
355
355
355
355
356
356
356
356
356
356
356
356
359
359
360
362
362
362
362
362
362
362
362
362
362
362
362
362
362
362
362
362
362
362
362
362
362
362
362
362
362
362
362
362
362
362
362
362
362
362
362
362
364
364
364
364
364
364
364
364
364
364
364
364
364
364
364
364
364
364
364
364
364
364
364
365
365
365
365
366
366
366
370
370
370
370
370
370
370
371
372
375
375
376
377
378
379
379
379
380
380
380
380
380
380
380
381
381
381
381
381
381
382
383
384
389
389
389
389
389
389
389
389
389
389
389
389
389
390
390
390
390
390
390
390
390
390
390
391
391
391
391
391
391
391
392
392
392
393
394
394
394
394
394
394
394
394
394
394
395
395
395
396
397
397
397
397
397
397
397
397
398
400
400
401
401
401
401
401
401
402
402
403
403
403
403
403
403
405
405
405
405
405
405
406
406
406
406
406
406
406
408
408
408
408
408
408
410
410
410
410
410
410
410
411
411
411
411
411
411
411
411
412
412
412
412
412
412
412
412
412
413
413
413
413
413
413
413
413
414
414
414
415
415
415
415
415
415
415
415
415
415
415
416
417
417
417
417
417
417
417
417
418
418
418
418
418
418
419
419
419
419
419
419
419
419
419
420
421
421
421
422
422
423
423
423
423
423
423
423
423
423
423
423
423
423
424
424
424
424
424
424
425
425
425
425
425
425
426
427
427
427
427
427
427
427
427
429
430
430
430
430
430
431
431
431
431
431
431
431
432
433
434
436
436
436
436
436
436
437
437
437
437
438
438
439
439
439
439
439
439
440
440
440
440
440
440
440
440
442
443
444
446
446
446
446
446
446
446
446
448
448
448
448
448
448
448
448
448
448
448
448
448
448
449
449
450
450
450
450
450
450
450
450
450
450
450
450
450
451
453
453
454
454
454
454
454
454
454
454
454
455
456
456
456
457
457
457
457
457
457
457
457
457
457
457
457
457
457
457
458
458
458
458
458
459
459
459
459
460
460
460
460
461
461
461
461
462
462
462
462
462
463
463
463
463
463
465
465
465
465
467
467
467
467
467
470
470
470
470
472
472
472
472
473
473
473
473
473
473
474
474
474
474
476
476
476
476
496
496
496
496
496
496
496
496
496
496
496
496
496
496
496
496
496
496
496
496
496
496
496
497
497
497
497
497
497
497
497
497
497
497
498
498
498
498
499
499
499
499
500
500
500
500
501
501
501
501
501
501
501
501
501
501
502
502
502
502
502
502
502
502
502
502
503
503
503
503
503
503
503
504
524
524
524
524
524
524
524
524
524
524
524
524
524
524
524
524
524
524
524
524
524
524
524
525
525
525
525
525
525
525
525
525
525
525
526
526
526
526
527
527
527
527
528
528
528
528
528
529
529
529
529
529
529
529
530
530
530
530
530
530
530
530
530
530
530
530
530
531
531
531
531
531
531
531
531
531
531
531
531
531
531
531
532
532
532
532
532
532
532
532
533
534
535
535
535
535
535
535
535
535
535
535
536
536
536
536
536
536
536
536
536
536
537
537
537
537
538
538
538
538
538
538
538
539
558
558
558
558
558
558
558
558
558
558
558
558
558
558
558
558
558
558
558
558
558
558
558
559
559
559
559
559
559
559
560
560
560
560
561
561
561
561
562
562
562
562
562
562
562
562
562
562
563
563
563
563
563
563
563
563
563
563
564
564
564
564
565
565
565
565
565
565
565
566
582
582
582
582
582
582
582
582
582
582
582
582
582
582
582
582
582
582
583
583
583
583
583
583
583
583
583
583
583
583
583
583
583
584
586
586
587
587
587
587
587
587
587
587
588
588
588
588
589
596
596
596
596
596
596
597
597
597
598
605
605
605
605
605
605
606
606
606
607
615
615
615
615
615
615
615
615
616
616
616
616
616
616
616
616
616
617
617
617
618
619
619
619
619
620
625
625
625
625
625
625
625
625
625
625
625
625
625
625
625
626
626
626
626
626
626
626
626
626
626
626
626
626
626
626
627
627
627
627
627
627
629
629
629
629
629
629
629
629
630
630
630
630
630
630
630
630
630
630
630
630
630
630
630
630
630
631
631
631
631
631
631
631
631
631
631
631
632
634
634
634
634
634
634
634
634
635
635
635
635
635
635
635
635
635
635
635
635
635
635
635
635
635
636
636
636
636
636
636
636
636
636
636
636
637
639
639
639
639
639
639
639
642
642
642
642
642
642
642
642
645
645
645
645
645
645
645
647
647
647
647
647
647
647
648
648
648
648
648
648
648
648
648
649
649
649
650
650
650
650
650
650
650
651
653
653
653
653
653
653
653
653
654
654
654
654
654
654
654
655
655
655
655
655
655
656
661
661
661
661
661
662
662
662
662
662
662
663
665
665
666
666
666
666
666
666
667
667
668
668
668
668
668
668
669
669
669
669
671
671
671
671
671
671
671
671
673
673
673
673
673
673
673
673
673
673
674
674
674
674
674
675
675
675
675
675
675
675
676
678
678
678
678
678
678
678
678
678
678
679
679
679
679
679
679
679
680
680
680
680
680
680
681
682
682
682
682
682
682
682
682
683
683
683
683
683
683
684
684
684
684
685
685
685
685
685
685
685
685
685
686
687
687
687
688
688
688
688
689
689
689
689
689
689
689
689
689
689
689
689
689
690
690
690
690
690
690
691
692
693
698
698
698
698
698
698
698
698
698
698
698
698
698
698
699
699
699
699
699
699
699
700
707
707
707
707
707
707
707
707
707
708
708
708
708
708
708
709
716
716
716
716
716
716
716
716
716
717
717
717
717
717
717
718
725
725
725
725
725
725
725
725
725
726
726
726
726
726
726
726
727
727
727
727
727
727
727
728
729
729
729
729
730
738
738
738
738
738
738
738
738
738
739
739
739
739
739
739
739
740
740
740
740
740
740
740
741
742
742
742
742
743
748
748
748
748
748
748
749
749
749
749
751
751
751
751
751
752
752
752
752
752
752
752
752
752
753
755
755
756
756
756
756
756
756
757
757
757
757
757
757
757
757
759
761
761
762
762
762
762
762
762
763
763
763
763
763
763
763
763
765
766
767
768
