18
18
18
18
18
18
18
18
18
18
18
20
20
20
20
20
20
20
21
21
21
21
21
21
21
38
38
38
38
38
42
42
42
42
42
42
42
47
47
47
47
47
47
47
47
52
52
52
52
52
52
52
52
57
57
57
57
57
57
57
57
62
62
62
62
62
62
62
62
67
67
67
67
67
67
67
67
73
73
73
73
73
73
73
73
83
83
83
83
83
83
83
83
83
83
83
83
83
84
84
84
84
84
84
85
85
85
85
85
87
87
87
87
87
87
87
87
87
87
87
88
88
88
88
88
88
88
89
91
91
91
91
91
91
91
91
93
93
93
93
93
93
93
93
94
94
94
95
95
95
95
95
95
95
95
96
96
97
97
97
98
98
98
98
98
98
98
98
99
99
100
100
100
101
101
101
101
101
101
101
101
102
102
103
103
103
104
104
104
104
104
104
104
104
105
105
106
106
106
107
107
107
107
107
107
107
107
108
108
109
109
110
110
110
110
110
110
110
111
113
113
113
114
117
117
117
120
120
120
123
123
123
132
132
132
132
132
132
132
132
132
132
132
132
132
132
132
133
133
133
133
133
133
134
134
134
134
134
134
135
135
135
135
135
135
136
143
143
143
143
143
143
143
144
144
144
145
152
152
152
152
152
152
152
153
153
153
154
161
161
161
161
161
161
161
162
162
162
163
172
172
172
172
172
172
172
183
183
183
183
183
183
183
183
183
183
183
183
183
190
190
190
190
190
190
190
190
190
190
191
191
191
191
191
191
192
199
199
199
199
199
199
199
199
199
199
200
200
200
200
200
200
201
208
208
209
209
209
209
209
209
210
210
210
210
210
210
210
210
210
210
210
211
212
213
