18
18
18
18
18
18
18
18
18
18
18
18
18
20
20
20
20
20
20
20
20
20
22
22
22
22
22
22
22
22
22
22
22
22
22
23
23
23
23
23
23
23
23
23
23
23
23
23
24
24
24
24
24
24
24
24
24
24
24
24
24
37
37
37
38
38
39
42
42
42
42
42
42
42
42
44
44
44
44
44
44
44
44
44
44
44
44
44
44
46
46
46
46
46
46
46
46
46
46
46
46
46
69
69
70
70
70
70
70
70
70
70
71
71
72
73
73
73
73
73
73
73
73
73
73
74
74
74
74
74
74
74
74
75
117
117
118
118
118
118
118
118
118
118
119
120
120
120
120
120
120
120
121
121
121
121
121
121
121
122
123
123
123
123
123
123
123
123
124
127
127
127
127
127
127
127
127
127
127
127
127
127
128
128
128
128
128
131
131
131
131
131
131
131
131
131
131
131
131
131
131
132
133
134
134
134
134
134
134
134
134
134
134
134
134
134
134
135
135
136
136
136
136
136
136
136
136
136
136
136
137
137
137
137
137
137
137
137
138
138
138
138
138
138
138
138
138
139
139
140
140
140
140
140
140
141
141
141
141
141
141
141
141
141
141
142
142
142
142
142
142
142
142
142
143
144
144
144
144
144
144
144
144
146
147
149
149
149
149
149
149
149
150
150
150
150
150
150
150
150
150
150
150
150
150
150
150
150
150
151
151
151
151
151
151
151
151
151
151
151
152
153
153
153
153
153
153
153
153
153
153
154
156
156
156
156
156
156
156
156
156
156
156
156
157
158
158
158
158
158
158
158
158
158
158
159
160
160
160
160
160
160
160
160
160
160
160
160
161
162
162
162
162
162
162
162
162
163
164
164
164
164
164
164
164
164
164
164
164
164
165
166
166
166
166
166
166
166
167
168
168
168
168
168
168
168
168
168
168
168
168
169
170
170
170
170
170
170
170
170
171
172
172
172
172
172
172
172
172
172
172
172
172
173
173
173
173
173
173
173
173
173
174
175
175
175
175
175
175
175
176
177
177
177
177
177
177
177
177
177
177
177
177
178
179
179
179
179
179
179
179
180
181
181
181
181
181
181
181
181
181
181
181
181
182
183
183
183
183
183
183
183
183
184
185
185
185
185
185
185
185
185
185
185
185
185
186
187
187
187
187
187
187
187
187
188
189
189
189
189
189
189
189
189
189
189
189
189
190
193
193
193
193
193
193
193
193
194
195
196
197
197
197
197
197
197
197
197
197
198
199
201
201
201
201
201
201
201
202
202
202
202
202
202
202
202
202
202
202
202
203
204
204
204
205
208
208
208
208
208
209
210
210
210
210
210
210
211
213
213
213
213
213
213
214
214
214
214
214
214
215
217
217
217
217
217
218
219
219
219
219
219
219
220
229
229
229
229
229
229
229
229
230
231
231
231
231
231
231
231
231
231
231
231
231
232
232
232
232
232
232
232
233
234
234
234
234
234
234
234
235
237
237
237
237
237
237
237
237
237
237
237
237
237
237
237
237
238
238
238
238
238
238
238
238
239
240
240
240
240
240
240
241
241
241
241
241
242
242
242
242
242
242
242
242
242
242
242
242
242
242
242
242
242
243
243
243
244
246
246
246
246
246
247
248
248
248
248
248
248
249
251
251
251
251
251
252
253
253
253
253
253
253
254
263
263
263
263
263
263
263
263
264
265
265
265
265
265
265
266
266
266
266
266
266
266
266
266
266
266
266
266
267
268
268
268
268
268
268
268
269
271
271
271
271
271
271
271
271
271
271
271
271
271
271
271
271
272
272
272
272
272
272
272
272
273
274
274
274
274
274
274
275
275
275
275
275
276
276
276
276
276
276
276
276
276
276
276
276
276
276
276
276
276
277
277
277
278
280
280
280
280
280
281
282
282
282
282
282
282
283
285
285
285
285
285
286
287
287
287
287
287
287
288
290
292
