18
18
18
18
18
18
18
18
18
20
20
20
20
20
20
20
21
21
21
21
21
21
21
30
30
30
30
30
30
31
31
31
31
31
32
32
32
32
32
33
33
33
33
33
34
34
34
34
34
42
42
42
42
42
42
42
42
43
43
43
43
43
43
43
43
43
44
54
54
54
54
54
54
54
54
54
54
54
54
55
55
55
55
55
55
55
55
55
55
55
56
67
67
67
67
67
67
67
67
67
67
67
67
67
67
67
67
68
68
68
68
68
68
68
68
68
68
68
68
68
69
81
81
81
81
81
81
81
81
81
81
81
81
81
81
81
81
81
81
81
81
82
82
82
82
82
82
82
82
82
82
82
82
82
82
82
83
90
90
90
90
90
90
90
90
91
91
91
91
91
91
91
92
102
102
102
102
102
102
102
102
102
102
102
102
103
103
103
103
103
103
103
103
103
103
103
103
104
115
115
115
115
115
115
115
115
115
115
115
115
115
115
115
115
116
116
116
116
116
116
116
116
116
116
116
117
129
129
129
129
129
129
129
129
129
129
129
129
129
129
129
129
129
129
129
129
130
130
130
130
130
130
131
131
131
131
131
131
132
132
132
132
132
132
133
133
133
133
133
133
134
136
136
136
136
136
136
136
136
136
137
137
137
137
137
137
137
138
138
138
139
140
140
140
140
140
140
140
140
140
140
140
140
140
141
141
141
141
141
141
141
142
142
142
142
142
142
142
142
142
143
143
143
143
143
143
143
143
143
143
143
143
143
143
144
144
144
144
144
144
144
145
145
145
145
145
145
145
145
145
145
145
145
146
146
146
146
146
146
146
147
148
148
148
149
151
151
152
152
152
152
152
152
152
152
152
153
153
153
153
153
154
154
154
154
154
154
154
155
156
156
156
156
156
157
157
157
157
157
157
157
157
157
157
158
158
158
158
158
158
158
158
158
158
158
158
158
158
158
158
158
159
159
159
159
159
159
159
160
160
160
160
160
160
160
161
161
161
162
162
162
162
162
162
163
163
163
163
163
163
163
163
163
163
164
164
164
164
164
164
164
164
164
165
165
165
165
165
165
165
165
165
165
165
165
165
165
165
165
165
165
165
165
165
165
166
166
166
166
166
166
166
167
167
167
167
167
167
167
168
168
168
169
169
169
169
169
169
169
169
169
169
169
169
169
169
170
171
172
172
172
173
173
173
173
173
173
173
173
173
173
173
173
173
173
174
175
175
175
175
175
175
176
178
178
179
179
179
179
179
179
179
179
179
180
180
180
180
180
181
181
181
181
181
181
181
182
183
183
183
183
183
183
183
183
183
183
183
184
184
184
184
184
184
185
186
187
