18
18
18
18
18
18
18
18
18
18
18
18
18
20
20
20
20
20
20
20
21
21
21
21
21
21
21
22
22
22
22
22
22
22
24
24
24
24
24
24
24
24
24
24
24
25
25
25
25
25
25
25
25
25
25
25
26
26
26
26
26
26
26
26
26
26
26
26
26
27
27
27
27
27
27
27
27
27
27
27
27
27
36
36
36
36
36
38
38
38
38
38
38
38
38
38
38
38
38
39
39
39
40
40
40
40
41
41
41
41
42
42
42
42
43
43
43
44
44
44
44
45
45
45
45
46
46
46
46
47
47
47
47
47
48
48
48
48
48
48
48
48
48
49
49
49
49
50
50
50
50
51
51
51
51
53
53
53
53
53
53
53
53
53
54
54
54
54
54
54
54
54
54
55
55
55
55
55
55
55
56
58
58
58
58
58
58
58
59
59
59
59
59
59
59
59
59
60
60
60
60
60
60
60
60
60
61
61
61
61
61
61
61
62
62
62
62
62
62
62
62
62
62
62
62
63
64
64
64
64
64
64
64
65
65
65
65
65
65
65
66
66
66
66
66
66
66
67
67
67
67
67
67
67
68
68
68
68
68
68
68
68
68
69
69
69
69
69
69
69
69
69
70
70
70
70
70
70
70
71
71
71
71
71
71
71
71
71
71
71
71
72
73
73
73
73
73
73
73
74
74
74
74
74
74
74
75
75
75
75
75
75
75
77
77
77
77
77
77
77
77
77
77
77
77
77
77
77
77
78
78
78
78
78
78
78
79
79
79
79
79
79
79
80
80
80
80
80
80
80
81
81
81
81
81
81
81
83
83
84
84
84
84
85
85
85
85
85
85
85
86
86
86
86
86
86
86
86
86
87
87
87
88
88
88
88
88
88
88
89
90
90
90
90
90
90
90
90
90
90
90
90
90
92
92
92
92
92
92
92
92
94
94
94
94
94
94
94
94
94
94
94
95
95
95
95
95
95
96
96
96
96
96
96
96
96
96
97
97
97
97
97
97
97
98
99
99
99
99
99
99
99
99
100
100
100
100
100
100
100
100
100
101
101
102
102
102
102
102
102
103
103
103
103
103
103
103
103
105
106
107
107
107
107
107
107
107
107
107
108
108
108
108
108
108
109
109
109
109
109
109
109
110
112
112
113
113
113
113
114
114
114
114
114
114
114
115
115
115
115
115
115
115
115
115
116
116
116
117
117
117
117
117
117
117
118
119
119
119
119
119
119
119
119
119
119
119
119
119
121
121
121
121
121
121
121
121
123
123
123
123
123
123
123
123
123
123
123
124
124
124
124
124
124
125
125
125
125
125
125
125
125
125
126
126
126
126
126
126
126
127
128
128
128
128
128
128
128
128
129
129
129
129
129
129
129
129
129
130
130
131
131
131
131
131
131
132
132
132
132
132
132
132
132
134
135
136
136
136
136
136
136
136
136
136
137
137
137
137
137
137
138
138
138
138
138
138
138
139
141
141
141
141
142
142
142
142
142
142
142
142
142
142
142
142
142
143
143
143
143
143
143
143
143
143
143
143
144
144
144
145
147
147
147
147
147
147
147
147
147
147
147
147
147
148
148
148
148
148
148
148
148
148
148
148
149
149
149
150
153
153
153
153
153
153
155
155
155
155
155
155
155
155
155
155
155
155
155
155
155
155
155
155
155
155
155
155
164
164
164
164
164
164
164
164
164
164
164
164
164
164
164
164
164
164
164
165
165
165
165
165
165
165
165
165
166
166
166
167
170
170
170
170
170
170
171
171
171
171
171
171
173
173
173
173
173
173
173
173
174
174
174
174
174
174
175
175
175
175
175
175
175
176
176
176
177
177
178
178
178
178
178
178
178
178
178
179
179
179
179
179
179
180
180
180
180
180
180
181
182
182
182
182
182
182
182
182
184
186
186
187
187
187
187
187
187
187
187
187
188
188
188
188
188
188
189
189
189
189
189
189
190
191
191
191
191
191
191
191
191
193
194
195
196
197
