6
6
6
6
6
6
6
6
6
8
8
8
8
8
8
8
9
9
9
9
9
9
9
10
10
10
10
10
10
10
11
11
11
11
11
11
11
12
12
12
12
12
12
12
13
13
13
13
13
13
13
14
14
14
14
14
14
14
14
14
16
16
16
17
18
18
18
18
18
18
18
18
18
18
18
18
18
18
18
18
21
21
21
21
21
21
21
21
21
21
21
21
21
21
23
23
23
23
23
23
24
24
24
24
24
24
25
25
25
25
25
25
27
27
27
27
28
30
32
32
32
32
32
32
33
34
34
34
34
34
34
35
37
37
37
37
37
37
37
38
39
39
39
39
39
40
40
40
40
41
42
42
42
42
42
42
42
43
45
45
45
45
45
45
46
47
47
47
47
47
47
47
47
47
47
48
50
50
50
50
50
52
52
52
52
52
52
52
52
52
53
54
54
54
54
54
54
54
54
54
54
54
55
56
57
58
58
58
58
59
61
61
61
61
61
61
61
61
61
63
63
63
63
63
63
64
65
65
65
65
66
68
68
68
68
68
68
69
70
70
70
70
71
73
75
75
75
75
75
76
77
77
77
77
77
77
78
78
78
78
79
79
79
79
80
82
82
82
82
82
82
82
82
82
82
82
82
82
82
82
83
84
84
84
84
84
84
84
84
84
84
84
84
84
84
84
84
84
84
84
84
84
84
84
84
84
86
86
86
86
86
86
86
86
86
86
86
86
86
86
86
86
86
86
86
86
87
88
88
89
89
89
89
89
89
89
89
89
89
89
89
89
89
89
89
89
89
89
89
90
91
91
91
91
91
91
91
91
91
91
91
91
91
91
91
91
92
93
93
93
95
95
95
96
102
102
102
102
102
102
102
103
104
104
104
104
104
106
106
106
106
106
106
106
106
108
108
108
108
109
110
110
110
110
110
110
110
110
110
110
111
113
113
113
113
113
113
113
115
115
115
115
115
115
115
115
115
117
117
117
117
117
117
118
119
119
119
119
119
119
119
119
119
119
119
120
121
121
121
121
121
121
121
122
123
123
123
123
124
125
126
127
127
127
127
127
127
127
127
127
127
127
127
127
128
128
128
128
128
128
128
128
128
128
128
128
128
128
128
130
130
130
130
130
130
130
130
130
131
133
133
133
134
136
136
136
136
136
137
138
138
138
139
141
141
141
141
141
142
143
143
143
144
145
146
