6
6
6
6
6
6
6
6
6
8
8
8
8
8
8
8
9
9
9
9
9
9
9
11
11
11
11
11
11
11
12
12
12
12
12
12
12
13
13
13
13
13
13
13
14
14
14
14
14
14
14
15
15
15
15
15
15
15
29
29
29
30
31
31
31
31
31
31
31
31
31
31
31
31
31
31
31
33
33
33
33
33
33
34
35
35
35
35
35
36
36
36
36
36
37
37
37
37
37
38
38
38
38
38
39
39
39
39
39
40
40
40
40
40
41
41
41
41
41
42
42
42
42
42
43
43
43
43
43
44
44
44
44
44
46
46
46
46
46
46
46
46
49
49
49
49
49
49
49
49
49
49
49
51
51
51
51
52
52
52
52
52
53
53
53
53
53
54
54
54
54
54
55
55
55
55
56
58
58
58
58
58
58
58
59
60
60
60
60
60
62
62
62
62
62
62
62
62
62
62
62
62
62
62
63
64
64
64
64
64
64
64
64
64
65
67
67
67
67
67
67
67
67
67
67
67
68
70
70
70
70
70
70
70
71
72
72
72
72
72
74
74
74
74
74
74
74
74
74
74
74
74
74
74
75
76
76
76
76
76
76
76
76
76
77
79
79
79
79
79
79
79
79
79
79
79
80
82
82
82
82
82
82
82
83
84
84
84
84
84
85
85
85
85
85
86
86
86
86
86
88
88
88
88
88
88
88
88
88
88
88
88
88
88
89
90
90
90
90
90
90
90
90
90
90
91
92
92
92
92
92
92
92
92
92
93
93
93
94
95
96
97
97
97
97
97
97
97
97
97
98
98
98
99
100
102
102
102
102
102
102
102
102
102
102
102
102
102
102
102
102
102
102
102
103
105
105
105
105
105
105
105
106
107
107
107
107
107
108
108
108
108
108
109
109
109
109
109
111
111
111
111
111
111
111
111
111
111
111
111
111
111
111
111
112
113
113
113
113
113
113
114
115
115
115
115
115
115
115
115
115
116
116
116
117
118
119
120
120
120
120
120
120
120
120
120
121
121
121
122
123
125
125
125
125
125
125
125
125
125
125
125
125
125
125
125
125
125
125
125
126
128
128
128
128
128
128
128
129
131
131
131
131
131
132
132
132
132
132
132
132
132
132
132
132
132
132
132
132
132
132
132
132
132
132
133
133
133
133
133
133
133
133
133
133
133
133
133
135
135
135
135
135
135
135
135
135
135
135
135
135
135
136
138
138
138
138
138
138
138
138
138
138
138
138
138
138
138
138
138
140
140
140
140
140
140
140
141
142
142
142
142
142
142
142
142
142
143
144
146
146
146
146
146
146
146
146
146
146
146
147
150
150
150
150
150
150
150
151
152
152
152
152
152
154
154
154
154
154
154
154
154
154
154
154
154
154
154
155
158
158
158
158
158
158
158
158
158
158
158
158
158
159
161
161
161
161
161
161
161
161
161
161
161
162
164
164
164
164
164
164
164
164
164
164
165
166
166
166
166
166
167
169
169
169
169
169
169
169
169
169
169
170
171
171
171
171
171
172
174
174
174
174
174
174
174
175
176
176
176
176
176
178
178
178
178
178
178
178
178
178
178
178
178
178
178
179
180
180
180
180
180
180
180
180
180
181
183
183
183
183
183
183
183
183
183
183
183
184
186
186
186
186
186
186
186
186
186
186
187
188
188
188
188
188
188
188
188
188
188
188
188
188
188
188
190
190
190
190
191
191
191
191
192
192
192
192
193
193
193
193
194
194
194
194
195
195
195
195
196
196
196
196
198
198
198
198
199
199
199
199
200
200
200
200
201
201
201
201
202
202
202
202
203
203
203
203
204
204
204
204
206
206
206
206
207
207
207
207
208
208
208
208
209
209
209
209
210
210
210
210
211
211
211
211
212
212
212
212
214
214
214
214
215
215
215
215
216
216
216
216
217
217
217
217
218
218
218
218
219
219
219
219
220
220
220
220
222
222
222
222
223
223
223
223
224
224
224
224
225
225
225
225
226
226
226
226
227
227
227
227
228
228
228
228
230
230
230
231
231
231
232
232
232
233
233
233
234
234
234
235
235
235
236
236
236
238
238
238
238
239
239
239
239
240
240
240
240
241
241
241
241
242
242
242
242
243
243
243
243
244
244
244
244
246
246
246
246
246
246
246
246
246
246
246
246
246
246
246
246
246
248
248
248
249
251
251
251
251
251
251
251
252
254
254
254
254
254
257
257
257
257
257
257
257
257
257
257
257
257
257
257
258
259
259
259
259
259
259
259
259
261
261
261
261
261
263
263
263
263
263
263
263
263
263
263
263
263
263
265
265
265
265
265
265
265
265
265
265
265
265
265
265
266
267
267
267
267
267
267
267
267
267
267
267
268
270
270
270
270
270
270
270
272
272
272
272
272
272
272
272
272
272
272
272
272
272
273
274
274
274
274
274
274
274
274
274
275
276
278
278
278
278
278
278
278
278
278
278
278
279
281
281
281
281
281
281
281
282
283
283
283
283
283
285
285
285
285
285
285
285
285
285
285
285
285
285
285
286
287
287
287
287
287
287
287
288
288
288
288
288
288
288
289
291
291
291
291
291
291
291
291
291
291
291
292
297
297
297
297
297
297
297
298
299
299
299
299
299
299
299
299
299
299
299
299
299
300
300
300
300
300
300
300
300
300
300
300
300
300
302
302
302
302
302
302
304
304
304
304
304
304
304
304
304
304
304
304
304
304
305
306
306
306
306
306
306
306
306
307
308
308
308
308
309
310
311
312
312
312
312
313
315
315
315
315
315
315
315
317
319
319
319
319
319
319
319
319
319
319
319
319
319
319
319
319
319
319
319
319
319
319
319
321
323
323
323
323
323
323
323
324
325
325
325
325
325
325
325
325
326
328
328
328
328
328
328
328
329
330
330
330
330
330
330
330
330
331
333
333
333
333
333
333
333
334
335
335
335
335
335
335
335
335
336
338
338
338
338
338
338
338
339
341
341
341
341
341
341
341
341
342
344
344
344
344
344
344
344
345
346
346
346
346
346
346
346
346
347
349
349
349
349
349
349
349
350
351
351
351
351
351
351
351
351
352
354
354
354
354
354
354
354
355
356
356
356
356
356
357
359
359
359
359
359
359
359
360
361
361
361
361
361
363
363
363
363
363
363
363
363
363
363
363
363
363
363
364
365
365
365
365
365
365
365
366
366
366
366
366
366
366
367
369
369
369
370
372
372
372
372
372
372
372
372
372
372
373
374
374
374
374
374
374
374
374
374
375
377
377
377
377
377
378
379
379
379
379
379
381
381
381
381
381
383
383
383
383
383
383
383
383
383
383
383
383
383
383
384
385
385
385
385
385
385
385
385
385
386
387
387
387
387
387
387
387
388
389
390
391
391
391
391
391
391
391
392
393
395
395
395
395
395
395
395
395
395
395
395
396
398
398
398
398
398
398
398
399
400
400
400
400
400
401
401
401
401
401
401
401
402
402
402
402
402
402
403
405
405
405
405
405
405
405
406
407
407
407
407
407
408
410
410
410
410
410
410
410
411
412
412
412
412
412
413
415
415
415
415
415
415
415
416
417
417
417
417
417
419
419
419
419
419
419
419
419
419
419
419
419
419
419
420
421
421
421
421
421
421
421
422
422
422
422
422
422
422
423
423
423
423
423
423
423
424
424
424
424
424
424
424
425
427
427
427
427
427
427
427
427
427
427
427
428
430
430
430
430
430
430
430
431
432
432
432
432
432
433
435
435
435
435
435
435
435
436
437
437
437
437
437
438
440
440
440
440
440
440
440
441
442
442
442
442
442
443
445
445
445
445
445
445
445
446
447
447
447
447
447
448
450
450
450
450
450
450
450
451
452
452
452
452
452
454
454
454
454
454
454
454
454
454
454
454
454
456
456
456
456
456
456
456
458
458
458
458
458
458
458
458
458
458
458
460
460
460
460
460
460
460
460
460
460
460
460
460
460
461
462
462
462
462
462
462
462
462
462
463
464
466
466
466
466
466
466
466
466
466
466
466
466
466
466
466
466
466
467
468
468
468
468
468
468
468
468
468
468
468
468
468
468
469
470
470
470
470
470
470
470
470
470
470
470
470
470
470
471
472
474
474
474
474
474
474
474
475
476
476
476
476
476
477
477
477
477
477
479
479
479
479
479
479
479
479
479
479
479
479
479
479
480
481
481
481
481
481
481
481
482
484
484
484
484
484
484
484
484
484
484
484
484
484
484
485
486
486
486
486
486
486
486
487
489
489
489
489
489
489
489
489
489
489
489
490
492
492
492
492
492
492
492
493
494
494
494
494
494
496
496
496
496
496
496
496
496
496
496
496
496
496
496
497
498
498
498
498
499
501
501
501
502
504
504
504
504
504
504
504
505
506
506
506
506
506
508
508
508
508
508
508
508
508
508
508
508
508
508
508
509
510
510
510
510
511
513
513
513
514
519
519
519
519
519
520
521
522
523
523
523
523
523
523
523
524
524
524
524
524
524
524
524
524
525
526
526
526
526
526
527
528
528
528
528
528
528
528
528
528
529
530
532
532
532
532
532
532
532
532
532
532
533
534
534
534
534
534
536
536
536
536
536
536
536
536
537
538
539
540
540
540
540
540
540
540
540
540
540
540
540
541
542
542
542
542
542
543
544
544
544
544
544
544
544
544
544
545
546
548
548
548
548
548
548
549
550
551
