6
6
6
6
6
6
6
6
6
6
6
8
8
8
8
8
8
8
8
8
8
8
8
8
8
9
9
9
9
9
9
9
9
9
9
9
9
9
9
11
11
11
11
11
11
11
12
12
12
12
12
12
12
13
13
13
13
13
13
13
13
13
14
14
14
14
14
14
14
14
14
15
15
15
15
15
15
15
16
16
16
16
16
16
16
18
18
18
18
18
18
18
18
18
18
18
19
19
19
19
19
19
19
19
19
19
19
21
21
21
21
21
21
21
22
23
23
23
23
25
25
25
25
25
25
25
27
27
27
27
27
27
27
27
28
29
29
29
29
31
31
31
31
31
31
31
31
31
31
31
31
31
33
33
33
33
33
33
33
33
33
33
33
33
33
34
35
35
35
35
35
35
35
35
35
36
38
38
38
38
38
38
38
38
39
41
41
42
42
42
42
42
42
42
42
42
42
42
42
42
42
42
42
42
42
42
42
42
42
43
44
44
44
44
44
44
44
44
44
44
44
44
44
46
46
46
46
46
46
46
46
46
46
46
48
48
48
48
48
48
48
49
50
50
50
50
50
50
50
50
50
50
50
50
50
50
51
53
53
53
53
53
53
53
53
53
53
54
55
55
55
55
55
55
55
57
57
57
57
57
57
57
57
57
57
58
60
60
60
60
60
60
60
62
62
62
62
62
62
62
62
63
65
65
66
66
66
66
66
66
66
67
68
68
68
68
68
68
68
68
68
69
69
69
69
69
69
69
69
69
69
69
69
69
69
69
69
69
69
69
69
69
69
69
69
70
72
72
73
73
73
73
73
73
73
74
76
76
76
76
76
76
76
76
77
78
78
