1
1
1
1
1
1
1
3
3
3
3
3
3
3
4
4
4
4
4
4
4
6
6
6
6
6
6
6
6
6
6
6
8
8
8
8
10
10
10
10
10
13
13
13
13
13
13
13
13
14
14
14
14
15
15
15
15
17
17
17
17
17
17
17
18
18
18
18
18
18
18
18
18
19
19
19
19
19
19
20
20
20
20
20
20
21
21
21
21
21
21
21
21
21
21
21
22
24
24
24
24
24
24
24
24
25
25
25
25
25
25
25
25
25
25
25
25
25
25
25
25
25
25
25
25
25
25
25
26
26
26
26
26
26
26
26
26
27
27
27
28
28
28
28
28
28
28
28
28
30
30
30
30
30
30
30
31
31
31
31
31
31
31
33
33
33
33
33
33
33
33
33
34
34
34
34
34
34
34
35
35
35
35
35
35
35
35
35
35
35
35
35
35
35
35
35
35
36
36
36
36
36
36
36
36
37
37
37
37
37
37
37
37
37
38
38
38
38
39
39
39
40
40
40
40
40
40
40
40
41
41
41
41
41
41
41
41
42
46
46
46
46
46
46
47
47
47
47
47
47
50
50
50
50
50
50
50
52
52
52
52
52
52
52
53
53
53
54
55
56
58
58
58
58
58
58
58
58
58
58
58
58
59
59
59
59
59
59
59
60
60
60
60
60
60
60
61
61
61
62
62
62
62
62
62
62
62
63
64
66
66
66
66
66
66
66
66
66
66
66
67
67
67
67
68
68
68
69
69
69
71
71
71
71
71
71
72
72
72
72
72
72
73
75
75
75
75
75
75
75
76
76
76
76
76
76
76
76
76
77
77
77
77
77
77
78
78
78
78
79
79
79
80
82
82
83
83
83
83
83
83
83
83
83
83
83
84
84
84
84
84
84
84
84
84
84
84
84
84
84
84
84
84
84
84
84
84
85
85
85
85
85
85
85
85
85
85
85
85
85
85
85
85
85
85
85
85
85
86
86
86
86
86
86
86
87
87
87
87
88
88
88
88
88
88
88
88
88
89
89
89
90
90
90
91
91
91
92
93
94
96
97
