1
1
1
1
1
1
1
1
1
1
1
3
3
3
3
3
3
3
4
4
4
4
4
4
4
6
6
6
6
6
6
6
6
6
6
6
8
8
8
8
8
8
8
8
8
8
8
9
9
9
9
9
9
9
9
9
9
9
9
9
10
10
10
10
10
10
10
10
10
10
10
10
10
11
11
11
11
11
11
11
11
11
11
11
11
11
12
12
12
12
12
12
12
12
12
12
12
12
12
13
13
13
13
13
13
13
13
13
13
13
13
13
13
13
14
14
14
14
14
14
14
14
14
14
14
14
14
14
14
15
15
15
15
15
15
15
15
15
15
15
15
15
15
15
16
16
16
16
16
16
16
16
16
16
16
16
16
18
18
18
18
18
18
18
18
18
18
18
18
18
18
18
25
25
25
25
25
26
27
27
28
28
28
28
28
28
28
28
28
28
28
28
29
31
31
31
31
31
31
31
31
31
32
32
32
32
32
32
32
33
33
33
33
33
33
33
33
33
34
35
35
35
36
38
38
39
39
39
39
39
39
39
40
42
42
42
42
42
42
42
42
42
42
42
42
42
42
42
43
43
43
43
43
43
43
43
44
45
45
45
45
45
45
45
45
45
46
46
46
47
49
49
50
50
50
50
50
50
50
50
50
50
51
51
51
51
51
51
52
52
52
52
52
52
52
52
52
52
52
52
53
54
54
54
54
54
54
54
55
55
55
56
58
58
58
58
58
59
59
59
60
60
60
60
60
60
60
60
60
60
60
60
61
61
61
61
61
61
62
62
62
63
63
63
63
63
63
63
63
63
63
63
63
64
64
64
64
64
64
65
65
66
67
67
67
67
67
67
67
67
67
67
67
67
67
67
67
67
67
67
68
81
81
81
81
81
81
81
81
82
86
86
86
86
86
86
86
86
86
86
87
87
87
87
87
87
87
88
88
88
88
88
88
88
88
88
89
89
90
90
90
90
90
90
90
90
90
90
90
90
90
91
91
91
91
91
91
91
91
91
91
91
91
91
92
92
92
92
92
92
92
92
93
93
93
93
93
93
93
93
94
95
95
95
96
102
102
102
102
102
102
102
102
103
104
104
104
104
104
104
104
104
104
104
105
105
105
105
105
105
105
106
106
106
106
106
106
106
106
106
107
107
108
108
108
108
108
108
108
108
108
108
108
108
108
109
109
109
109
109
109
109
109
109
109
109
109
109
110
110
110
110
110
110
110
110
111
111
111
111
111
111
111
111
112
113
113
113
114
122
122
122
122
123
123
124
125
125
125
125
125
125
125
125
125
126
126
126
127
128
128
128
128
128
128
128
128
128
129
131
131
132
132
132
132
132
132
132
133
134
134
134
134
134
134
134
134
134
134
134
135
137
137
138
138
138
138
138
138
138
138
138
138
138
138
138
139
139
139
139
139
139
139
139
139
139
139
139
139
140
141
143
143
143
143
144
144
145
146
146
146
146
146
146
146
146
146
147
147
147
148
149
149
149
149
149
149
149
149
149
150
152
152
153
153
153
153
153
153
153
154
155
155
155
155
155
155
155
155
155
155
155
156
158
158
159
159
159
159
159
159
159
159
159
159
159
159
159
160
160
160
160
160
160
160
160
160
160
160
160
160
161
162
163
164
