6
6
6
6
6
6
6
6
6
6
6
8
8
8
8
8
8
8
9
9
9
9
9
9
9
10
10
10
10
10
10
10
12
12
12
12
12
12
12
12
12
12
12
13
13
13
13
13
13
13
13
13
13
13
14
14
14
14
14
14
14
14
14
14
14
15
15
15
15
15
15
15
15
15
15
15
16
16
16
16
16
16
16
16
16
16
16
17
17
17
17
17
17
17
17
17
17
17
18
18
18
18
18
18
18
18
18
18
18
19
19
19
19
19
19
19
19
19
19
19
19
19
20
20
20
20
20
20
20
20
20
20
20
20
20
21
21
21
21
21
21
21
21
21
21
21
21
21
22
22
22
22
22
22
22
22
22
22
22
22
22
23
23
23
23
23
23
23
23
23
23
23
23
23
24
24
24
24
24
24
24
24
24
24
24
25
25
25
25
25
25
25
25
25
25
25
26
26
26
26
26
26
26
26
26
26
26
28
28
28
28
28
29
30
30
30
30
32
32
32
32
34
34
34
34
34
34
34
34
34
35
36
36
36
36
36
38
38
38
38
38
38
40
40
40
40
40
40
40
40
41
43
43
44
44
44
44
44
45
46
48
48
49
49
49
49
49
49
49
50
51
51
51
51
51
51
51
51
51
51
51
51
52
53
53
53
53
53
53
53
53
53
53
53
54
55
56
57
57
57
57
57
57
57
57
57
58
58
58
58
58
58
58
58
58
60
60
60
60
60
60
60
60
60
60
60
60
62
62
62
62
62
62
62
63
64
64
64
64
64
64
64
64
64
64
66
66
66
66
66
66
66
66
66
66
66
66
66
66
66
66
66
66
66
66
66
67
68
68
68
68
68
68
68
68
68
68
68
68
70
70
70
70
70
70
70
70
70
72
72
72
72
72
72
72
73
74
74
74
74
74
74
74
74
74
75
76
76
76
76
76
76
76
76
76
76
76
76
76
76
76
76
76
76
76
76
76
76
76
78
78
78
78
78
78
78
78
78
78
78
78
78
78
78
78
78
78
78
78
78
78
79
79
79
79
79
79
79
79
79
79
79
81
81
81
81
81
81
81
82
83
84
85
86
87
87
87
87
87
88
89
89
89
89
89
89
90
91
92
93
95
95
95
95
95
95
95
95
95
95
96
97
97
97
97
97
99
99
99
99
99
99
99
99
99
99
99
99
99
99
99
99
99
99
99
99
99
99
100
101
101
101
101
101
101
101
101
101
103
103
103
103
103
103
103
103
103
103
104
105
105
105
105
105
105
105
105
105
106
107
107
107
107
108
109
110
112
112
112
113
115
115
116
116
116
116
116
116
116
116
116
116
116
116
117
118
119
119
