1
1
1
2
3
3
3
3
3
3
3
4
5
5
5
5
5
7
7
7
7
7
7
7
7
7
7
7
7
7
7
8
9
9
9
9
9
9
9
9
9
10
12
12
12
13
15
15
15
15
15
15
15
15
15
15
16
17
17
17
17
17
19
19
19
19
19
19
19
19
19
19
19
21
21
21
21
21
21
21
22
22
22
22
22
22
22
24
24
24
24
24
24
24
24
24
24
24
24
24
24
24
24
26
26
26
26
26
26
26
26
27
28
28
28
28
28
28
28
29
30
31
32
32
32
32
32
32
32
33
35
35
35
36
38
38
38
38
38
38
38
38
38
38
38
39
40
40
40
40
40
40
40
40
42
42
42
42
42
44
44
44
44
44
44
44
44
44
44
44
44
44
44
45
46
46
46
46
46
46
46
46
46
47
49
49
49
49
49
49
49
49
49
50
51
51
