6
6
6
6
6
6
6
6
6
6
6
8
8
8
8
8
8
8
8
8
8
8
8
8
8
9
9
9
9
9
9
9
9
9
9
9
9
9
9
10
10
10
10
10
10
10
10
10
10
10
10
10
10
11
11
11
11
11
11
11
11
11
11
11
11
11
11
13
13
13
13
13
13
13
15
15
15
15
15
15
15
15
15
15
15
16
16
16
16
16
16
16
16
16
16
16
16
16
17
17
17
17
17
17
17
17
17
17
17
17
17
18
18
18
18
18
18
18
18
18
18
18
18
18
19
19
19
19
19
19
19
19
19
19
19
19
19
21
21
21
21
21
22
23
23
23
23
25
25
25
25
27
27
27
27
27
27
28
29
29
29
29
29
29
29
30
30
30
30
30
30
31
33
33
34
34
34
34
34
35
36
36
36
36
36
36
36
36
37
39
39
39
39
39
39
39
39
39
39
40
41
41
41
41
41
41
41
41
41
42
44
44
45
45
45
45
45
45
45
45
45
45
46
47
47
47
47
47
47
47
47
47
47
47
47
49
49
49
49
49
49
49
50
51
51
51
51
51
51
51
51
51
53
53
53
53
54
55
55
55
56
57
57
57
57
57
57
57
57
57
57
57
57
58
58
58
58
58
58
58
58
58
58
58
58
58
58
59
59
59
59
59
59
59
60
61
61
63
63
63
64
64
64
65
65
65
66
67
67
67
67
67
67
67
67
67
68
68
68
68
68
68
68
68
68
68
68
68
68
68
68
68
68
68
68
68
69
69
69
69
69
69
69
69
69
69
69
69
69
69
69
69
69
69
70
70
70
70
70
70
70
71
72
72
74
74
75
75
76
77
78
79
79
