6
6
6
6
6
6
6
6
6
6
6
8
8
8
8
8
8
8
8
8
8
8
8
8
8
9
9
9
9
9
9
9
9
9
9
9
9
9
9
10
10
10
10
10
10
10
10
10
10
10
10
10
10
11
11
11
11
11
11
11
11
11
11
11
11
11
11
12
12
12
12
12
12
12
12
12
12
12
12
12
12
13
13
13
13
13
13
13
13
13
13
13
13
13
13
14
14
14
14
14
14
14
14
14
14
14
14
14
14
15
15
15
15
15
15
15
15
15
15
15
15
15
15
16
16
16
16
16
16
16
16
16
16
16
16
16
16
17
17
17
17
17
17
17
17
17
17
17
17
17
17
18
18
18
18
18
18
18
18
18
18
18
18
18
18
19
19
19
19
19
19
19
19
19
19
19
19
19
19
20
20
20
20
20
20
20
20
20
20
20
20
20
20
21
21
21
21
21
21
21
21
21
21
21
21
21
21
22
22
22
22
22
22
22
22
22
22
22
22
22
22
23
23
23
23
23
23
23
23
23
23
23
23
23
23
24
24
24
24
24
24
24
24
24
24
24
24
24
24
25
25
25
25
25
25
25
25
25
25
25
25
25
25
26
26
26
26
26
26
26
26
26
26
26
26
26
26
27
27
27
27
27
27
27
27
27
27
27
27
27
27
28
28
28
28
28
28
28
28
28
28
28
28
28
28
29
29
29
29
29
29
29
29
29
29
29
29
29
29
30
30
30
30
30
30
30
30
30
30
30
30
30
30
31
31
31
31
31
31
31
31
31
31
31
31
31
31
32
32
32
32
32
32
32
32
32
32
32
32
32
32
33
33
33
33
33
33
33
33
33
33
33
33
33
33
34
34
34
34
34
34
34
34
34
34
34
34
34
34
35
35
35
35
35
35
35
35
35
35
35
35
35
35
36
36
36
36
36
36
36
36
36
36
36
36
36
36
37
37
37
37
37
37
37
37
37
37
37
37
37
37
38
38
38
38
38
38
38
38
38
38
38
38
38
38
39
39
39
39
39
39
39
39
39
39
39
39
39
39
40
40
40
40
40
40
40
40
40
40
40
40
40
40
41
41
41
41
41
41
41
41
41
41
41
41
41
41
42
42
42
42
42
42
42
42
42
42
42
42
42
42
44
44
44
44
44
44
44
45
45
45
45
45
45
45
46
46
46
46
46
46
46
47
47
47
47
47
47
47
48
48
48
48
48
48
48
49
49
49
49
49
49
49
50
50
50
50
50
50
50
51
51
51
51
51
51
51
53
53
53
53
53
53
53
53
53
53
53
54
54
54
54
54
54
54
54
54
54
54
54
54
55
55
55
55
55
55
55
55
55
55
55
56
56
56
56
56
56
56
56
56
56
56
57
57
57
57
57
57
57
57
57
57
57
58
58
58
58
58
58
58
58
58
58
58
58
58
59
59
59
59
59
59
59
59
59
59
59
60
60
60
60
60
60
60
60
60
60
60
61
61
61
61
61
61
61
61
61
61
61
62
62
62
62
62
62
62
62
62
62
62
64
64
64
64
64
65
66
66
66
66
66
66
67
68
68
68
68
68
69
71
71
71
71
71
72
73
73
73
73
74
75
75
75
75
75
75
75
75
75
76
77
79
79
79
79
79
80
81
81
81
81
82
83
83
83
83
83
83
83
84
86
86
86
86
86
86
86
86
86
86
86
87
88
88
88
88
88
88
88
88
88
90
90
90
90
90
90
90
90
90
90
91
92
92
92
92
92
92
92
92
92
92
94
94
94
94
94
94
94
94
96
96
96
96
96
96
97
98
98
98
98
98
99
100
101
101
101
101
101
101
101
101
101
101
102
103
103
103
103
103
103
103
103
105
105
105
105
105
105
105
106
107
108
110
110
110
110
110
110
110
111
112
112
112
112
112
112
112
112
112
112
112
112
112
112
114
114
114
114
114
114
114
114
114
114
114
114
114
114
114
116
116
116
116
116
116
116
116
116
116
118
118
118
118
118
118
118
118
118
118
119
121
121
122
122
122
122
122
123
124
124
124
124
126
126
126
126
128
128
128
128
130
130
130
130
132
132
132
132
134
134
134
134
135
137
137
137
137
137
138
139
139
139
139
140
141
141
141
141
141
141
141
142
144
144
144
144
144
144
144
144
144
144
144
145
146
146
146
146
146
146
146
146
146
146
146
146
146
146
147
148
148
148
148
148
148
148
148
148
148
148
148
148
148
150
150
150
150
150
150
150
150
152
152
152
152
152
152
153
154
154
154
154
154
155
156
157
158
160
160
160
160
160
161
162
162
162
162
163
164
164
164
164
164
164
164
165
167
167
167
167
167
167
167
167
169
169
169
169
169
169
169
169
169
169
169
170
171
171
171
171
171
171
171
171
173
173
173
173
173
173
173
173
173
173
173
174
176
176
176
176
176
176
178
178
178
178
178
178
178
178
178
178
178
180
180
180
180
180
180
181
183
183
184
184
184
184
184
184
184
185
186
186
186
186
188
188
188
188
188
188
188
188
188
188
188
188
188
189
190
190
190
190
190
190
190
190
190
192
192
192
192
192
192
192
192
193
194
195
196
196
196
196
196
196
196
196
196
198
198
198
198
198
198
198
198
198
198
199
200
200
200
200
200
200
200
200
200
200
202
202
202
202
202
202
202
202
202
202
202
202
202
202
203
204
204
204
204
205
207
207
207
207
207
208
209
210
210
210
210
210
211
212
212
212
212
212
212
212
212
212
212
212
213
215
215
215
215
215
215
215
215
216
217
218
218
218
218
218
219
220
220
220
220
220
220
220
220
220
221
222
224
224
224
224
224
224
224
224
224
224
224
224
224
224
224
225
226
226
226
226
226
228
228
228
228
228
228
228
229
230
230
230
230
230
230
230
230
230
231
232
232
232
232
233
233
234
235
237
237
237
238
240
240
240
240
240
240
240
240
241
242
242
242
242
242
244
244
244
244
244
244
244
244
244
244
244
244
246
246
246
246
246
246
246
246
246
247
248
248
248
248
249
249
250
251
251
251
251
251
251
251
251
251
251
252
253
253
253
253
254
256
256
256
256
257
259
259
259
259
259
259
259
260
261
262
263
263
263
263
263
263
263
263
263
263
263
263
263
263
263
264
264
264
264
264
264
264
264
265
267
268
268
268
268
268
268
268
268
268
268
269
271
271
271
271
271
271
271
272
273
273
273
273
273
273
273
273
273
273
274
275
275
275
275
275
275
275
276
277
277
277
277
277
277
277
277
277
277
278
283
284
284
284
284
284
284
284
284
284
284
284
284
284
284
284
285
289
289
289
289
289
289
289
289
289
289
289
289
291
291
291
291
292
293
293
293
293
293
293
293
294
296
296
296
296
296
296
296
296
296
296
296
296
298
298
298
298
298
298
298
298
298
298
300
300
300
300
300
300
300
302
302
302
302
302
302
302
304
304
304
304
304
306
307
307
307
307
307
307
307
307
307
307
307
307
307
307
307
307
307
308
314
314
314
314
314
314
314
314
314
314
314
314
314
314
316
316
316
316
317
318
318
318
318
318
318
318
319
321
321
321
321
321
321
321
321
321
321
321
321
323
323
323
323
323
323
323
323
323
323
325
325
325
325
325
325
325
327
327
327
327
327
327
327
329
329
329
329
329
331
332
333
334
334
334
334
334
334
334
335
336
337
339
339
340
340
340
340
340
340
340
341
342
342
342
342
342
342
342
342
342
344
344
344
344
345
347
347
347
348
348
348
348
348
349
349
351
351
351
352
352
352
352
352
353
353
355
355
355
356
356
356
356
356
357
357
359
359
359
360
360
360
360
360
361
361
363
363
363
364
364
364
364
364
364
364
364
365
365
367
367
367
368
368
368
368
368
368
368
368
368
369
369
371
371
371
372
372
372
372
372
372
372
372
372
373
373
375
375
375
376
376
376
376
376
376
376
377
377
379
379
379
380
380
380
380
380
381
381
383
383
383
384
384
384
384
384
385
385
387
387
388
388
389
390
392
392
392
392
392
392
392
393
394
394
394
394
394
394
394
394
394
394
394
394
395
397
397
397
397
397
397
397
398
399
399
399
399
399
399
399
399
399
399
399
399
399
401
401
401
401
401
401
401
401
401
401
402
403
403
403
403
403
403
403
403
403
403
403
403
403
405
405
405
405
406
407
407
407
407
407
407
407
407
407
408
409
410
412
412
412
412
412
412
412
413
414
414
414
414
414
414
414
414
414
414
414
414
414
414
416
416
416
416
416
416
417
419
420
422
422
422
422
422
422
422
423
427
427
427
427
427
427
427
427
427
427
427
427
427
427
428
428
428
428
428
428
428
428
428
428
428
428
428
428
430
430
430
430
430
430
431
432
432
432
432
432
432
432
432
432
432
432
433
434
436
436
436
436
436
437
438
438
438
438
439
440
440
440
440
440
440
440
441
443
443
443
443
443
443
443
443
443
443
443
444
445
445
445
445
445
445
445
445
445
446
447
449
449
449
449
449
450
451
451
451
451
452
453
453
453
453
453
453
453
454
456
456
456
456
456
456
456
456
456
456
456
457
458
458
458
458
458
458
458
458
458
459
460
462
462
462
462
462
462
462
463
464
464
464
464
464
464
466
466
466
466
466
468
468
468
468
468
468
468
468
468
468
470
470
470
470
470
470
470
471
472
472
472
472
472
472
472
472
472
472
472
472
472
472
472
472
472
472
472
472
472
472
472
473
475
475
475
475
475
475
475
475
475
475
475
475
475
476
477
477
477
477
477
477
477
477
477
477
477
477
477
479
480
481
481
481
481
481
481
481
481
481
481
481
482
483
483
483
483
483
484
486
488
488
488
488
488
488
488
488
488
489
490
492
492
492
492
492
492
492
493
494
494
494
494
494
494
494
494
494
494
494
494
494
494
496
496
496
496
496
496
497
498
498
498
498
498
499
500
501
502
