17
17
17
17
17
17
17
17
17
17
17
17
17
19
19
19
19
19
19
19
19
19
19
19
20
20
20
20
20
20
20
20
20
20
20
21
21
21
21
21
21
21
21
21
21
21
21
21
22
22
22
22
22
22
22
22
22
22
22
22
22
22
22
23
23
23
23
23
23
23
23
23
23
23
23
23
24
24
24
24
24
24
24
24
24
24
24
24
24
26
26
26
26
26
26
26
27
27
27
27
27
27
27
28
28
28
28
28
28
28
37
37
37
37
37
40
40
40
40
40
40
40
40
40
40
40
40
40
43
43
43
43
43
43
43
43
43
43
43
43
43
46
46
46
46
46
46
46
46
46
46
46
46
46
46
46
48
48
48
48
48
48
49
49
49
49
56
56
56
56
56
56
56
57
57
57
57
57
57
58
58
58
58
58
58
59
59
59
59
60
61
61
61
62
68
68
68
68
68
68
68
76
76
76
76
76
76
76
76
76
84
84
84
84
84
84
84
84
84
91
91
91
91
91
91
91
91
91
92
92
92
92
92
92
92
92
92
93
93
93
93
93
93
93
94
94
94
94
94
94
94
94
94
94
95
96
96
96
96
96
96
96
97
97
97
97
97
97
97
97
97
97
97
97
97
97
97
97
97
97
97
97
98
99
99
99
99
99
99
99
99
100
107
107
107
107
107
107
107
107
107
108
108
108
108
108
108
108
108
108
109
109
109
109
109
109
109
110
110
110
110
110
110
110
110
110
111
112
112
112
112
112
112
112
113
113
113
113
113
113
114
115
115
115
115
115
115
115
116
116
116
116
116
116
116
116
116
116
116
116
116
116
116
116
116
116
116
117
117
117
117
117
117
117
117
118
118
118
118
118
118
118
118
118
118
118
118
118
118
118
119
120
120
120
120
120
120
120
120
120
120
120
121
121
121
121
121
121
121
121
122
122
122
122
122
122
122
122
122
122
122
122
122
122
122
123
128
128
128
128
128
128
128
129
129
129
129
129
130
130
130
130
130
131
131
131
131
131
141
141
142
142
142
142
142
142
142
142
142
142
142
142
142
142
142
142
143
143
143
143
143
143
144
144
144
144
144
144
145
145
145
145
145
145
146
148
148
149
149
149
149
149
149
150
150
150
150
150
150
150
151
153
153
154
154
154
154
154
154
155
155
155
155
155
155
155
155
155
155
156
156
156
156
156
156
156
156
156
156
156
156
156
156
156
156
156
156
157
162
162
163
163
163
163
163
163
164
164
164
164
164
164
165
166
171
171
171
171
171
171
171
172
172
172
172
172
178
178
178
178
178
178
178
178
179
179
179
179
179
179
180
182
182
183
183
183
183
183
183
184
184
184
184
184
184
184
185
187
187
188
188
188
188
188
188
189
189
189
189
189
189
189
189
189
189
190
190
190
190
190
190
190
190
190
190
190
190
190
190
190
190
190
190
191
196
196
197
197
197
197
197
197
198
198
198
198
198
198
199
200
201
202
