17
17
17
17
17
17
17
17
17
17
17
19
19
19
19
19
19
19
20
20
20
20
20
20
20
21
21
21
21
21
21
21
21
21
23
23
23
23
23
23
23
23
23
23
23
29
29
29
29
29
29
31
31
32
32
32
32
32
32
32
32
32
32
32
32
32
33
33
33
33
34
34
34
34
34
35
35
35
35
35
35
35
35
35
35
35
35
35
36
36
36
36
36
36
36
36
36
36
37
37
37
37
37
37
37
38
38
38
38
38
38
38
38
38
38
39
39
39
39
39
39
39
39
39
40
40
40
40
40
40
40
40
40
40
40
41
42
43
45
45
46
46
46
46
46
46
46
46
46
46
46
46
46
47
47
47
47
48
48
48
48
48
49
49
49
49
49
49
49
49
49
49
50
50
50
50
50
50
50
51
51
51
51
51
51
51
51
51
51
51
52
52
52
52
52
52
52
53
53
53
54
55
56
56
56
56
56
56
56
56
56
56
56
56
56
56
57
59
59
60
60
60
60
60
60
60
60
60
60
60
60
60
60
60
60
60
61
61
61
61
62
62
62
62
62
63
63
63
63
63
63
63
63
63
63
64
64
64
64
64
64
64
65
65
65
65
65
65
65
65
65
66
67
67
68
68
68
68
68
69
69
69
69
70
71
72
73
