17
17
17
17
17
17
17
17
17
17
17
17
17
19
19
19
19
19
19
19
21
21
21
21
21
21
21
21
21
21
21
21
21
22
22
22
22
22
22
22
22
22
22
22
22
22
23
23
23
23
23
23
23
23
23
23
23
23
23
23
23
24
24
24
24
24
24
24
24
24
24
24
24
24
24
24
25
25
25
25
25
25
25
25
25
25
25
25
25
25
25
26
26
26
26
26
26
26
26
26
26
26
26
26
26
26
26
26
27
27
27
27
27
27
27
27
27
27
27
27
27
27
27
27
27
32
32
32
32
32
32
33
33
33
33
34
34
34
34
34
34
35
35
35
35
36
36
36
36
43
43
43
43
43
43
43
43
43
43
44
44
44
44
44
45
45
45
45
45
45
46
46
46
46
46
46
46
47
47
48
48
48
48
48
48
48
48
48
48
48
49
50
52
52
52
52
52
52
53
53
53
53
53
54
54
54
55
56
56
56
56
56
56
56
56
56
57
57
57
57
57
57
57
58
58
58
58
58
58
58
58
58
58
59
59
59
59
59
59
59
59
59
59
69
69
69
69
69
70
70
70
70
70
70
70
70
70
70
70
71
71
71
71
71
71
71
71
71
71
71
71
71
71
71
71
71
72
72
72
72
72
72
72
72
72
72
72
72
72
73
73
73
73
74
74
75
76
77
77
77
77
77
78
78
78
78
78
78
78
79
79
79
80
80
80
81
82
83
83
84
84
84
84
84
84
84
84
84
84
85
85
85
85
85
85
85
86
86
86
86
86
86
86
86
86
86
86
86
86
86
86
87
87
87
88
89
89
89
89
89
89
89
89
89
89
89
89
89
90
92
92
92
92
92
92
92
93
93
93
93
93
93
93
93
93
93
93
93
93
94
96
96
96
96
96
96
96
97
97
97
97
97
97
97
97
97
97
97
97
97
98
98
98
99
99
99
99
100
100
100
100
100
100
100
100
101
102
102
102
102
102
102
102
102
102
102
103
103
103
104
104
104
105
106
107
108
108
108
109
116
116
116
116
116
116
117
117
117
117
117
117
117
118
118
118
119
121
121
121
121
121
121
121
121
121
122
122
122
122
122
122
122
123
123
123
124
125
125
125
125
125
125
125
125
126
126
126
126
126
126
126
126
126
126
127
127
127
128
129
129
130
130
130
130
130
130
130
130
130
131
131
131
131
132
132
132
132
132
133
133
133
134
136
136
136
136
136
136
136
136
137
137
137
137
137
137
137
138
138
138
138
138
138
139
140
140
141
141
141
141
141
141
141
141
141
141
141
141
142
142
142
142
142
142
143
144
144
144
144
144
145
145
145
145
145
145
145
145
145
145
146
146
146
147
148
148
148
148
148
148
148
148
148
149
149
149
150
151
153
153
153
153
153
153
154
154
154
154
154
154
154
154
154
154
154
154
154
155
155
155
156
157
157
157
157
157
157
157
158
158
158
158
158
158
158
159
160
160
160
160
160
160
160
161
163
163
163
163
163
163
164
164
164
164
164
164
165
165
165
165
165
165
166
166
166
166
167
169
169
169
169
169
169
170
170
170
170
171
171
171
171
171
171
171
172
179
179
179
179
179
179
179
179
180
180
180
180
180
180
180
180
180
181
181
181
181
182
184
184
184
184
184
184
184
184
184
185
185
185
185
185
185
185
185
186
186
186
187
188
189
189
189
190
191
192
