19
19
19
19
19
19
19
19
19
19
19
19
19
26
26
26
27
28
28
28
28
28
28
28
28
29
29
29
30
30
30
31
31
31
32
32
32
32
32
32
32
33
33
33
33
33
33
34
34
34
34
34
34
36
36
36
36
36
36
37
37
37
37
37
37
39
39
39
39
39
39
40
40
40
40
40
40
42
42
42
42
42
42
42
42
44
44
44
44
44
44
45
45
45
45
45
45
46
46
46
46
46
46
48
48
48
48
48
48
48
48
49
50
50
50
50
50
50
50
50
50
50
50
50
50
50
51
51
51
51
51
51
51
51
51
51
51
51
51
51
52
52
52
52
52
52
52
52
52
52
52
52
52
52
54
55
56
56
56
56
57
58
58
58
58
58
58
58
58
58
58
58
58
58
58
58
58
58
59
59
59
59
59
59
59
59
59
59
60
60
60
60
60
60
60
61
61
61
61
63
63
63
63
63
63
63
63
63
63
63
63
63
63
63
63
63
64
64
64
64
64
64
64
64
64
64
64
64
64
64
64
64
64
65
65
65
65
67
67
67
67
67
67
67
67
67
67
67
67
67
67
67
67
67
68
68
68
68
68
68
68
68
68
68
68
68
68
68
68
68
68
69
69
69
69
71
71
71
71
71
71
71
71
72
73
74
75
75
75
75
75
75
75
75
75
75
75
75
75
75
75
75
75
76
76
76
76
78
78
78
78
78
78
78
78
78
78
78
78
78
78
78
78
78
79
79
79
79
81
81
81
81
81
81
81
81
81
81
81
81
81
81
81
81
81
82
82
82
82
84
84
84
84
84
84
85
86
87
87
87
87
87
87
88
89
89
89
89
89
89
89
89
89
89
89
90
93
93
93
93
94
94
94
94
95
95
95
95
96
98
98
98
98
98
98
98
98
98
98
98
99
100
100
100
100
100
100
101
102
102
102
102
102
102
103
104
104
104
104
104
104
105
106
106
106
106
106
106
107
107
107
107
108
109
109
109
109
109
109
109
109
110
110
110
110
110
110
111
111
111
112
112
112
112
112
113
114
115
115
115
115
115
115
115
115
116
116
116
116
117
117
117
117
117
117
117
117
117
117
117
118
118
118
118
118
119
119
119
120
120
120
120
121
122
124
124
124
125
125
126
126
126
126
126
126
126
126
126
126
126
126
126
127
127
127
127
127
127
127
127
127
128
129
129
129
129
129
129
130
130
130
130
130
130
130
130
130
130
131
131
131
132
132
132
132
133
134
134
135
136
136
136
136
136
136
136
136
136
136
136
137
137
137
138
138
138
138
138
139
139
139
139
139
139
139
139
140
140
140
140
141
142
142
142
143
144
146
146
146
146
146
146
146
146
146
146
146
147
148
148
148
148
148
149
149
149
149
149
149
149
149
150
150
150
150
152
152
152
153
155
155
155
155
155
155
155
155
156
157
157
157
159
159
159
159
160
161
161
161
161
162
162
162
162
162
162
163
164
164
164
164
164
165
166
166
166
166
167
167
167
167
167
167
168
169
169
169
169
170
170
170
171
171
171
171
171
171
172
173
175
175
175
175
176
177
177
177
178
178
178
178
179
179
180
180
180
181
181
181
181
182
182
183
183
183
184
184
184
185
185
185
185
185
185
185
185
185
185
186
186
187
187
188
188
189
191
191
191
191
191
191
191
192
192
192
192
192
192
192
193
195
195
195
195
195
195
195
195
195
195
195
196
197
197
197
197
197
197
198
199
199
199
201
201
201
201
201
201
201
201
202
202
202
202
203
205
205
205
205
205
205
206
208
208
208
208
208
208
208
208
209
209
209
209
210
212
212
212
212
212
212
212
212
212
214
214
214
214
214
215
215
215
216
223
223
224
224
224
224
224
224
225
225
225
225
225
225
226
233
233
234
234
234
234
234
234
235
235
235
235
235
235
236
238
238
238
238
238
238
239
239
239
239
239
239
240
242
242
242
242
242
242
243
243
243
243
243
243
244
246
246
246
246
246
246
247
247
247
247
247
247
248
250
250
250
250
250
250
251
251
251
251
251
251
252
254
254
254
254
254
254
254
254
254
256
256
256
256
257
257
257
257
257
257
257
257
257
257
257
258
258
258
258
259
260
262
262
262
262
262
262
262
262
262
262
262
262
262
262
262
263
263
263
263
263
263
263
263
264
265
265
265
265
266
266
266
266
267
267
267
267
267
267
269
269
269
269
269
269
270
270
270
270
270
270
270
270
271
271
271
271
271
271
271
271
272
272
272
272
272
272
272
272
273
275
275
275
275
275
275
275
275
275
275
275
275
275
275
275
276
276
276
276
277
278
278
278
278
278
278
278
278
278
278
278
279
281
281
281
281
281
281
281
281
281
281
281
282
283
283
283
283
283
283
283
283
283
283
283
284
285
285
285
285
285
285
285
285
285
285
285
285
285
285
285
285
286
286
286
286
286
286
286
286
287
288
288
288
288
289
289
289
289
290
290
290
290
290
290
292
292
292
292
292
292
292
292
292
292
292
292
293
294
294
294
294
294
294
295
295
295
295
295
295
295
295
296
296
296
296
296
296
296
296
297
297
297
297
297
297
297
297
298
299
299
299
299
299
299
300
300
300
300
300
300
300
300
301
301
301
301
301
302
304
304
304
304
304
304
304
304
304
304
304
304
304
304
304
304
305
305
305
305
306
307
307
307
307
307
307
307
307
307
307
307
308
310
310
310
310
310
310
310
310
310
310
310
310
311
312
312
312
312
312
312
312
312
312
312
312
313
314
314
314
314
314
314
314
314
314
314
314
314
314
314
314
315
315
315
315
315
315
315
315
316
317
317
317
317
317
317
317
317
317
317
317
317
317
317
317
317
317
317
317
318
320
320
320
320
320
320
320
320
320
320
320
320
320
320
320
321
321
321
321
322
323
323
323
323
323
323
323
323
323
323
323
324
326
326
326
326
326
326
326
326
326
326
326
327
328
328
328
328
328
328
328
328
328
328
328
329
331
331
331
331
331
331
331
331
331
331
331
331
331
331
331
331
332
332
332
332
332
332
332
332
333
334
334
334
334
334
334
334
334
334
334
334
334
334
334
334
334
334
334
334
335
337
337
337
337
337
337
337
337
337
337
337
337
338
339
339
339
339
339
339
339
339
339
339
339
340
341
341
341
341
341
341
341
341
341
341
341
341
341
341
341
341
342
342
342
342
343
344
344
344
344
344
344
344
344
344
344
344
345
346
346
346
346
346
347
348
348
348
348
348
348
348
349
349
349
349
349
349
349
349
349
349
349
349
349
349
349
350
350
350
351
351
351
351
351
351
351
351
351
351
351
351
351
352
352
352
352
352
352
352
352
352
352
352
352
353
354
356
356
356
356
356
356
356
356
356
356
357
358
358
358
358
358
358
358
358
358
358
358
358
360
360
360
360
360
360
360
360
360
361
361
361
361
361
361
361
361
361
361
361
361
361
361
361
361
361
361
361
362
362
363
364
364
364
364
364
364
364
364
364
364
364
364
364
364
364
364
364
364
364
364
365
365
365
365
365
365
365
366
366
366
366
366
366
366
366
366
366
366
366
366
366
366
366
366
366
366
366
366
367
369
369
369
370
372
372
372
372
372
373
374
374
374
374
375
375
375
375
376
376
376
376
377
385
385
385
385
385
385
385
385
385
385
385
386
387
387
387
387
387
388
388
388
390
390
390
390
390
390
391
392
392
392
392
392
392
392
392
392
392
393
394
395
396
396
396
396
396
396
396
396
396
396
396
396
397
399
399
399
399
399
399
399
399
399
399
399
399
399
400
400
400
400
400
400
400
400
400
402
402
402
402
402
402
403
403
403
403
403
403
403
403
403
403
403
403
403
403
403
403
403
403
403
404
405
405
405
405
405
405
405
406
406
406
406
406
406
406
406
406
406
406
406
406
406
407
407
407
407
407
407
407
407
407
408
408
408
408
409
409
409
410
412
412
412
412
412
412
413
414
414
414
414
414
414
414
414
415
415
415
415
415
415
415
415
415
417
417
417
417
417
417
417
418
419
419
419
419
419
419
419
419
419
419
419
419
419
419
419
419
419
419
419
419
420
420
420
420
420
420
420
420
421
421
421
422
422
422
422
422
422
422
423
424
425
427
427
427
427
427
427
427
428
428
428
428
428
428
428
429
431
432
