18
18
18
18
18
18
18
18
18
20
20
20
20
20
20
20
20
20
20
20
20
20
20
22
22
22
22
22
22
22
23
23
23
23
23
23
23
24
24
24
24
24
24
24
25
25
25
25
25
25
25
43
43
43
43
43
43
43
43
57
57
57
57
57
57
60
60
60
60
63
63
63
63
66
66
66
66
69
69
69
69
72
72
72
72
75
75
75
75
78
78
78
78
78
78
81
81
81
81
81
81
81
81
81
81
81
84
84
84
84
92
92
92
92
92
92
92
92
92
92
93
93
93
93
93
94
102
102
102
102
102
102
102
102
102
103
103
103
103
103
103
104
104
104
105
113
113
113
113
113
113
114
114
114
114
114
114
114
114
114
114
114
115
115
115
115
115
115
115
116
117
117
117
117
117
117
117
118
126
126
126
126
126
126
126
126
126
127
127
127
127
127
127
128
128
128
129
136
136
136
136
136
136
137
137
137
137
137
137
138
146
146
146
146
146
146
146
146
146
148
148
148
148
148
148
148
148
148
148
149
149
149
150
157
157
157
157
157
157
158
158
158
158
158
158
159
159
159
160
168
168
168
168
168
168
168
168
168
169
169
169
169
169
169
170
170
170
171
179
179
179
179
179
179
179
179
179
180
180
180
180
180
180
181
181
181
182
192
192
192
192
192
192
192
192
192
192
192
193
193
193
193
193
193
193
193
193
193
193
194
194
194
195
203
203
203
203
203
203
203
203
203
204
204
204
204
204
204
205
205
205
206
213
213
213
213
213
213
214
214
214
214
214
214
215
223
223
223
223
223
223
223
223
223
224
224
224
224
224
224
225
225
225
226
234
234
234
234
234
234
234
234
234
234
234
234
235
235
235
235
235
235
236
236
236
237
244
244
244
244
244
244
245
245
245
245
245
245
246
268
268
268
268
268
268
268
268
268
269
269
269
269
270
270
270
271
272
275
275
275
275
275
275
275
275
275
278
278
278
278
278
278
278
278
278
281
281
281
281
281
281
281
281
284
284
284
284
284
284
284
284
284
284
292
292
292
292
292
292
292
293
293
293
293
293
293
294
304
304
304
304
304
304
304
304
304
304
305
305
305
305
305
305
305
306
309
309
309
309
309
312
312
312
312
315
315
315
315
318
318
318
318
321
321
321
321
324
324
324
324
327
327
327
327
327
327
330
330
330
330
330
330
330
330
330
330
330
333
333
333
333
333
333
333
333
333
333
333
333
333
333
336
336
336
336
343
343
343
343
343
343
343
343
344
344
344
344
344
344
344
344
345
345
345
345
345
345
345
345
346
346
346
346
346
346
346
346
347
347
347
347
347
347
347
347
348
348
348
348
348
348
348
348
349
349
349
349
349
349
349
349
350
350
350
350
350
350
350
350
351
351
351
351
351
351
351
351
352
352
352
352
352
352
352
352
353
364
364
364
364
364
364
364
364
364
364
364
364
364
364
364
364
364
364
365
365
365
365
365
365
365
365
365
365
365
366
376
376
376
376
376
376
376
376
376
376
376
376
376
376
377
377
377
377
377
377
377
377
377
377
377
378
390
390
390
390
390
390
390
390
390
390
390
390
390
390
390
390
390
390
390
390
390
390
392
392
392
392
392
392
392
392
392
392
392
393
393
393
393
393
393
396
396
396
396
396
397
397
397
397
397
397
398
400
400
400
400
400
400
401
409
409
409
409
409
410
410
410
410
410
410
410
410
410
410
410
410
410
410
410
410
410
410
410
410
410
410
410
410
410
410
410
410
410
411
421
421
421
421
421
421
421
421
421
422
422
422
422
422
422
422
422
423
423
423
423
423
423
423
424
427
427
427
427
427
427
427
428
439
439
440
440
440
440
440
440
440
440
440
441
441
441
441
442
442
442
442
442
443
450
450
450
450
450
450
450
450
451
451
451
451
451
451
451
452
452
452
452
452
452
452
453
454
454
454
454
454
455
463
463
463
463
463
464
464
464
464
464
464
465
476
476
477
477
477
477
477
477
478
478
479
479
479
479
479
479
479
479
479
479
479
479
479
480
480
480
480
480
480
480
480
480
480
480
480
481
481
481
482
482
482
482
482
482
482
482
483
483
483
483
483
483
483
483
483
483
483
483
483
484
485
487
487
488
488
488
488
488
488
488
488
488
489
489
489
489
489
489
489
490
490
490
491
492
492
492
492
492
492
492
492
492
492
493
493
493
494
495
495
495
495
495
495
495
495
495
496
496
496
496
496
496
496
496
496
496
496
496
496
496
496
496
496
496
496
496
496
496
496
497
504
504
504
504
504
504
505
505
505
506
521
521
521
521
521
521
522
522
522
523
530
530
530
530
530
530
531
531
531
532
540
540
540
540
540
540
541
541
541
541
541
541
541
541
541
541
542
549
549
549
549
549
551
551
551
551
551
551
551
551
551
552
559
559
559
559
559
559
560
560
560
561
571
571
571
571
571
571
572
572
572
573
580
580
580
580
580
580
581
581
581
582
589
589
589
589
589
589
590
590
590
590
590
590
590
590
590
590
590
590
590
590
591
602
602
602
602
602
602
602
602
602
602
602
603
603
603
603
603
603
603
603
603
603
603
603
603
603
604
613
613
613
613
613
613
613
613
613
614
614
614
614
614
614
614
614
616
616
616
616
616
616
616
616
616
617
624
624
624
624
624
624
624
624
625
625
625
625
625
625
625
625
625
625
625
625
625
625
626
633
633
633
633
633
633
634
634
634
635
642
642
642
642
642
642
642
642
642
643
643
643
644
651
651
651
651
651
651
652
652
652
652
652
652
652
652
652
653
660
660
660
660
660
660
661
661
661
661
661
661
661
661
661
661
661
661
662
669
669
669
669
669
669
670
670
670
670
670
670
670
670
670
671
673
673
674
674
674
674
674
674
675
675
675
675
675
675
675
675
675
675
676
683
683
683
683
683
683
684
684
684
684
684
685
692
692
692
692
692
692
693
693
693
693
693
693
693
694
699
699
699
699
699
699
700
700
700
701
709
709
709
709
709
709
710
710
710
710
710
711
718
718
718
718
718
718
719
719
719
720
731
731
731
731
731
731
731
731
733
733
733
733
733
733
733
735
735
735
735
735
735
735
735
738
738
738
738
738
738
738
738
738
738
741
741
741
741
741
741
741
741
743
743
743
743
743
743
743
743
743
743
743
743
743
744
744
745
748
748
748
748
748
748
748
748
748
748
748
748
751
751
751
751
751
751
751
751
751
751
751
754
754
754
754
754
754
754
754
754
755
756
759
759
759
759
759
760
768
768
768
768
768
769
769
769
769
769
770
770
770
771
772
772
772
772
772
772
772
773
773
773
773
773
773
773
774
775
775
775
775
775
776
783
783
783
783
783
783
783
783
783
784
784
784
784
784
784
785
792
792
792
792
792
792
792
792
792
793
793
793
793
793
793
794
802
802
802
802
802
802
802
802
802
803
803
803
803
803
803
804
811
811
811
811
811
811
811
811
811
812
812
812
812
812
812
813
820
820
820
820
820
820
820
820
820
821
821
821
821
821
821
822
829
829
829
829
829
829
829
829
829
830
830
830
830
830
830
831
839
839
839
839
839
839
839
839
839
839
839
839
840
840
840
840
840
840
841
853
853
854
854
854
854
854
854
854
854
854
855
855
855
855
855
855
855
855
855
855
855
856
863
863
863
863
863
863
863
863
863
864
864
864
864
864
864
865
872
872
873
873
873
873
873
873
874
874
874
874
874
874
874
874
874
874
874
874
874
874
876
876
876
876
876
876
876
878
878
878
878
878
878
878
879
879
879
879
879
879
879
879
879
879
879
879
880
882
882
882
882
882
882
882
884
884
884
884
884
884
884
885
885
885
885
885
885
885
886
886
886
886
886
886
886
886
886
887
887
887
887
887
887
887
888
890
890
890
890
890
890
890
890
890
890
890
890
892
892
892
892
892
892
892
893
893
893
893
893
893
893
893
893
893
893
893
894
896
896
896
896
896
896
896
898
898
898
898
898
898
898
899
900
901
