18
18
18
18
18
18
18
18
18
18
18
20
20
20
20
20
20
20
21
21
21
21
21
21
21
22
22
22
22
22
22
22
23
23
23
23
23
23
23
24
24
24
24
24
24
24
25
25
25
25
25
25
25
26
26
26
26
26
26
26
27
27
27
27
27
27
27
27
27
29
29
29
29
29
29
29
29
29
29
29
29
29
76
76
76
76
80
80
80
80
80
80
80
80
80
80
80
80
80
80
81
81
81
81
81
81
81
81
81
81
81
81
81
81
83
83
83
83
83
83
83
83
83
83
83
83
83
84
84
84
84
84
87
87
87
87
87
89
89
89
89
89
89
89
89
90
90
90
90
90
90
90
91
97
97
97
97
97
97
97
97
97
97
97
98
98
98
98
98
98
99
99
99
99
99
99
99
100
100
100
100
100
100
100
100
100
100
101
101
101
102
102
102
102
102
102
103
104
115
115
115
115
115
115
115
116
116
117
118
118
118
118
118
118
118
118
119
139
139
139
139
139
139
139
139
139
139
140
140
141
142
142
142
142
142
142
142
142
142
142
142
143
162
162
162
162
162
162
162
162
162
162
162
163
164
164
164
164
164
164
164
164
164
164
164
164
165
165
165
165
165
165
165
165
165
165
165
166
166
166
166
166
166
166
166
166
166
166
166
166
166
166
167
167
167
167
167
167
167
167
167
167
167
167
167
167
167
167
167
167
167
167
167
167
167
167
168
193
193
193
193
193
193
193
193
193
193
193
194
194
194
194
194
194
194
194
194
194
194
194
194
194
195
195
195
195
195
196
196
196
196
196
196
196
196
196
196
196
196
196
196
196
197
197
197
197
197
197
197
197
197
197
197
197
198
198
198
198
198
198
198
198
198
198
198
198
199
199
199
199
199
199
199
199
199
200
200
200
200
200
200
200
200
201
202
202
202
202
202
202
202
203
203
203
204
205
205
205
205
205
205
205
205
207
235
235
235
235
235
235
235
235
235
235
235
236
236
236
236
236
236
236
236
236
236
236
236
236
236
237
237
237
237
237
238
238
238
238
238
238
238
238
238
238
238
238
238
238
238
239
239
239
239
239
239
239
239
239
239
239
239
240
240
240
240
240
240
240
240
240
240
240
240
241
241
241
241
241
241
241
241
241
242
242
242
242
242
242
242
242
243
244
244
244
244
244
244
244
244
244
245
245
245
246
247
247
247
247
247
247
247
247
248
257
257
257
257
257
257
258
258
258
258
258
258
258
259
268
268
268
268
268
268
269
269
269
269
269
269
269
270
283
283
283
283
283
283
283
283
283
283
283
283
283
283
283
284
284
284
284
284
284
284
284
284
285
285
285
285
285
285
285
285
285
285
285
285
285
285
285
287
287
287
287
287
287
287
287
287
287
287
287
289
289
289
289
289
289
289
290
290
290
290
290
290
290
290
290
291
291
291
291
291
291
291
291
291
291
291
292
293
294
302
302
303
303
303
303
303
303
303
303
303
303
303
304
304
304
304
304
304
304
305
317
317
317
317
317
317
317
317
317
317
317
317
317
317
317
318
318
318
318
318
318
318
318
318
318
318
319
319
319
319
319
319
319
320
320
320
320
320
320
320
320
320
320
320
321
321
321
321
322
329
329
329
329
329
329
330
330
330
330
330
330
330
330
330
330
330
330
331
333
334
