6
6
6
6
6
6
6
6
6
6
6
8
8
8
8
8
8
8
8
8
8
8
8
8
8
9
9
9
9
9
9
9
9
9
9
9
9
9
9
10
10
10
10
10
10
10
10
10
10
10
10
10
10
11
11
11
11
11
11
11
11
11
11
11
11
11
11
12
12
12
12
12
12
12
12
12
12
12
12
12
12
13
13
13
13
13
13
13
13
13
13
13
13
13
13
14
14
14
14
14
14
14
14
14
14
14
14
14
14
15
15
15
15
15
15
15
15
15
15
15
15
15
15
16
16
16
16
16
16
16
16
16
16
16
16
16
16
18
18
18
18
18
18
18
19
19
19
19
19
19
19
21
21
21
21
21
21
21
21
21
21
21
23
23
23
24
25
25
25
25
26
26
26
26
27
27
27
27
27
27
27
28
28
28
28
29
29
29
29
29
29
29
29
29
29
29
29
29
29
30
30
30
30
30
30
30
30
30
30
30
30
30
30
31
31
31
31
31
32
32
32
32
32
32
34
34
34
34
34
34
34
34
34
34
34
34
34
34
34
34
34
34
34
34
34
34
34
34
35
35
35
35
35
35
36
37
37
37
37
37
37
38
38
38
38
38
38
39
39
39
39
39
39
40
40
40
40
40
40
41
41
41
41
41
41
42
42
42
42
42
42
44
44
44
44
44
44
45
46
46
46
46
46
46
46
46
46
46
46
46
46
47
48
50
50
50
50
50
51
52
52
52
53
55
55
55
55
55
56
57
57
57
58
60
60
60
60
60
60
60
60
61
62
62
62
63
65
65
65
65
65
66
67
67
67
68
70
70
70
70
70
70
70
70
71
72
72
72
73
75
75
75
75
75
76
77
77
77
77
77
77
77
77
79
79
79
79
79
79
79
79
79
79
80
81
81
81
81
81
81
81
82
83
83
83
83
83
83
83
83
83
83
83
83
84
86
86
86
86
86
86
86
86
86
86
86
86
86
87
89
89
89
89
89
89
89
90
92
92
92
92
92
92
92
92
93
94
94
94
95
97
97
97
97
97
97
97
98
99
99
99
99
99
99
100
101
101
101
101
101
101
101
103
103
103
103
103
104
105
105
105
105
105
105
105
105
105
105
105
105
105
105
105
105
106
107
108
110
110
110
110
110
111
112
112
112
113
115
115
115
115
115
115
115
116
117
117
117
117
117
117
118
119
119
119
119
119
119
119
119
119
119
119
119
119
119
119
119
120
120
120
120
120
120
120
120
120
120
120
120
120
120
120
120
120
121
122
124
124
124
124
124
125
126
126
126
126
126
128
128
128
128
128
128
128
128
128
130
130
130
130
130
130
131
132
132
132
132
132
132
132
132
132
132
132
132
134
134
134
134
134
134
134
134
134
135
136
136
136
136
137
138
140
140
140
141
143
143
144
144
144
144
144
145
146
146
146
146
146
146
146
146
147
149
149
149
149
149
149
149
149
149
149
150
151
151
151
151
151
151
151
151
153
153
153
153
153
153
153
153
153
153
153
153
153
153
155
155
155
155
156
157
157
157
157
157
157
157
157
157
158
159
160
161
161
161
161
161
161
161
161
161
161
161
161
161
161
161
161
161
161
161
161
161
161
161
161
161
161
161
161
162
164
164
164
164
164
164
164
164
164
164
164
164
166
166
166
166
166
166
166
166
166
167
168
168
168
168
168
168
168
169
170
170
170
170
170
170
170
171
171
171
171
171
171
171
172
173
175
175
175
175
175
175
175
177
177
177
177
178
179
179
179
179
179
179
179
179
179
180
181
182
183
183
183
183
183
183
183
183
183
183
184
185
185
185
185
185
185
185
187
187
187
187
187
187
187
188
189
189
189
189
189
189
189
189
189
189
189
189
190
192
192
192
192
192
192
192
192
192
192
192
192
192
193
194
196
196
196
196
196
196
196
196
196
198
198
198
198
198
198
198
198
198
198
199
200
200
200
200
200
202
202
202
202
202
202
202
203
204
204
204
204
205
206
206
206
206
206
206
206
206
206
206
206
206
206
206
206
206
206
207
207
207
207
208
209
210
211
211
211
211
211
211
211
211
211
211
211
211
211
211
211
211
212
212
212
212
212
212
212
212
212
212
212
212
213
214
215
216
217
218
218
218
218
218
218
218
219
221
221
221
221
221
221
221
221
221
221
221
221
222
226
226
226
226
226
226
226
226
226
226
226
226
226
227
228
228
228
228
228
228
228
228
230
230
230
230
230
230
230
230
230
230
230
230
230
230
232
232
232
232
233
234
234
234
234
234
234
234
234
234
235
236
237
238
238
238
238
238
238
238
238
238
238
238
238
238
238
238
238
238
238
238
238
238
238
238
238
238
238
238
238
239
241
241
241
241
241
241
241
241
241
241
241
241
243
243
243
243
243
243
243
243
243
244
245
245
245
245
245
245
245
246
247
247
247
247
247
247
247
248
248
248
248
248
248
248
249
250
252
252
252
252
252
252
252
254
254
254
254
255
256
256
256
256
256
256
256
256
256
257
258
259
260
260
260
260
260
260
260
260
260
260
261
262
262
262
262
262
262
262
264
264
264
264
264
264
264
265
266
266
266
266
266
266
266
266
266
266
266
266
267
269
269
269
269
269
269
269
269
269
269
269
269
269
270
271
273
273
273
273
273
273
273
273
273
275
275
275
275
275
275
275
275
275
275
276
277
277
277
277
277
277
277
277
277
277
279
279
279
279
279
279
280
282
282
282
282
282
282
282
282
282
282
282
282
283
284
285
287
287
287
287
287
287
287
287
287
287
287
287
287
288
288
288
288
288
288
288
288
288
288
288
288
288
288
288
288
289
289
289
289
289
289
289
290
292
292
292
292
292
292
292
292
292
292
292
292
292
292
292
292
293
294
294
294
294
294
294
294
295
297
297
297
297
297
297
297
299
300
301
302
302
302
302
302
302
302
303
305
305
305
305
305
305
305
305
305
305
305
305
306
307
307
