6
6
6
6
6
6
6
6
6
6
6
8
8
8
8
8
8
8
9
9
9
9
9
9
9
11
11
11
11
11
11
11
11
11
11
11
11
11
11
14
14
14
15
16
16
16
16
16
16
16
18
18
18
18
19
20
20
20
20
20
20
20
20
20
21
23
23
23
23
23
23
23
24
25
25
25
25
25
25
25
26
28
28
28
28
28
28
28
29
30
30
30
30
30
32
32
32
32
32
32
32
33
34
34
34
34
34
34
34
34
34
34
34
34
34
34
34
34
34
34
35
36
36
36
36
37
37
38
39
41
41
41
42
44
44
44
44
44
45
46
46
46
46
46
46
46
47
49
49
49
49
49
49
49
49
50
51
51
51
52
54
54
55
55
55
55
55
56
57
57
57
57
57
57
57
57
59
59
59
59
59
59
59
61
61
61
61
61
61
61
62
63
63
63
63
63
63
63
63
63
63
63
63
63
63
63
63
64
66
66
66
66
66
66
66
67
68
68
