6
6
6
6
6
6
6
6
6
6
6
8
8
8
8
8
8
8
9
9
9
9
9
9
9
11
11
11
11
11
11
11
11
11
11
11
11
11
12
12
12
12
12
12
12
12
12
12
12
12
12
12
14
14
14
14
14
14
14
14
15
16
16
16
16
16
16
16
16
16
16
16
16
16
16
18
18
18
18
18
18
18
18
18
19
20
20
20
20
20
20
20
21
23
23
24
24
24
24
24
25
26
26
26
26
26
26
26
26
28
28
28
28
28
28
28
29
30
30
30
30
30
30
30
30
30
30
30
30
30
30
30
30
31
33
33
33
33
33
33
33
33
33
33
33
33
33
33
33
33
33
33
33
35
35
35
35
35
35
35
36
38
38
38
38
38
38
38
39
40
40
40
40
40
40
40
40
41
43
43
44
44
44
44
44
45
46
46
46
46
46
46
46
46
46
47
49
49
50
50
50
50
50
50
50
51
52
52
52
52
52
52
52
52
52
52
52
52
52
52
53
55
55
56
56
56
56
56
56
56
57
58
58
58
58
58
58
58
58
58
58
58
58
58
58
59
60
60
