6
6
6
6
6
6
6
6
6
8
8
8
8
8
8
8
9
9
9
9
9
9
9
11
11
11
11
11
11
11
11
11
11
11
12
12
12
12
12
12
12
12
12
12
12
13
13
13
13
13
13
13
13
13
13
13
14
14
14
14
14
14
14
14
14
14
14
15
15
15
15
15
15
15
15
15
15
15
17
17
17
17
17
18
19
19
19
19
19
19
19
19
19
19
21
21
21
21
21
21
21
21
21
22
23
23
23
23
23
23
23
24
24
24
24
24
24
24
24
24
25
27
27
28
28
28
28
28
28
28
29
30
30
30
30
30
30
30
30
30
30
30
30
31
33
33
33
33
33
33
33
33
33
33
33
34
35
35
35
35
35
35
35
35
35
37
37
37
37
37
37
37
37
37
37
37
37
37
38
39
39
39
39
39
39
39
39
39
40
41
41
41
41
41
41
41
41
41
41
42
42
42
42
42
42
42
42
42
42
42
43
44
45
46
46
46
46
46
46
46
46
46
47
48
49
50
51
53
53
54
54
54
54
54
55
56
56
56
56
56
56
56
56
56
56
56
56
56
56
56
56
56
56
57
58
58
58
58
58
58
58
58
58
58
58
58
58
58
58
58
58
58
58
58
58
58
58
58
58
59
60
61
61
