6
6
6
6
6
6
6
6
6
8
8
8
8
8
8
8
9
9
9
9
9
9
9
10
10
10
10
10
10
10
11
11
11
11
11
11
11
13
13
13
13
13
13
13
13
13
13
13
14
14
14
14
14
14
14
14
14
14
14
15
15
15
15
15
15
15
15
15
15
15
16
16
16
16
16
16
16
16
16
16
16
17
17
17
17
17
17
17
17
17
17
17
18
18
18
18
18
18
18
18
18
18
18
19
19
19
19
19
19
19
20
20
20
20
20
20
20
22
22
22
22
22
22
22
22
23
24
24
24
24
25
25
25
25
25
25
25
26
26
26
26
28
28
28
28
28
28
28
28
28
28
28
28
28
28
28
30
30
30
30
30
30
30
30
30
31
32
32
32
32
32
32
33
33
33
33
33
33
34
36
36
37
37
37
37
37
38
39
42
42
42
42
42
43
44
47
47
48
48
48
48
48
48
48
48
48
48
48
48
49
51
53
53
54
54
54
54
54
54
54
54
55
56
56
56
56
56
56
56
56
56
58
58
58
58
58
58
58
58
58
60
60
60
60
62
62
62
62
62
62
62
62
62
62
62
62
62
63
64
64
65
65
65
65
65
65
65
65
65
65
66
67
67
67
67
68
69
69
69
69
69
69
69
69
69
69
69
69
69
69
69
69
69
69
70
71
72
73
73
73
73
73
73
73
73
73
73
73
73
73
73
73
73
73
73
74
76
77
77
77
79
79
79
80
81
82
