6
6
6
6
6
6
6
6
6
6
6
8
8
8
8
8
8
8
9
9
9
9
9
9
9
11
11
11
11
11
11
11
11
11
11
11
12
12
12
12
12
12
12
13
13
13
13
13
13
13
15
15
15
15
15
15
15
15
15
15
15
15
15
15
17
17
17
18
19
19
19
19
21
21
21
21
21
21
21
21
21
21
21
21
21
21
23
23
23
23
25
25
25
25
27
27
27
27
29
29
29
29
31
31
31
31
31
31
31
31
31
31
31
31
31
31
31
33
33
33
33
33
33
34
35
35
35
35
35
35
36
38
38
38
38
38
39
40
40
40
41
43
43
43
43
43
43
43
44
45
45
45
45
45
45
47
47
47
47
48
49
49
49
49
49
49
49
49
49
50
51
53
53
53
53
53
54
55
55
55
56
58
58
58
58
58
58
58
59
60
60
60
60
60
60
61
63
63
63
63
63
64
65
65
65
66
68
68
68
68
68
68
68
69
70
70
70
70
70
70
70
71
73
73
73
73
73
73
73
73
74
75
75
75
76
78
78
78
78
78
79
80
80
80
80
80
82
82
82
82
82
82
82
83
84
84
84
84
84
84
84
84
84
84
84
85
86
86
86
86
86
86
86
86
86
86
86
86
86
88
88
88
88
88
88
88
88
88
88
88
89
90
92
92
92
93
95
95
95
95
95
96
97
97
97
98
100
100
100
100
100
100
100
101
102
102
102
102
102
102
103
105
105
105
105
105
106
107
107
107
108
110
110
110
110
110
110
110
111
112
112
112
112
112
112
113
115
115
116
116
116
116
116
117
118
118
118
118
118
118
118
118
120
120
120
120
120
120
120
122
122
122
122
122
122
123
124
124
124
124
124
124
124
124
124
124
124
124
126
126
126
126
126
126
126
127
128
128
128
128
128
128
128
128
128
128
128
128
128
128
129
129
129
129
129
129
129
129
129
129
129
129
130
131
133
133
133
133
133
133
133
134
135
135
135
135
135
135
135
135
135
135
135
135
136
138
138
138
138
138
138
138
139
140
140
