18
18
18
18
18
18
18
18
18
20
20
20
20
20
20
20
21
21
21
21
21
21
21
22
22
22
22
22
22
22
23
23
23
23
23
23
23
24
24
24
24
24
24
24
29
29
29
29
29
29
31
31
31
31
31
31
31
31
34
34
34
34
34
34
34
34
34
34
34
34
34
34
34
34
34
37
37
37
37
40
40
40
40
48
48
48
48
48
48
48
48
48
51
51
51
51
51
51
51
51
51
51
51
51
51
53
53
53
54
59
59
59
59
59
59
59
59
59
61
61
61
61
61
61
61
62
67
67
67
67
67
67
67
67
67
69
69
69
69
69
69
69
70
75
75
75
75
75
75
76
76
76
77
84
84
84
84
84
84
85
85
85
86
91
91
91
91
91
91
91
91
91
92
92
92
92
92
92
93
101
101
101
101
101
101
101
101
101
101
101
102
102
102
102
102
102
102
104
104
104
104
105
105
106
111
111
111
111
111
111
111
111
111
111
111
111
111
111
111
111
111
111
111
112
112
112
112
112
112
112
112
112
113
114
114
114
114
114
114
114
114
115
122
122
123
123
123
123
123
123
124
124
124
124
124
124
124
124
124
126
126
126
126
126
126
126
126
126
126
126
126
126
126
126
128
128
128
128
128
128
128
130
130
130
130
130
130
130
130
130
131
131
131
131
131
131
131
131
131
131
133
133
133
133
133
133
133
133
133
133
133
134
134
134
134
134
134
134
135
135
135
135
135
135
135
135
135
135
135
136
136
136
137
137
137
137
137
137
137
138
138
138
138
138
138
138
138
138
138
138
139
141
141
141
141
141
141
141
141
141
141
141
142
142
142
142
142
142
142
143
143
143
143
143
143
143
143
143
143
143
144
146
146
146
146
146
146
146
146
146
147
147
147
147
147
147
147
148
149
151
151
151
151
151
151
151
153
153
153
153
153
153
153
154
155
156
