18
18
18
18
18
18
18
18
18
18
18
20
20
20
20
20
20
20
21
21
21
21
21
21
21
22
22
22
22
22
22
22
23
23
23
23
23
23
23
24
24
24
24
24
24
24
25
25
25
25
25
25
25
27
27
27
27
27
27
27
27
27
27
27
28
28
28
28
28
28
28
28
28
28
28
29
29
29
29
29
29
29
29
29
29
29
30
30
30
30
30
30
30
30
30
30
30
30
30
31
31
31
31
31
31
31
31
31
31
31
31
31
85
85
85
85
85
86
88
88
88
88
88
88
88
88
93
93
93
93
93
93
93
93
100
100
100
100
100
106
106
106
106
108
108
108
109
109
109
111
111
111
111
112
112
112
112
112
112
112
112
113
113
113
113
114
114
114
114
121
121
121
121
122
123
123
123
123
123
124
131
131
131
131
131
131
131
131
132
132
132
132
132
133
133
133
133
133
133
133
133
133
134
134
134
134
135
135
135
135
136
136
136
136
136
136
136
136
137
137
137
137
137
137
138
141
141
142
142
142
142
142
142
142
143
144
144
144
144
144
144
145
145
146
146
146
146
146
146
146
146
147
147
147
147
148
148
149
149
149
149
149
149
149
149
150
150
150
150
151
151
151
151
152
167
167
167
167
167
167
167
168
169
169
169
169
169
169
169
169
170
180
180
181
181
181
181
181
181
181
182
183
183
183
183
183
183
184
184
184
184
185
185
185
185
186
186
186
186
187
187
187
187
187
187
188
188
188
188
189
206
206
206
206
206
206
206
206
206
206
207
208
208
208
208
208
208
208
208
208
208
209
215
215
216
216
216
216
216
216
217
217
217
218
238
238
238
238
238
238
238
239
240
240
240
240
242
242
242
242
243
243
243
243
243
243
245
245
245
245
245
245
245
245
245
247
247
247
247
247
247
247
248
248
248
248
249
249
249
250
254
254
254
254
254
254
254
254
255
255
255
255
255
255
255
256
256
256
256
257
257
257
257
257
258
260
261
262
262
262
262
262
262
262
262
262
262
262
262
262
263
263
263
263
263
263
263
263
263
264
265
265
265
265
265
265
266
267
267
267
267
268
268
268
268
268
269
271
271
271
271
271
271
271
274
274
274
274
274
274
274
274
274
274
274
274
274
274
274
275
276
277
278
278
278
278
278
278
278
278
280
280
280
280
280
280
280
281
281
281
281
282
282
282
283
285
285
285
285
285
285
285
290
291
291
291
291
291
291
291
291
291
291
291
291
291
291
291
291
291
291
291
291
291
292
292
292
292
292
292
292
292
292
292
292
292
292
292
296
298
298
298
298
298
298
298
298
298
300
300
300
300
300
300
300
300
300
301
301
301
301
302
302
302
303
304
304
304
305
316
316
316
316
316
317
318
318
318
319
329
329
329
329
329
330
331
331
331
331
333
333
333
333
333
333
334
334
334
335
337
337
337
337
337
337
337
339
339
339
339
339
339
339
339
340
341
341
341
341
341
341
341
342
342
342
342
342
342
342
342
342
343
345
345
345
345
347
347
347
347
347
347
347
347
348
348
348
349
359
359
359
359
359
359
359
360
361
361
361
361
361
361
361
361
361
361
362
378
378
378
378
378
378
378
378
378
378
379
380
380
380
380
380
380
380
380
380
380
381
397
397
397
397
397
397
397
398
399
399
399
399
399
399
399
399
400
416
416
416
416
416
416
416
416
416
416
417
418
418
418
418
418
418
418
418
418
418
419
436
436
436
436
436
436
436
436
436
436
437
438
438
438
438
438
438
438
438
438
438
438
438
439
455
455
455
455
455
455
455
456
457
457
457
457
457
457
457
457
458
474
474
474
474
474
474
474
475
476
476
476
476
476
476
476
476
477
494
494
494
494
494
494
494
494
494
494
495
496
496
496
496
496
496
496
496
496
496
496
496
497
507
507
507
507
507
507
507
507
507
507
507
507
507
507
507
507
507
508
508
508
508
508
509
525
525
525
525
525
525
525
526
527
527
527
527
527
527
527
527
528
545
545
545
545
545
545
545
545
545
545
546
547
547
547
547
547
547
547
547
547
547
548
565
565
565
565
565
565
565
565
565
565
566
567
567
567
567
567
567
567
567
567
567
568
590
590
590
590
590
590
590
590
590
590
591
592
592
592
592
592
592
592
592
593
617
617
617
617
617
617
617
617
617
617
617
617
617
617
618
619
619
619
619
619
619
619
619
619
619
619
619
619
620
630
630
630
630
630
630
630
630
630
630
630
630
630
630
630
630
631
631
632
633
633
633
633
633
633
633
633
633
633
633
633
633
633
633
634
654
654
654
654
654
654
654
654
654
654
655
656
656
656
656
656
656
656
656
657
679
679
679
679
679
679
679
679
679
679
679
679
679
679
680
681
681
681
681
681
681
681
681
681
681
682
694
694
694
694
694
694
694
694
694
694
694
694
694
694
694
694
695
695
696
697
697
697
697
697
697
697
697
697
698
698
698
698
698
698
698
700
700
700
700
700
700
701
702
702
702
702
702
703
703
703
703
703
703
703
704
705
705
705
705
705
705
705
706
708
708
708
708
708
708
708
708
708
710
710
710
710
710
710
710
710
710
710
711
711
711
711
711
711
711
712
712
712
712
712
712
714
714
714
714
714
714
714
716
716
716
716
716
717
734
734
734
734
734
734
734
734
734
734
735
736
736
736
736
736
736
736
736
736
736
737
752
752
752
752
752
752
752
753
754
754
754
754
754
754
754
754
755
771
771
771
771
771
771
771
771
771
771
772
773
773
773
773
773
773
773
773
773
773
774
775
776
