6
6
6
6
6
6
6
6
6
8
8
8
8
8
8
8
8
8
8
8
8
8
8
9
9
9
9
9
9
9
9
9
9
9
9
9
9
10
10
10
10
10
10
10
10
10
10
10
10
10
10
11
11
11
11
11
11
11
11
11
11
11
11
11
11
12
12
12
12
12
12
12
12
12
12
12
12
12
12
13
13
13
13
13
13
13
13
13
13
13
13
13
13
14
14
14
14
14
14
14
14
14
14
14
14
14
14
15
15
15
15
15
15
15
15
15
15
15
15
15
15
16
16
16
16
16
16
16
16
16
16
16
16
16
16
17
17
17
17
17
17
17
17
17
17
17
17
17
17
18
18
18
18
18
18
18
18
18
18
18
18
18
18
19
19
19
19
19
19
19
19
19
19
19
19
19
19
20
20
20
20
20
20
20
20
20
20
20
20
20
20
21
21
21
21
21
21
21
21
21
21
21
21
21
21
22
22
22
22
22
22
22
22
22
22
22
22
22
22
23
23
23
23
23
23
23
23
23
23
23
23
23
23
24
24
24
24
24
24
24
24
24
24
24
24
24
24
25
25
25
25
25
25
25
25
25
25
25
25
25
25
27
27
27
27
27
27
27
27
27
28
28
28
28
28
28
28
28
28
29
29
29
29
29
29
29
29
29
30
30
30
30
30
30
30
31
31
31
31
31
31
31
32
32
32
32
32
32
32
34
34
34
34
34
34
34
34
34
34
34
34
34
35
35
35
35
35
35
35
35
35
35
35
35
35
36
36
36
36
36
36
36
36
36
36
36
36
36
37
37
37
37
37
37
37
37
37
37
37
37
37
38
38
38
38
38
38
38
38
38
38
38
39
39
39
39
39
39
39
39
39
39
39
40
40
40
40
40
40
40
40
40
41
41
41
41
41
41
41
41
41
43
43
43
43
43
43
43
43
43
43
43
44
45
45
45
45
45
45
45
45
45
45
45
45
45
45
45
47
47
47
47
48
48
48
48
48
48
48
49
49
49
49
51
51
51
51
51
51
53
53
53
53
53
53
54
54
54
54
54
54
55
55
55
55
56
56
56
56
57
57
57
57
57
57
57
58
58
58
58
58
58
58
58
58
58
60
60
60
60
60
60
61
62
62
62
62
62
62
64
64
64
64
64
64
64
64
64
65
67
67
67
67
67
67
67
68
69
69
69
69
69
69
69
69
69
69
69
70
71
71
71
71
71
71
71
71
71
71
71
71
71
71
71
71
71
72
73
73
73
73
74
74
75
76
77
79
79
80
80
80
80
80
81
82
82
82
83
85
85
86
86
86
86
86
87
88
88
88
88
88
88
88
88
88
88
88
89
91
91
92
92
92
92
92
93
94
94
94
94
94
94
94
94
94
94
94
95
97
97
98
98
98
98
98
99
100
100
100
101
103
103
104
104
104
104
104
105
106
106
106
106
106
106
106
106
107
109
109
109
109
109
109
109
110
111
111
111
111
112
113
113
113
113
113
113
113
113
114
114
114
114
114
114
114
114
114
114
114
114
114
114
114
114
114
115
117
117
117
117
117
117
117
117
117
117
117
117
117
117
119
119
119
119
120
121
121
121
121
121
121
121
121
121
122
124
124
124
125
127
127
127
127
127
127
127
127
127
128
129
129
129
129
129
131
131
131
131
131
131
131
131
131
131
131
131
131
131
133
133
133
133
133
133
134
135
135
135
135
135
135
135
135
135
135
135
135
135
136
136
136
136
136
136
136
136
136
138
138
138
138
139
140
140
140
140
140
140
140
140
140
140
140
140
140
140
140
140
140
140
140
140
140
141
142
143
144
145
145
145
145
145
145
145
145
147
147
147
147
148
149
149
149
149
149
149
149
150
151
153
153
153
154
156
156
157
157
157
157
157
157
157
157
157
157
158
159
159
159
159
159
161
161
161
161
161
161
161
162
163
163
163
163
164
165
165
165
165
165
165
165
165
165
165
165
166
168
168
168
168
169
172
172
172
172
173
174
174
174
174
174
174
174
175
177
177
177
177
178
179
180
181
182
183
183
183
183
183
183
183
184
185
185
185
185
185
185
185
185
185
185
185
185
185
185
187
187
187
187
187
187
187
187
187
187
187
187
187
187
187
187
187
188
189
189
189
189
190
191
192
193
193
193
193
193
194
195
195
195
195
195
195
195
195
195
195
195
196
197
199
199
199
199
200
201
201
201
201
201
201
201
201
201
202
203
205
205
205
206
208
208
208
208
208
208
208
208
208
208
208
208
208
208
208
209
210
210
210
210
210
210
210
210
210
210
210
210
210
210
210
210
212
212
212
212
212
212
212
212
212
212
212
213
214
214
214
214
214
214
214
214
214
214
216
216
216
216
216
216
216
216
216
216
216
216
216
218
218
218
218
218
218
218
219
221
221
221
222
224
224
225
225
225
225
225
226
227
227
227
227
227
229
229
229
229
229
229
229
229
229
229
230
231
231
231
231
232
233
234
235
235
235
235
235
235
235
235
235
235
235
235
235
236
238
238
238
239
241
241
242
242
242
242
242
242
242
243
244
244
244
244
244
244
244
244
244
244
244
244
244
246
246
246
246
246
246
246
246
246
246
247
248
248
248
248
248
248
248
248
248
248
248
248
248
248
248
248
249
251
251
251
251
251
251
251
251
251
251
251
251
251
251
251
251
252
254
254
255
255
255
255
255
256
257
257
257
257
257
259
259
259
259
259
259
260
261
261
261
261
261
261
261
261
261
263
263
263
263
263
263
264
265
265
265
265
265
265
265
265
265
266
267
269
269
269
270
272
272
273
273
273
273
273
273
273
273
274
275
275
275
275
275
275
275
275
277
277
277
277
277
277
277
279
279
279
279
279
279
280
281
281
281
281
281
281
281
281
282
283
284
285
285
285
285
285
285
285
285
285
286
288
288
288
289
291
291
292
292
292
292
292
293
294
294
294
295
297
297
298
298
298
298
298
298
298
299
300
300
300
300
300
300
300
300
300
300
300
300
300
300
300
300
300
300
301
303
303
304
304
304
304
304
304
304
305
306
306
306
306
306
306
306
306
306
306
306
306
306
306
306
306
306
306
307
309
309
310
310
310
310
310
310
310
311
312
312
312
312
312
314
314
314
314
314
314
314
315
316
316
316
316
316
316
316
316
316
316
316
316
316
317
318
318
318
318
319
319
320
321
323
323
323
324
326
326
327
327
327
327
327
327
327
328
329
329
329
329
329
331
331
331
331
331
331
331
331
331
333
333
333
333
333
333
333
333
333
335
335
335
335
335
335
335
336
337
337
337
337
337
337
337
337
337
337
337
337
337
337
337
337
337
338
339
339
339
339
340
340
341
342
342
342
342
342
342
342
342
342
342
342
342
342
342
342
342
342
342
343
344
344
344
344
345
345
346
347
349
349
349
350
353
353
354
354
354
354
354
354
354
355
356
356
356
356
356
356
356
358
358
358
358
358
358
358
358
358
358
359
361
361
362
362
362
362
362
363
364
364
364
365
367
367
368
368
368
368
368
368
368
369
370
370
370
370
371
373
373
374
374
374
374
374
374
374
374
374
374
375
376
376
376
376
376
376
376
376
376
376
376
376
376
376
376
376
376
377
379
379
380
380
380
380
380
380
380
380
380
380
381
382
382
382
382
382
382
382
382
382
382
382
382
382
382
382
382
382
383
385
385
386
386
386
386
386
386
386
386
386
386
387
388
388
388
388
388
388
388
388
390
390
390
390
391
392
392
392
392
392
392
393
394
394
394
394
394
394
394
394
394
394
394
394
394
394
394
394
394
395
397
397
397
397
397
397
397
397
397
397
397
398
399
399
399
399
399
399
399
399
399
399
399
399
399
399
399
399
399
399
399
399
399
400
401
403
403
403
403
403
403
403
404
404
404
404
404
404
404
406
406
406
406
406
406
406
406
406
406
407
408
408
408
408
408
408
408
408
408
408
409
410
410
410
410
410
410
410
410
410
410
410
410
410
410
410
410
410
410
410
410
410
411
413
413
413
413
413
413
413
413
413
413
413
413
413
414
416
416
416
416
416
416
416
418
418
418
418
418
418
418
419
421
421
422
422
422
422
422
422
422
423
424
424
424
424
425
426
426
426
426
426
426
426
426
426
426
426
427
429
429
429
429
429
429
429
429
431
431
431
431
431
431
432
433
433
433
433
433
433
433
434
435
436
437
437
437
437
437
437
437
437
437
437
438
438
438
438
438
438
438
438
438
438
438
438
438
439
440
442
442
443
443
443
443
443
443
443
443
444
445
445
445
446
448
448
449
449
449
449
449
450
451
451
451
451
451
451
451
452
454
454
455
455
455
455
455
456
457
457
457
457
457
457
457
457
459
459
459
459
459
459
459
460
460
460
460
460
460
460
462
462
462
462
462
462
462
462
462
462
464
464
464
464
464
464
464
464
464
464
465
466
466
466
466
466
466
466
466
466
466
466
466
467
470
470
470
470
470
470
470
470
470
470
470
471
472
472
472
472
472
472
472
472
472
472
472
472
474
474
474
474
474
474
474
475
475
475
475
475
475
475
476
478
478
478
478
478
478
479
480
480
480
480
480
480
480
481
481
481
481
481
481
481
481
481
481
481
481
482
483
484
485
485
485
485
485
485
485
486
510
510
510
510
510
510
510
511
513
513
513
513
513
513
513
513
513
513
513
514
515
515
515
515
515
517
517
517
517
517
517
517
517
517
517
517
518
519
519
519
519
519
519
519
519
519
520
522
522
522
522
522
522
522
522
522
522
522
522
523
524
524
524
524
524
524
524
524
524
525
527
527
527
528
530
530
530
530
530
530
530
530
531
532
532
532
532
532
533
533
533
533
533
533
533
533
533
533
533
534
535
535
535
535
535
535
535
535
535
537
537
537
537
537
537
537
537
537
537
537
537
537
537
537
538
538
538
539
541
541
541
541
541
541
541
541
541
542
543
543
543
543
543
543
543
543
543
543
543
544
546
546
546
547
549
549
550
550
550
550
550
551
552
552
552
552
552
552
552
552
552
554
554
554
554
554
556
556
556
556
556
556
557
558
558
558
558
558
558
558
558
558
558
558
559
561
561
561
562
564
564
564
564
564
564
564
565
566
566
566
566
566
566
566
566
566
566
566
566
566
566
566
566
566
566
566
566
566
566
566
567
569
569
570
570
570
570
570
570
570
571
572
572
572
572
572
574
574
574
574
574
574
574
574
574
574
574
574
574
574
575
576
576
576
576
576
576
576
576
576
577
579
579
579
580
582
582
583
583
583
583
583
583
583
584
585
585
585
585
585
585
585
585
585
586
588
588
589
589
589
589
589
590
591
591
591
591
591
591
592
594
594
595
595
595
595
595
595
595
596
597
597
597
597
597
597
598
599
599
599
599
600
601
602
603
603
603
603
603
603
603
603
603
603
603
603
603
603
604
605
606
607
