6
6
6
6
6
6
6
6
6
6
6
8
8
8
8
8
8
8
9
9
9
9
9
9
9
10
10
10
10
10
10
10
11
11
11
11
11
11
11
11
11
12
12
12
12
12
12
12
12
12
13
13
13
13
13
13
13
15
15
15
15
15
15
15
15
15
15
15
17
17
17
17
17
18
19
19
19
19
21
21
21
21
21
21
21
21
21
21
21
23
23
23
23
23
23
24
25
25
25
25
25
25
27
27
27
27
27
27
27
27
27
28
30
30
30
30
30
30
31
32
32
32
32
34
34
34
34
34
34
34
34
34
34
34
34
34
34
34
36
36
36
36
36
36
36
36
36
36
36
36
36
36
36
36
36
36
36
38
38
38
38
38
38
38
38
38
38
38
38
38
39
40
40
40
40
40
40
40
40
40
40
40
40
40
40
40
40
40
42
42
42
42
42
42
42
42
42
42
42
42
42
43
44
44
44
44
44
44
44
44
44
44
44
44
44
44
44
44
44
44
46
46
46
46
46
46
46
46
46
46
46
46
46
47
48
48
48
48
48
48
48
48
48
49
50
51
53
53
53
53
53
53
53
53
55
55
55
55
55
55
55
55
55
56
58
58
58
58
58
58
58
58
58
58
58
58
58
58
58
58
59
60
60
60
60
60
62
62
62
62
62
62
62
62
62
62
62
62
63
64
64
64
64
64
64
64
64
64
64
64
64
64
64
64
64
65
66
67
68
68
68
68
68
68
68
68
70
70
70
70
70
70
70
71
72
72
72
72
72
72
72
72
72
72
72
72
72
72
73
75
75
75
75
75
75
75
75
75
75
75
75
75
77
77
77
77
77
77
77
77
77
77
77
77
77
77
77
77
77
77
77
77
77
77
77
77
78
80
80
80
80
80
80
80
80
80
80
80
80
80
82
82
82
82
82
82
82
82
82
82
82
83
83
83
83
83
83
83
83
83
83
83
83
85
85
85
86
88
88
88
88
88
88
88
88
88
88
88
88
88
88
88
88
88
88
88
88
88
89
89
90
92
92
92
92
92
92
92
92
92
92
92
92
92
94
94
94
94
94
94
94
94
94
94
95
96
96
