6
6
6
6
6
6
6
6
6
6
6
8
8
8
8
8
8
8
8
8
8
8
8
8
8
9
9
9
9
9
9
9
9
9
9
9
9
9
9
10
10
10
10
10
10
10
10
10
10
10
10
10
10
11
11
11
11
11
11
11
11
11
11
11
11
11
11
13
13
13
13
13
13
13
14
14
14
14
14
14
14
15
15
15
15
15
15
15
16
16
16
16
16
16
16
17
17
17
17
17
17
17
18
18
18
18
18
18
18
18
18
19
19
19
19
19
19
19
19
19
21
21
21
21
21
21
21
21
21
21
21
22
22
22
22
22
22
22
22
22
22
22
23
23
23
23
23
23
23
23
23
23
23
24
24
24
24
24
24
24
24
24
24
24
25
25
25
25
25
25
25
25
25
25
25
26
26
26
26
26
26
26
26
26
26
26
27
27
27
27
27
27
27
27
27
27
27
29
29
29
29
29
30
31
31
31
31
31
31
31
33
33
33
33
33
33
33
35
35
35
35
35
35
35
37
37
37
37
37
37
37
37
37
37
37
37
37
39
39
39
39
39
39
39
39
39
39
39
39
39
41
41
41
41
41
41
41
41
41
41
41
41
41
43
43
43
43
43
43
43
43
43
43
43
43
43
43
43
43
45
45
45
45
45
45
46
47
47
47
47
47
49
49
49
49
49
49
49
49
49
49
50
52
52
52
52
52
52
52
53
54
54
54
54
54
54
54
54
54
54
56
56
56
56
56
56
58
58
58
58
58
58
58
58
58
58
59
60
60
60
60
60
60
60
60
61
62
62
62
62
62
62
62
62
62
64
64
64
64
64
64
65
66
66
66
66
66
66
66
66
66
66
66
66
66
67
68
69
71
71
71
72
74
74
74
74
74
74
74
75
76
76
76
76
76
76
76
76
76
76
78
78
78
78
78
78
80
80
80
80
80
80
80
80
81
82
82
82
82
82
82
82
82
82
84
84
84
84
84
84
85
86
86
86
86
86
86
86
86
86
86
88
89
90
90
90
90
90
90
90
90
90
91
92
92
92
92
92
93
94
94
94
94
94
94
95
96
97
99
99
99
100
102
102
102
102
102
102
102
103
104
104
104
104
104
104
104
104
104
104
106
106
106
106
106
106
108
108
108
108
108
108
108
108
109
110
110
110
110
110
110
110
110
110
112
112
112
112
112
112
113
114
114
114
114
114
114
114
114
114
114
116
117
118
118
118
118
118
118
118
118
118
119
120
120
120
120
120
121
122
122
122
122
122
122
123
124
125
127
127
127
128
130
130
130
130
130
130
130
131
132
132
132
132
132
132
132
132
134
135
136
136
136
136
136
136
136
136
136
136
136
136
138
138
138
138
138
140
140
140
140
140
140
140
140
140
142
142
142
142
142
142
142
142
142
142
144
144
144
144
144
144
144
144
144
146
146
146
146
146
146
146
146
146
146
148
148
148
148
148
148
148
150
150
150
150
150
150
150
150
152
152
152
152
152
152
152
152
152
154
154
154
154
154
154
154
154
154
154
154
154
154
154
154
154
154
154
155
157
158
159
160
160
160
160
160
160
160
160
160
160
160
160
160
160
161
162
162
162
162
162
162
162
162
162
162
164
164
164
164
164
164
165
166
166
166
166
166
166
166
167
168
168
168
168
168
168
168
169
170
171
171
171
171
171
171
171
172
173
174
176
176
176
177
179
179
179
179
179
179
179
179
179
181
181
181
181
181
181
181
181
181
181
183
183
183
183
183
183
183
185
185
185
185
185
185
185
185
185
185
185
185
186
187
187
187
187
187
187
187
187
187
187
187
187
187
187
189
189
189
189
189
189
190
191
191
191
191
191
191
191
191
191
191
191
191
191
192
192
192
192
193
194
195
196
196
196
196
196
196
196
196
200
200
200
200
202
202
202
202
202
202
202
204
204
204
204
204
204
204
204
204
204
204
204
204
206
206
206
206
206
206
206
206
206
207
208
209
210
211
211
211
211
211
211
211
213
213
213
213
213
213
213
213
213
215
215
215
215
215
215
215
215
215
215
215
215
215
216
217
218
218
218
218
218
219
220
220
220
220
220
220
220
220
220
220
220
221
221
221
221
221
221
222
222
222
222
223
225
225
225
226
228
228
228
228
228
228
228
228
228
228
228
228
228
228
228
228
228
229
230
230
230
230
230
230
230
230
230
232
232
232
233
233
233
235
235
235
235
235
235
235
235
235
236
236
236
236
236
236
236
236
236
236
238
238
238
238
238
238
238
240
240
240
241
241
241
243
243
243
243
243
243
243
243
243
245
245
245
245
245
245
245
245
245
245
245
245
245
247
247
247
247
247
247
247
248
248
248
248
248
248
248
248
248
250
250
250
250
250
250
250
250
250
250
250
250
251
252
252
252
252
252
252
252
253
254
256
256
256
256
256
256
256
256
256
256
256
256
256
256
256
256
256
257
258
258
258
258
258
258
258
258
258
260
260
260
260
260
260
260
260
260
261
261
261
261
261
261
261
261
261
263
263
263
263
263
263
263
263
263
263
263
263
263
263
265
265
265
265
265
265
265
265
267
267
267
267
267
267
267
267
267
268
269
269
269
270
270
270
271
273
273
273
273
273
273
273
273
273
275
275
275
275
275
275
275
275
275
275
277
277
277
279
279
279
279
279
279
279
279
279
281
281
281
281
281
281
281
281
281
281
282
284
284
284
284
284
284
284
284
284
285
286
286
286
286
286
286
286
286
286
286
286
286
286
286
286
288
288
288
288
288
288
288
288
289
291
291
291
291
291
291
291
292
293
293
293
293
293
293
293
293
293
293
293
293
293
293
293
293
293
294
296
296
297
297
297
297
297
298
299
299
299
299
299
299
299
299
299
299
299
300
301
301
301
301
301
301
301
301
303
303
303
303
303
303
303
303
303
303
303
303
305
305
305
305
305
305
306
307
307
308
310
310
310
310
311
312
312
312
312
312
312
312
312
312
313
315
315
315
315
315
315
315
315
316
317
317
317
318
318
318
318
318
318
318
318
318
320
320
320
320
320
320
321
322
322
322
322
322
323
325
325
325
325
325
325
325
325
325
327
327
327
327
327
327
328
329
329
329
329
329
330
332
332
332
332
332
332
332
332
332
334
334
334
334
334
334
335
336
336
336
336
336
337
339
339
340
340
341
341
343
345
346
348
348
349
349
349
349
349
349
349
350
351
351
351
351
353
353
353
353
353
353
353
353
353
353
353
353
353
354
355
355
355
355
355
355
355
355
355
357
357
357
357
357
357
357
357
358
359
360
361
361
361
361
361
361
361
361
361
363
363
363
363
363
363
363
363
363
364
365
365
365
365
366
366
367
369
369
369
369
369
369
369
369
371
371
371
371
371
371
372
373
373
373
373
373
373
373
373
373
374
376
376
376
376
376
376
377
378
378
378
378
378
378
378
378
378
378
378
378
380
380
380
380
380
380
380
381
382
383
383
383
383
383
384
385
385
385
385
385
385
385
385
385
385
385
386
388
388
388
388
388
388
388
388
389
390
391
391
391
391
391
392
393
393
393
393
393
393
393
393
393
394
395
397
397
398
398
398
398
398
398
398
399
400
400
400
400
400
400
400
400
400
402
402
402
402
403
404
404
404
404
404
404
404
404
404
405
407
407
407
407
408
409
409
409
410
410
410
410
410
411
411
413
413
413
414
414
414
414
414
415
415
417
417
417
418
418
418
418
418
418
418
418
419
419
421
421
422
422
423
424
425
425
