17
17
17
17
17
17
17
17
17
19
19
19
19
19
19
19
19
19
20
20
20
20
20
20
20
20
20
21
21
21
21
21
21
21
22
22
22
22
22
22
22
23
23
23
23
23
23
23
24
24
24
24
24
24
24
25
25
25
25
25
25
25
27
27
27
27
27
27
27
27
27
27
27
27
27
28
28
28
28
28
28
28
28
28
28
28
28
28
29
29
29
29
29
29
29
29
29
29
29
29
29
30
30
30
30
30
30
30
30
30
30
30
30
30
31
31
31
31
31
31
31
31
31
31
31
31
31
69
69
69
69
69
69
70
70
70
70
70
71
71
71
71
71
72
72
72
72
72
72
72
72
72
72
72
79
79
79
79
79
79
79
79
79
79
79
79
80
80
80
80
80
80
81
81
81
81
81
81
82
88
88
89
89
89
89
89
89
90
90
90
90
90
90
90
90
91
114
114
115
115
115
115
116
116
116
116
117
117
117
117
118
118
118
118
118
118
119
119
119
119
119
119
119
119
119
119
119
119
119
119
119
120
120
120
121
123
123
123
123
123
123
123
124
124
124
124
125
127
127
127
127
127
127
127
127
127
128
128
128
128
128
128
128
128
128
128
128
128
128
128
128
128
128
129
129
129
129
129
129
129
130
130
130
131
131
131
131
132
132
132
132
132
132
133
133
134
134
134
135
135
135
135
135
135
135
136
136
136
136
136
136
136
137
139
139
139
139
139
139
139
140
140
140
140
140
140
140
140
140
140
140
140
140
141
143
143
144
144
144
144
145
145
145
145
145
145
146
146
147
147
147
148
148
148
148
148
148
148
149
149
149
149
149
149
149
150
152
152
152
152
152
152
152
153
153
153
153
153
153
153
153
153
153
153
153
153
153
153
154
154
154
154
154
154
154
154
154
155
155
155
155
155
155
155
155
156
156
156
156
156
156
156
157
157
157
157
157
157
157
157
157
157
157
157
157
158
159
160
160
161
161
161
161
162
163
164
165
165
165
165
165
165
165
166
166
166
166
167
167
167
167
168
168
168
168
168
168
169
169
170
170
170
171
171
171
171
171
171
171
172
172
172
172
172
172
172
173
174
175
177
177
177
177
177
177
177
177
178
178
178
178
178
178
178
178
178
178
178
179
179
179
179
179
179
179
179
180
180
180
181
183
183
183
183
183
183
183
183
183
183
183
183
183
184
184
184
184
184
184
184
184
184
184
184
184
184
186
186
186
187
187
188
188
188
188
188
188
188
188
188
188
188
189
190
190
190
190
190
190
190
191
191
191
191
192
193
193
193
193
193
193
193
193
193
193
193
193
193
193
193
194
194
194
195
197
197
197
197
197
197
197
197
197
197
198
198
198
198
199
199
199
199
199
199
199
199
199
200
200
200
200
200
200
200
201
201
201
201
201
201
201
202
203
204
204
205
205
205
205
206
206
206
206
207
207
208
208
209
209
209
210
210
210
210
210
210
210
211
211
211
211
211
211
211
212
213
214
214
214
215
216
217
