17
17
17
17
17
17
17
17
17
17
17
17
17
19
19
19
19
19
19
19
19
19
19
19
19
19
20
20
20
20
20
20
20
20
20
20
20
20
20
20
20
25
25
25
25
25
25
31
31
31
31
31
31
31
31
31
32
32
32
32
32
33
35
35
35
35
35
35
35
35
36
36
36
36
36
36
36
36
36
36
36
36
36
37
37
37
37
37
37
37
37
37
37
37
37
37
37
37
37
37
38
38
38
38
38
38
38
38
38
38
38
38
38
39
39
39
39
39
39
39
40
40
40
40
40
40
40
40
40
40
41
42
42
43
43
43
43
43
43
43
43
43
43
43
43
43
43
43
43
44
45
46
46
46
46
46
46
46
46
46
46
46
46
46
47
49
49
49
49
49
49
50
50
50
51
53
53
53
53
53
53
54
54
54
55
57
57
57
57
57
57
58
58
58
59
60
61
