17
17
17
17
17
17
17
17
17
17
17
17
17
19
19
19
19
19
19
19
19
19
19
19
19
19
20
20
20
20
20
20
20
20
20
20
20
20
20
21
21
21
21
21
21
21
21
21
21
21
21
21
21
21
22
22
22
22
22
22
22
22
22
22
22
22
22
22
22
23
23
23
23
23
23
23
23
23
23
23
23
23
23
23
24
24
24
24
24
24
24
24
24
24
24
24
24
24
24
29
29
29
29
29
29
30
30
30
30
31
31
31
31
31
31
32
32
32
32
33
33
33
33
39
39
39
39
39
39
39
39
39
39
40
40
40
40
40
41
41
41
41
41
41
42
44
44
44
44
44
44
45
45
45
46
48
48
48
48
48
48
49
49
49
49
50
50
50
50
51
51
51
51
51
51
52
54
54
54
54
54
54
54
54
55
55
55
55
55
55
55
55
55
56
56
56
56
57
59
59
59
59
59
59
59
59
59
60
60
60
60
60
60
60
60
61
61
61
62
63
64
64
64
65
67
67
67
67
67
67
68
68
68
68
68
68
68
68
68
68
68
69
69
69
69
69
69
70
70
70
70
71
71
71
71
71
71
71
71
71
71
72
72
72
73
75
75
75
75
75
75
75
75
76
76
76
76
76
76
76
76
76
77
77
77
77
77
77
77
77
77
77
77
78
78
78
79
80
80
80
80
80
80
80
80
80
81
81
82
82
82
82
82
82
82
82
82
82
83
84
84
85
85
86
86
86
86
86
86
86
86
87
87
87
87
87
87
87
88
88
88
88
88
89
90
92
92
92
92
92
92
92
93
93
93
94
95
95
95
95
95
95
95
95
95
95
95
95
95
95
95
95
95
96
96
96
97
98
98
98
98
98
98
98
98
99
99
99
100
101
102
