17
17
17
17
17
17
17
17
17
17
17
17
17
19
19
19
19
19
19
19
19
19
19
19
20
20
20
20
20
20
20
20
20
20
20
21
21
21
21
21
21
21
21
21
21
21
22
22
22
22
22
22
22
22
22
22
22
27
27
27
27
27
27
31
31
31
31
32
32
32
33
33
33
34
34
34
35
35
35
36
36
36
37
38
38
38
38
38
38
38
38
38
38
39
39
39
39
39
39
39
39
39
39
39
39
39
39
39
39
39
40
40
40
41
42
42
42
42
42
42
42
42
42
42
42
43
43
43
43
43
43
43
43
43
43
43
43
43
43
44
44
44
45
46
46
46
46
46
46
46
46
46
46
46
47
47
47
47
47
47
47
47
47
47
47
47
47
47
48
48
48
49
50
50
50
51
56
56
56
56
56
56
56
56
56
56
56
57
57
57
57
57
57
57
57
57
57
58
58
58
58
58
58
58
58
58
58
58
58
58
58
58
58
59
59
59
60
61
61
61
61
61
61
61
61
61
61
61
62
62
62
62
62
62
62
62
62
62
62
62
62
62
62
62
62
63
63
63
64
65
65
65
65
65
65
65
65
65
65
65
66
66
66
66
66
66
66
66
67
67
68
68
68
68
68
68
68
68
68
69
69
69
70
71
71
71
71
71
71
71
71
71
71
71
71
71
72
72
72
73
74
75
