1
1
1
1
1
1
1
1
1
1
1
3
3
3
3
3
3
3
3
3
3
3
4
4
4
4
4
4
4
4
4
4
4
4
4
6
6
6
6
6
6
6
6
6
6
6
6
6
6
6
7
7
7
7
7
7
7
7
7
7
7
7
7
7
7
8
8
8
8
8
8
8
8
8
8
8
8
8
8
8
20
20
20
21
21
22
22
22
22
22
22
23
24
24
24
24
24
24
24
24
37
37
37
37
37
37
37
37
47
47
47
47
47
47
47
47
55
55
55
55
56
57
57
57
57
57
57
57
57
57
58
60
60
60
60
60
61
61
62
62
62
62
62
62
62
63
65
65
65
65
65
65
65
65
65
65
66
66
66
66
66
66
66
66
66
66
66
69
69
69
69
69
69
69
69
69
72
72
72
72
72
72
72
72
72
73
73
73
73
73
73
73
73
73
73
73
73
74
74
74
74
74
74
74
75
79
79
79
79
79
79
79
80
102
102
102
102
102
102
102
102
103
103
103
103
104
119
119
119
119
119
119
119
119
120
120
120
120
121
129
129
129
129
129
129
130
130
130
130
130
130
130
131
132
133
