1
1
1
1
1
1
1
1
1
1
1
1
1
3
3
3
3
3
3
3
4
4
4
4
4
4
4
5
5
5
5
5
5
5
6
6
6
6
6
6
6
8
8
8
8
8
8
8
9
9
9
9
9
9
9
9
9
11
11
11
11
11
11
11
11
11
13
13
13
13
13
13
13
13
13
13
13
14
14
14
14
14
14
14
14
14
14
14
14
14
16
16
16
16
16
16
16
16
16
16
16
16
16
17
17
17
17
17
17
17
17
17
17
17
17
17
17
17
27
27
27
28
28
28
28
28
28
28
28
29
29
29
29
29
30
31
31
31
31
31
31
31
31
39
39
39
40
41
41
41
41
41
41
41
41
41
41
41
41
41
43
43
43
43
43
43
43
43
43
43
43
43
43
49
49
49
49
49
49
50
61
61
61
61
61
61
61
61
61
69
69
69
69
69
69
69
69
69
78
78
78
78
78
78
85
85
85
85
85
85
86
86
87
87
87
87
87
88
88
89
89
89
89
89
89
89
89
89
90
90
90
90
90
90
90
90
91
91
91
91
92
93
93
93
93
93
93
95
95
95
95
95
95
95
96
96
96
96
96
96
96
96
96
96
96
96
96
97
97
98
98
98
98
98
98
98
98
98
99
111
111
111
111
111
111
111
120
120
120
120
120
128
128
128
128
128
128
130
130
130
130
130
130
131
132
132
132
132
132
132
133
133
133
133
133
133
134
134
134
134
134
134
135
135
135
135
135
135
136
136
136
136
136
136
137
139
139
139
139
139
139
139
140
141
141
141
141
141
141
141
141
141
141
141
141
141
141
141
142
144
144
144
144
144
144
144
145
146
146
146
146
146
146
146
146
146
146
146
146
146
146
146
147
149
149
149
149
149
149
149
149
149
149
149
149
149
155
155
155
155
155
155
155
155
156
156
156
156
156
156
156
156
156
156
157
157
157
158
166
166
167
167
167
167
167
167
168
168
168
168
168
168
168
169
177
177
178
178
178
178
178
178
178
178
178
178
180
180
180
180
180
180
180
181
189
189
190
190
190
190
190
190
190
190
190
190
192
194
194
195
195
195
195
195
195
195
195
195
195
197
199
199
200
200
200
200
200
200
200
200
200
200
202
204
204
205
205
205
205
205
205
205
205
205
205
205
205
205
207
215
215
216
216
216
216
216
216
216
217
217
217
217
218
220
222
222
223
223
223
223
223
223
223
223
223
224
225
225
225
225
225
225
225
225
225
225
226
226
226
226
226
226
226
227
227
227
227
227
227
227
227
227
228
229
229
229
230
231
231
231
231
232
232
232
232
232
232
232
232
232
232
232
233
235
235
236
236
236
236
236
236
236
236
236
236
238
240
240
241
241
241
241
241
241
241
241
241
241
243
245
245
246
246
246
246
246
246
246
246
246
246
246
246
247
248
248
248
248
248
248
248
248
248
248
249
249
249
250
252
252
252
252
252
253
253
253
253
254
254
254
255
255
255
255
255
255
255
255
255
256
257
257
257
257
257
257
257
257
257
257
257
258
266
266
267
267
267
267
267
267
267
268
268
268
268
268
268
268
268
269
270
270
270
270
270
270
270
270
270
270
271
271
271
271
271
272
272
272
272
273
274
274
274
274
274
274
274
274
274
275
275
275
276
277
277
277
277
277
277
277
277
277
278
278
278
278
279
281
281
282
282
282
282
282
282
282
282
282
282
282
282
283
284
284
284
284
284
284
284
284
284
284
285
285
285
286
288
288
288
288
288
289
289
289
289
290
290
290
291
291
291
291
291
291
291
291
291
292
293
293
293
293
293
293
294
296
296
297
297
297
297
297
297
297
298
298
298
298
298
298
298
298
298
298
298
298
299
299
300
301
301
301
301
301
301
301
301
301
301
302
302
302
302
302
302
302
302
302
303
304
304
304
304
304
304
304
304
304
305
305
305
305
305
306
306
306
306
306
306
306
307
307
307
308
308
308
308
308
308
308
309
310
310
310
310
310
310
311
311
311
311
312
314
314
315
315
315
315
315
315
315
316
316
316
316
316
316
317
317
317
317
317
317
317
317
317
317
317
317
317
317
318
318
319
320
320
320
320
320
320
320
320
320
320
321
321
321
321
321
321
321
321
321
322
323
323
323
323
323
323
323
323
323
324
324
324
324
324
325
325
325
325
325
325
325
325
325
325
325
326
326
326
327
327
327
327
327
327
327
327
327
327
327
328
329
329
329
329
329
329
330
330
330
330
331
333
333
334
334
334
334
334
334
334
335
335
335
335
335
335
335
335
335
336
336
337
338
338
338
338
338
338
338
338
338
338
339
339
339
339
339
339
339
339
339
340
341
341
341
341
341
341
341
341
341
342
342
342
342
342
342
342
343
343
343
343
343
343
344
344
344
344
345
347
347
348
348
348
348
348
348
348
349
349
349
349
349
349
349
349
349
350
350
351
352
352
352
352
352
352
352
352
352
352
353
353
353
353
353
353
353
353
353
354
355
355
355
355
355
355
355
355
355
356
356
356
356
356
356
356
357
357
357
357
357
357
358
358
358
358
359
361
361
362
362
362
362
362
362
362
363
363
363
363
363
363
363
363
363
364
364
365
366
366
366
366
366
366
366
366
366
366
367
367
367
367
367
367
367
367
367
368
369
369
369
369
369
369
369
369
369
370
370
370
370
370
370
370
371
371
371
371
371
371
372
372
372
372
373
375
375
376
376
376
376
376
376
376
377
377
377
377
377
377
377
377
377
378
378
379
380
380
380
380
380
380
380
380
380
380
381
381
381
381
381
381
381
381
381
382
383
383
383
383
383
383
383
383
383
384
384
384
384
384
384
384
385
385
385
385
385
385
386
386
386
386
387
389
389
390
390
390
390
390
390
390
391
391
391
391
391
391
391
391
391
392
392
393
394
394
394
394
394
394
394
394
394
394
395
395
395
395
395
395
395
395
395
396
397
397
397
397
397
397
397
397
397
398
398
398
398
398
398
398
399
399
399
399
399
399
400
400
400
400
401
403
403
404
404
404
404
404
404
404
405
405
405
405
405
405
405
405
405
406
406
407
408
408
408
408
408
408
408
408
408
408
409
409
409
409
409
409
409
409
409
410
411
411
411
411
411
411
411
411
411
412
412
412
412
412
412
412
413
413
413
413
413
413
414
414
414
414
415
417
417
418
418
418
418
418
418
418
419
419
419
419
419
419
419
419
419
420
420
421
422
422
422
422
422
422
422
422
422
422
423
423
423
423
423
423
423
423
423
424
425
425
425
425
425
425
425
425
425
426
426
426
426
426
426
426
427
427
427
427
427
427
428
428
428
428
429
432
432
433
433
433
433
433
433
433
434
434
434
434
434
434
435
435
435
435
435
435
435
435
435
435
435
436
436
436
436
436
436
436
436
436
436
436
437
437
438
439
439
439
439
439
439
439
439
439
439
440
440
440
440
440
440
440
440
440
441
442
442
442
442
442
442
442
442
442
443
443
443
443
443
443
443
443
443
443
443
443
443
444
444
444
444
444
444
445
445
445
445
446
448
448
449
449
449
449
449
449
449
450
450
450
450
450
450
451
451
452
453
453
453
453
453
453
453
453
453
453
454
454
454
454
454
454
454
454
454
455
456
456
456
456
456
456
456
456
456
457
457
457
457
458
461
461
461
461
461
461
461
462
462
462
462
462
462
463
463
464
465
465
465
465
465
465
465
465
465
465
466
466
466
466
466
466
466
466
466
467
468
468
468
468
468
468
468
468
468
469
469
469
469
469
469
469
469
469
469
469
469
469
469
469
470
470
470
470
471
473
473
474
474
474
474
474
474
474
474
474
475
477
477
477
477
477
477
477
478
491
491
491
491
492
492
492
492
492
492
492
492
493
494
494
494
494
494
494
494
494
496
496
496
496
496
496
497
497
497
497
497
497
497
497
497
497
497
497
497
497
498
498
498
498
498
498
498
498
498
498
498
498
499
499
499
499
499
499
499
499
499
499
499
499
499
499
500
507
507
507
507
508
508
508
508
508
508
508
508
509
510
510
510
510
510
510
510
510
512
512
512
512
512
512
514
514
515
515
515
515
515
515
515
515
515
515
516
516
517
518
518
518
518
518
518
518
519
521
521
522
522
522
522
522
522
522
522
522
522
522
522
523
524
524
524
524
524
524
524
525
527
527
528
528
528
528
528
528
528
528
528
528
529
535
535
535
536
536
536
536
536
536
536
536
537
538
538
538
538
538
538
538
538
540
540
540
540
540
540
542
542
543
543
543
543
543
543
543
543
543
543
545
545
546
546
546
546
546
546
546
546
546
546
546
546
547
548
548
548
548
548
548
548
549
549
549
549
550
550
550
550
550
550
550
551
551
551
551
551
551
551
551
551
551
551
552
552
552
552
552
552
553
554
554
554
554
554
554
554
554
554
554
554
555
557
557
558
558
558
558
558
558
558
558
558
558
558
558
559
560
560
560
560
560
560
560
561
561
561
561
562
562
562
562
562
562
562
563
563
563
563
563
563
563
563
563
563
563
564
564
564
564
564
564
565
566
566
566
566
566
566
566
566
566
566
566
567
568
569
570
