1
1
1
2
3
3
3
3
3
3
3
3
3
3
5
5
5
5
5
5
5
5
5
5
5
5
5
5
5
5
5
5
7
7
7
7
7
7
7
7
7
7
7
7
7
7
7
7
7
7
9
9
9
9
9
9
9
9
9
9
9
9
9
9
9
9
9
9
11
11
11
11
11
11
11
13
13
13
13
14
15
15
15
15
15
15
15
15
16
16
16
16
16
16
16
16
17
17
17
17
17
17
17
17
19
19
19
19
19
21
21
21
21
21
21
23
23
23
23
23
23
23
23
23
23
23
23
23
23
24
25
25
25
25
25
25
26
27
27
27
27
27
27
27
27
27
28
28
28
28
28
28
28
28
28
29
29
29
29
29
29
29
29
29
30
33
33
33
33
33
33
34
35
35
35
35
35
35
36
37
38
40
40
40
40
40
40
41
42
44
44
44
44
44
44
44
44
44
44
44
45
47
47
47
47
47
47
47
47
47
47
47
48
48
48
48
48
49
50
50
