18
18
18
18
18
18
18
18
18
18
18
20
20
20
20
20
20
20
21
21
21
21
21
21
21
22
22
22
22
22
22
22
23
23
23
23
23
23
23
24
24
24
24
24
24
24
25
25
25
25
25
25
25
43
43
43
43
43
43
43
43
43
43
43
43
43
43
44
45
45
45
45
45
45
45
45
50
50
50
50
50
50
50
50
55
55
55
55
55
55
55
55
55
61
61
61
61
61
61
61
61
69
69
69
69
69
69
69
69
69
69
69
69
69
70
71
71
71
71
71
71
71
71
71
71
71
72
72
72
72
72
72
72
72
72
72
72
72
72
72
72
72
72
72
72
73
73
73
73
73
73
73
74
75
75
75
75
75
75
75
76
86
86
86
86
86
86
86
86
86
87
87
88
89
89
89
89
89
89
89
90
90
90
90
90
90
90
91
92
92
92
92
92
92
92
92
92
92
92
93
93
93
93
93
93
93
93
94
94
94
94
94
94
94
94
94
95
95
95
96
97
97
97
97
97
97
97
97
97
97
97
97
97
98
100
100
100
100
100
100
100
100
100
100
100
100
100
100
100
100
100
100
100
100
101
101
101
101
101
101
101
101
101
101
101
101
101
101
101
101
102
110
110
110
110
110
110
111
112
112
112
112
112
112
112
112
112
112
113
139
139
139
139
139
139
139
139
139
140
141
141
141
141
141
141
141
141
141
141
142
157
157
157
157
157
157
157
157
157
158
159
159
159
159
159
159
159
159
159
159
159
159
159
159
160
160
160
160
160
160
160
163
163
163
163
163
163
163
163
163
163
163
163
163
174
174
174
174
174
174
174
174
175
175
175
175
175
175
175
177
177
177
177
177
177
177
177
177
177
177
178
180
180
180
180
180
180
180
180
180
180
180
181
191
191
191
191
191
191
191
191
191
192
192
193
194
194
194
194
194
194
194
194
194
194
195
203
203
203
203
203
203
203
203
203
204
205
205
205
205
205
205
205
205
206
206
206
206
207
207
207
207
207
208
208
208
208
208
208
209
209
209
211
211
211
211
211
211
212
214
214
214
214
214
214
214
215
215
215
215
215
215
215
215
215
215
215
215
215
215
215
215
217
217
217
217
217
218
218
218
218
219
221
221
221
221
221
221
221
221
222
234
234
234
234
234
234
234
234
234
235
236
236
236
236
236
236
236
236
236
238
238
238
238
238
238
238
238
238
238
238
238
238
238
238
241
241
241
241
241
241
241
242
242
242
242
242
242
242
242
242
244
244
244
244
244
244
244
245
252
252
252
252
252
254
254
254
254
256
256
256
256
264
264
264
264
264
264
264
265
266
266
266
266
266
266
266
266
266
266
266
266
266
266
266
266
266
267
274
274
274
274
274
274
274
275
276
276
276
276
276
276
277
287
287
287
287
287
287
287
287
287
288
289
289
289
289
289
289
289
290
303
303
304
304
304
304
304
304
304
304
305
306
306
306
306
306
306
306
306
307
307
307
307
307
307
307
307
308
308
308
308
308
308
308
308
308
308
308
308
309
321
321
322
322
322
322
322
322
322
322
323
324
324
324
324
324
324
324
325
325
325
325
325
325
325
325
325
325
325
325
325
325
326
327
327
327
328
335
335
335
335
335
336
337
337
337
337
337
337
337
337
337
337
338
345
345
345
345
345
346
347
347
347
347
347
348
355
355
355
355
355
356
357
357
357
357
357
357
357
357
357
357
357
358
366
366
366
366
366
367
368
368
368
368
368
368
369
382
382
383
383
383
383
383
384
385
385
385
385
385
385
385
385
385
385
385
385
385
385
385
385
386
393
393
393
393
393
394
395
395
395
396
407
407
407
407
407
408
409
409
409
409
409
409
409
410
410
410
410
410
410
410
410
410
410
410
410
411
411
411
411
411
411
411
411
411
411
411
412
413
413
413
413
413
413
413
413
414
414
414
414
414
414
414
414
415
426
426
427
427
427
427
427
428
429
429
429
429
429
429
430
441
441
441
441
441
442
443
443
443
443
443
443
443
444
444
444
444
444
444
444
444
444
445
445
445
445
445
446
446
446
446
446
446
446
446
446
446
446
446
447
448
448
448
448
448
448
448
448
449
449
449
449
449
449
449
449
450
457
457
457
457
457
457
457
457
457
457
457
457
457
457
458
459
459
459
459
459
459
459
460
462
462
462
462
462
462
462
462
462
462
462
462
462
462
462
462
463
464
464
464
464
464
464
464
465
467
468
