18
18
18
18
18
18
18
18
18
18
18
18
18
20
20
20
20
20
20
20
21
21
21
21
21
21
21
22
22
22
22
22
22
22
23
23
23
23
23
23
23
24
24
24
24
24
24
24
25
25
25
25
25
25
25
27
27
27
27
27
27
27
27
27
27
27
27
27
28
28
28
28
28
28
28
28
28
28
28
28
28
42
42
42
42
43
45
45
45
45
45
45
45
45
45
45
45
46
47
47
47
47
47
48
48
48
49
49
49
49
49
49
49
49
49
52
52
52
52
52
52
52
53
53
53
53
53
53
53
54
54
54
54
54
54
54
54
54
54
54
54
54
54
54
54
54
54
54
54
54
59
59
59
59
59
59
59
59
60
60
60
60
60
60
60
60
60
60
60
60
60
60
60
61
61
62
63
63
63
63
63
63
63
63
63
64
65
66
66
66
66
66
66
67
69
69
69
69
69
69
69
69
69
69
69
70
71
71
71
71
71
72
72
72
72
72
73
73
73
73
74
74
74
74
76
76
76
76
76
76
76
76
76
77
77
77
77
77
77
77
79
79
79
79
79
79
82
82
82
82
82
82
82
84
84
84
84
84
84
84
85
86
86
86
86
86
86
86
88
89
90
90
90
90
90
90
90
90
91
96
96
96
96
96
96
97
99
99
99
99
99
99
99
99
99
100
100
101
102
102
102
102
102
102
103
105
105
105
105
105
105
106
106
106
107
107
108
109
109
109
109
109
109
109
109
109
110
110
110
110
110
110
110
110
111
113
113
113
113
113
113
114
117
117
117
117
117
117
117
117
117
117
117
118
120
120
120
120
120
120
120
120
121
122
123
124
124
124
124
124
124
124
124
125
126
126
126
126
126
126
127
128
128
128
128
128
128
129
129
129
129
129
129
129
130
131
132
132
132
132
132
132
132
132
132
132
132
132
132
132
132
132
132
132
132
133
134
135
136
136
136
136
136
136
136
136
137
138
138
138
138
138
138
139
140
140
140
140
140
140
141
141
141
141
141
141
141
142
143
144
145
146
146
146
146
146
146
146
146
146
147
147
147
147
147
147
147
148
150
152
154
