18
18
18
18
18
18
18
18
18
18
18
20
20
20
20
20
20
20
21
21
21
21
21
21
21
22
22
22
22
22
22
22
23
23
23
23
23
23
23
25
25
25
25
25
25
25
25
25
25
25
48
48
48
48
48
49
53
53
53
53
53
53
53
53
58
58
58
58
58
58
58
58
63
63
63
63
63
63
63
63
68
68
68
68
68
68
68
68
73
73
73
73
73
73
73
73
79
79
79
79
79
79
79
79
84
84
84
84
84
84
84
84
90
90
90
90
90
90
90
90
90
90
90
100
100
100
100
100
100
100
100
100
100
101
102
102
102
102
102
102
102
102
103
106
106
106
106
106
106
109
109
109
109
112
112
112
112
121
121
121
121
121
127
127
127
127
128
129
129
129
129
129
130
130
130
130
131
131
131
131
132
142
142
142
142
142
142
143
144
144
144
144
144
144
144
144
145
145
146
146
146
146
146
146
146
146
146
146
147
147
147
147
147
147
147
147
148
148
149
149
149
149
149
149
149
149
149
149
150
180
180
180
180
180
180
180
180
180
181
181
181
181
181
182
183
183
183
183
183
183
183
184
184
184
184
184
184
184
184
184
185
185
185
185
185
185
185
187
187
187
187
187
187
187
187
187
187
187
188
188
188
188
188
188
188
189
189
189
190
210
210
210
210
210
210
210
210
210
210
210
211
212
212
212
212
212
212
212
213
213
213
213
213
213
213
213
213
213
213
213
213
213
214
224
224
224
224
224
224
224
224
225
226
226
226
226
227
227
227
227
229
229
229
229
229
229
229
229
229
229
229
229
229
229
231
231
231
231
231
231
232
232
232
232
232
234
235
236
236
236
236
236
237
237
237
237
237
237
237
238
239
240
240
240
240
240
240
240
240
241
243
245
245
245
245
245
246
251
251
251
251
251
251
252
253
253
253
253
254
254
254
254
255
255
255
255
256
256
256
256
257
275
275
275
275
275
275
275
275
275
275
275
276
276
276
277
278
278
278
278
280
280
280
280
280
280
280
280
280
280
280
280
280
280
282
282
282
282
282
282
282
284
284
284
284
284
284
284
284
284
284
284
285
285
285
285
285
285
285
286
286
286
287
296
296
296
296
296
296
296
296
296
296
296
297
298
298
298
298
298
298
298
299
299
299
299
299
299
299
299
299
299
299
300
311
311
311
311
311
311
311
311
311
311
311
311
311
312
314
315
