17
17
17
17
17
17
17
17
17
17
17
17
17
17
17
19
19
19
19
19
19
19
21
21
21
21
21
21
21
21
21
21
21
22
22
22
22
22
22
22
22
22
22
22
22
22
23
23
23
23
23
23
23
23
23
23
23
23
23
24
24
24
24
24
24
24
24
24
24
24
24
24
24
24
25
25
25
25
25
25
25
25
25
25
25
25
25
25
25
26
26
26
26
26
26
26
26
26
26
26
26
26
26
26
27
27
27
27
27
27
27
27
27
27
27
27
27
27
27
28
28
28
28
28
28
28
28
28
28
28
28
28
28
28
29
29
29
29
29
29
29
29
29
29
29
29
29
35
35
35
35
35
35
35
36
36
36
36
36
36
36
36
36
36
36
38
38
38
38
38
38
40
40
40
40
40
40
40
40
40
40
41
41
41
41
42
42
42
42
42
42
42
43
43
43
43
43
43
43
43
43
43
44
45
45
45
45
45
45
45
46
46
46
46
46
46
46
46
47
47
47
47
47
47
47
47
47
48
48
48
48
48
48
48
48
49
49
49
49
49
49
49
49
49
49
50
50
50
50
50
50
50
50
50
50
50
50
51
52
52
52
53
54
54
54
54
54
54
54
54
54
54
54
54
54
54
54
54
54
54
54
55
55
55
55
55
55
55
55
55
55
55
55
56
65
65
65
65
65
65
65
65
65
65
66
66
66
66
67
67
67
67
67
67
67
67
67
67
67
67
67
68
70
70
70
70
70
70
70
70
71
71
71
71
71
71
71
71
71
72
79
79
79
79
79
79
79
79
79
79
80
80
80
80
80
80
80
81
87
87
87
87
87
87
87
88
88
88
88
88
89
91
91
91
91
91
91
91
91
92
92
92
92
92
92
92
92
92
93
93
93
93
93
93
93
94
94
94
94
95
96
98
98
98
98
98
98
99
99
99
99
99
99
99
100
100
100
100
100
100
100
100
100
100
100
100
100
100
101
101
101
101
101
101
101
101
101
101
101
101
102
103
103
103
104
106
106
106
106
106
106
106
114
114
114
114
114
114
114
114
115
115
115
115
115
115
115
115
115
115
116
123
123
123
123
123
123
123
123
124
124
124
124
124
124
125
125
125
125
125
125
125
126
126
126
126
126
126
126
126
126
127
127
127
127
127
127
127
128
129
129
130
130
130
130
130
130
130
131
131
131
131
132
133
133
133
133
134
135
135
135
135
136
136
136
136
136
137
138
139
139
140
140
140
140
141
141
141
142
143
149
149
149
149
149
149
150
150
150
150
150
150
151
151
151
151
151
151
151
152
152
152
152
152
152
153
154
154
155
155
155
155
156
157
157
157
157
158
159
165
165
165
165
165
165
165
173
173
173
173
173
173
174
174
174
175
177
177
177
177
177
177
177
178
178
178
178
179
179
179
179
179
179
179
179
179
179
179
179
179
179
179
179
179
179
179
179
179
179
179
179
179
179
180
180
180
180
180
180
180
180
180
180
180
180
180
180
180
180
180
180
180
181
182
183
