17
17
17
17
17
17
17
17
17
17
17
17
17
19
19
19
19
19
19
19
19
19
19
19
20
20
20
20
20
20
20
20
20
20
20
21
21
21
21
21
21
21
21
21
21
21
22
22
22
22
22
22
22
22
22
22
22
23
23
23
23
23
23
23
23
23
23
23
24
24
24
24
24
24
24
24
24
24
24
25
25
25
25
25
25
25
25
25
25
25
26
26
26
26
26
26
26
26
26
26
26
26
26
27
27
27
27
27
27
27
27
27
27
27
27
27
27
27
28
28
28
28
28
28
28
28
28
28
28
28
28
28
28
28
28
29
29
29
29
29
29
29
29
29
29
29
29
29
34
34
34
34
34
34
35
35
35
35
36
36
36
36
37
37
37
37
38
38
38
38
40
40
40
40
40
40
40
40
40
47
47
47
47
47
47
47
47
47
47
48
48
48
48
48
49
49
49
49
49
49
50
50
50
50
50
50
51
51
51
51
52
58
58
58
58
58
58
58
59
59
59
59
59
60
60
60
60
60
60
61
61
61
61
62
64
64
64
64
64
64
65
65
65
66
68
68
68
68
68
68
69
69
69
70
72
72
72
72
72
72
73
73
73
73
73
73
74
74
74
74
74
74
74
74
74
75
76
76
76
76
76
76
76
76
76
76
76
76
77
79
79
79
79
79
79
80
80
80
80
80
80
80
81
81
81
81
81
81
81
81
81
81
81
81
81
81
81
81
81
81
81
81
82
84
84
84
84
84
84
85
85
85
85
85
85
85
86
86
86
86
86
86
86
86
86
86
86
86
87
89
89
89
89
89
89
90
90
90
90
90
90
90
91
91
91
91
91
91
91
91
91
91
91
92
92
92
92
92
92
92
92
92
92
93
95
95
95
95
95
95
95
95
96
96
96
96
96
96
97
97
97
97
97
97
97
97
97
98
99
99
99
99
100
100
100
100
100
100
100
101
101
101
101
101
101
101
102
102
102
102
102
102
102
102
102
102
102
103
104
104
105
105
105
105
105
105
105
105
105
105
105
105
105
106
107
109
109
109
109
109
109
110
110
110
111
113
113
113
113
113
113
113
113
114
114
114
114
114
114
114
115
115
115
115
116
118
118
118
118
118
118
119
119
119
119
119
119
119
120
120
120
121
121
121
121
121
122
122
122
122
122
122
123
123
124
124
124
124
124
124
124
124
124
124
124
125
126
126
127
127
127
127
127
127
127
127
127
127
127
128
128
128
128
128
128
129
129
129
129
130
130
130
130
130
131
132
132
133
134
135
135
135
136
138
138
138
138
138
138
139
139
139
139
139
140
140
140
140
140
140
140
141
141
141
141
141
141
141
141
141
141
141
141
141
141
142
143
143
143
144
146
146
146
146
146
146
146
146
146
146
146
147
147
147
147
147
148
148
148
148
148
149
149
149
150
151
151
151
151
151
151
151
151
152
152
152
152
152
152
152
153
153
153
154
156
156
156
156
156
156
156
156
157
157
157
157
157
157
158
158
158
158
158
158
158
158
159
159
159
159
159
159
159
159
159
159
159
159
159
159
159
159
159
160
160
160
160
161
161
161
162
162
162
162
162
162
162
162
163
164
164
164
164
164
166
167
167
167
168
170
170
170
170
171
171
171
172
172
172
173
173
173
173
174
174
174
174
174
174
174
174
174
174
175
175
175
175
175
175
175
175
175
175
175
175
175
175
175
175
175
175
176
176
176
176
176
176
176
176
177
177
177
178
178
178
178
179
179
180
180
181
181
182
182
182
182
182
182
182
182
183
183
183
184
184
184
184
184
184
185
185
185
185
186
186
186
186
186
186
186
187
188
188
188
188
188
188
188
188
188
188
189
189
189
189
189
189
189
190
190
190
191
192
192
192
193
195
195
195
195
196
196
196
197
197
197
198
198
198
199
199
199
199
200
200
200
200
200
200
200
200
200
200
201
201
201
201
201
201
201
201
201
201
201
202
202
202
202
202
202
202
202
202
202
203
203
203
203
203
203
203
204
204
204
205
213
213
213
213
213
213
213
213
213
213
213
214
214
214
214
214
216
216
216
216
216
216
216
217
217
217
217
217
217
217
218
218
218
218
219
220
220
221
221
222
222
222
222
222
222
223
225
225
225
225
225
225
225
226
226
226
226
227
228
228
228
228
228
228
228
228
229
229
229
229
229
230
230
230
230
230
230
231
233
233
233
233
233
233
233
233
233
234
234
234
234
234
234
234
234
234
234
234
234
234
235
235
235
235
235
235
235
235
235
235
235
235
235
236
238
238
238
239
241
241
241
241
241
241
242
242
242
242
242
243
243
243
243
243
243
243
244
244
244
244
244
244
244
244
244
244
244
245
246
246
247
247
247
247
247
247
247
248
248
248
248
249
249
249
249
249
249
249
250
252
252
252
252
252
252
252
253
253
253
253
253
253
253
253
253
253
253
253
253
254
254
254
254
254
254
254
254
254
254
254
255
255
255
255
255
255
255
255
255
255
255
255
255
256
257
258
259
265
265
265
265
265
265
265
265
266
266
266
266
267
267
267
267
267
268
268
268
268
268
268
268
269
269
269
269
269
269
269
269
270
270
270
270
270
270
270
270
270
270
270
270
270
270
271
271
271
271
272
272
273
274
274
274
274
274
274
274
274
275
275
275
275
276
277
279
279
279
279
279
279
280
280
280
280
280
280
280
280
280
280
280
280
280
281
281
281
281
281
281
282
282
282
283
285
285
285
285
285
285
285
285
286
286
286
286
286
286
286
287
287
287
288
290
290
290
290
290
290
290
290
290
290
291
291
291
292
294
294
294
294
294
294
294
294
295
295
295
295
295
295
296
296
296
296
296
296
296
296
296
297
297
297
297
297
297
297
298
300
300
300
300
300
300
301
301
301
301
301
301
301
301
302
302
302
302
302
302
302
303
303
303
303
303
303
303
304
304
304
304
304
304
305
305
305
305
305
305
305
306
306
306
306
306
306
306
306
306
306
306
306
306
306
306
306
306
306
306
307
308
309
309
309
310
310
310
311
311
311
311
311
311
311
311
311
311
311
311
311
311
312
312
312
312
312
312
312
312
312
312
312
312
312
312
312
312
312
312
312
313
314
314
314
314
314
314
314
315
317
317
317
317
318
318
318
319
319
319
320
320
320
320
321
321
321
321
321
321
321
321
321
321
321
321
321
321
322
324
324
324
324
324
324
324
324
325
325
325
325
325
325
325
325
325
325
326
328
328
328
328
328
328
329
329
329
329
329
329
329
329
329
330
332
332
332
332
332
332
332
332
333
333
333
333
333
333
333
333
333
333
334
336
336
336
336
336
336
336
336
337
337
337
337
337
337
337
337
337
337
338
340
340
340
340
341
341
341
342
342
342
342
343
343
343
343
343
343
343
343
343
343
343
343
343
344
345
346
