1
1
1
1
1
1
1
1
1
1
1
1
1
3
3
3
3
3
3
3
11
11
11
11
11
11
11
11
11
12
13
13
13
13
13
13
13
13
15
15
15
15
15
15
15
15
15
15
16
16
16
16
17
19
19
19
19
19
19
19
19
19
19
19
19
20
20
20
20
20
20
20
20
20
20
20
20
20
20
20
21
21
21
21
21
21
21
21
22
22
22
22
22
22
22
22
22
22
22
23
24
24
24
24
24
24
24
25
27
27
28
28
28
28
28
28
28
28
29
29
29
29
29
29
29
29
29
30
30
30
30
30
30
30
30
30
30
31
31
31
32
33
33
33
33
33
33
33
33
33
33
34
34
34
34
34
34
34
34
34
34
34
34
34
34
35
37
37
38
38
38
38
38
38
38
38
38
39
39
39
39
39
39
39
40
42
42
43
43
43
43
43
43
44
44
44
44
44
44
44
45
46
47
