18
18
18
18
18
18
18
18
18
20
20
20
20
20
20
20
20
20
20
20
20
20
20
22
22
22
22
22
22
22
23
23
23
23
23
23
23
24
24
24
24
24
24
24
25
25
25
25
25
25
25
26
26
26
26
26
26
26
27
27
27
27
27
27
27
37
37
37
37
37
37
44
44
44
44
44
44
49
49
49
49
49
49
49
49
49
49
58
58
58
58
58
58
58
58
58
59
59
59
59
59
59
59
60
60
60
61
70
70
70
70
70
70
70
70
70
71
71
71
71
71
71
71
72
72
72
73
75
75
75
75
75
75
76
76
76
77
78
81
81
81
81
81
81
81
81
84
84
84
84
84
84
84
84
84
84
84
84
84
84
84
87
87
87
87
87
87
87
87
87
87
87
87
87
87
87
92
92
92
92
92
94
101
101
101
101
101
101
101
101
101
102
102
102
102
102
102
102
103
103
103
103
103
103
103
104
105
112
112
112
112
112
112
112
112
112
113
113
113
113
113
113
113
114
114
114
114
114
114
114
115
116
123
123
123
123
123
123
123
123
123
124
124
124
125
132
132
132
132
132
132
132
132
133
133
133
133
133
133
133
133
133
133
134
143
143
144
144
144
144
144
144
144
144
144
145
145
145
145
145
145
145
145
145
145
145
146
155
155
156
156
156
156
156
156
156
156
156
157
157
158
158
158
158
158
158
159
159
159
159
159
159
159
159
160
160
160
160
160
160
160
160
160
160
160
160
160
160
160
160
160
160
160
161
161
161
162
163
175
175
175
175
175
175
175
175
175
176
176
176
176
176
176
176
176
176
178
178
178
178
178
178
178
178
178
179
179
179
179
179
179
179
179
179
179
180
180
180
180
180
180
180
180
180
180
180
180
180
181
181
181
181
181
181
181
181
181
181
181
183
183
183
183
183
183
183
183
183
183
183
183
183
183
183
183
183
183
183
184
184
184
184
184
184
184
184
184
184
184
184
184
186
186
186
186
186
186
186
186
186
186
186
186
186
186
187
188
189
191
191
191
192
204
204
204
204
204
204
204
204
204
205
205
205
205
205
205
205
205
205
207
207
207
207
207
207
207
207
207
208
208
208
208
208
208
208
208
208
208
208
208
208
208
208
208
208
208
208
208
208
208
208
208
208
209
209
209
209
209
209
209
209
209
209
209
209
209
210
210
210
210
210
210
210
210
210
210
210
212
212
212
212
212
212
212
212
212
212
212
212
212
212
212
212
212
212
212
213
213
213
213
213
213
213
213
213
213
213
213
213
215
215
215
215
215
215
215
215
215
215
215
215
215
215
216
217
218
220
220
220
221
228
228
228
228
228
228
228
228
229
229
229
229
229
229
229
229
229
229
230
238
238
238
238
238
238
238
238
238
239
239
239
239
239
239
239
239
239
239
239
240
249
249
249
249
249
249
249
249
249
249
249
249
249
250
250
250
250
250
250
250
250
250
250
250
250
250
251
260
260
260
260
260
260
260
260
260
261
261
261
261
261
261
261
262
262
262
263
264
264
264
264
264
264
264
264
264
264
264
265
265
265
265
265
265
265
265
265
265
265
265
266
276
276
276
276
276
276
276
276
276
276
276
276
276
277
277
277
277
277
277
277
277
277
278
278
278
278
278
278
278
278
278
279
287
287
287
287
287
287
287
287
287
288
288
288
288
288
288
288
288
288
289
298
298
298
298
298
298
298
298
298
298
298
298
298
299
299
299
299
299
299
299
299
299
299
299
300
308
308
308
308
308
308
308
308
308
308
308
309
309
309
309
309
309
309
309
309
309
309
310
319
319
319
319
319
319
319
319
319
319
319
320
320
320
320
320
320
320
320
320
320
320
320
320
320
322
322
322
322
322
322
322
322
322
323
323
323
323
323
323
323
323
323
323
324
324
324
324
324
324
324
324
324
324
324
325
326
328
328
328
328
328
328
328
328
328
328
328
328
328
328
328
328
329
337
337
337
337
337
337
337
337
337
337
337
338
338
338
338
338
338
338
338
338
339
350
350
350
350
350
350
350
350
350
350
350
351
351
351
351
351
351
351
351
351
351
351
352
363
363
363
363
363
363
363
363
363
363
363
364
364
364
364
364
364
364
365
365
365
366
367
367
367
367
367
367
367
367
367
368
368
368
368
368
368
368
369
369
369
370
371
371
371
371
371
371
371
371
371
371
371
371
371
371
372
383
383
383
383
383
383
383
383
383
383
383
384
384
384
384
384
384
384
384
384
385
411
411
411
411
411
411
411
411
411
412
412
412
412
412
412
412
412
412
412
412
413
422
422
422
422
422
422
422
422
422
423
423
423
423
423
423
423
423
424
432
432
432
432
432
432
432
432
432
433
433
433
433
433
433
433
433
433
434
441
441
441
441
441
441
441
441
441
442
442
442
442
442
442
442
443
451
451
451
451
451
451
451
451
451
452
452
452
452
452
452
452
452
452
452
452
453
453
453
453
453
453
453
454
454
454
454
454
454
454
454
454
455
455
455
455
455
455
455
455
455
455
455
455
455
455
455
455
455
455
455
455
455
455
455
455
455
456
456
456
457
458
459
460
460
460
461
462
463
