18
18
18
18
18
18
18
18
18
20
20
20
20
20
20
20
21
21
21
21
21
21
21
22
22
22
22
22
22
22
23
23
23
23
23
23
23
31
31
32
32
32
32
32
32
34
34
34
34
34
34
34
34
34
34
34
34
34
34
34
37
37
37
37
40
40
40
40
43
43
43
43
65
65
65
65
65
65
65
65
65
65
65
65
65
66
66
66
66
66
66
66
66
66
66
66
66
66
66
66
66
66
66
66
67
67
67
67
67
67
67
67
67
67
67
67
67
67
67
67
69
69
69
69
69
69
69
69
69
69
69
70
70
70
70
70
71
71
71
71
71
71
71
71
71
71
71
71
72
72
72
73
73
73
73
73
73
73
74
75
75
76
77
77
77
77
77
77
77
77
77
78
78
78
78
78
78
78
78
78
80
80
80
80
80
80
80
80
80
80
80
80
80
80
80
80
80
80
80
81
81
81
81
81
81
81
81
81
81
81
81
81
81
83
83
84
85
86
118
118
119
119
119
119
119
119
119
119
119
119
119
119
119
119
119
119
119
119
119
119
119
119
119
120
120
120
120
121
121
121
121
121
121
124
124
124
124
124
124
124
124
124
124
124
124
124
124
124
124
124
124
127
127
127
127
127
127
127
127
127
129
129
129
129
129
129
129
129
129
129
132
132
132
132
132
132
132
132
132
132
132
132
132
132
132
132
132
133
133
133
133
133
133
133
134
137
137
137
137
137
137
137
137
137
137
137
138
138
138
138
138
138
138
138
138
138
138
139
139
139
139
139
139
139
139
139
139
139
139
139
139
139
139
139
139
139
139
141
141
141
141
141
141
141
141
141
141
141
141
141
141
143
143
143
143
143
143
143
143
143
144
144
144
144
144
144
144
145
145
145
145
145
145
145
145
145
145
145
145
145
146
146
146
146
146
146
146
146
146
147
147
147
148
148
148
148
148
148
148
148
148
148
148
148
148
148
150
150
150
150
150
150
150
150
150
150
150
150
150
151
151
151
151
151
151
151
151
152
152
152
152
152
152
152
152
152
152
152
152
152
152
153
154
155
157
157
157
157
157
157
157
157
157
157
157
158
158
158
158
158
158
158
158
158
158
158
158
158
158
158
158
158
158
159
159
159
159
159
159
159
160
160
160
160
160
160
160
160
160
160
160
160
160
160
160
160
160
161
161
161
161
161
161
161
161
161
161
161
161
161
161
162
162
162
162
162
162
162
162
162
162
162
163
163
163
163
163
163
163
163
163
164
165
165
165
165
165
165
165
165
165
165
165
165
165
165
165
165
166
166
166
166
166
166
166
166
166
166
166
166
166
167
169
169
170
170
170
170
170
170
170
171
172
172
172
173
173
173
173
173
173
173
174
176
176
176
176
176
177
179
179
179
179
179
179
179
179
179
179
180
187
187
187
187
187
187
187
187
187
187
187
187
188
188
188
188
188
189
189
189
189
189
189
189
189
189
190
190
190
190
190
190
190
190
190
190
190
191
192
193
199
199
199
199
199
199
200
200
200
200
201
201
201
201
201
201
202
210
210
210
210
210
210
210
210
210
210
210
210
210
211
211
211
211
211
211
211
211
211
211
211
211
211
211
211
211
211
211
212
212
212
212
213
213
213
213
213
213
213
214
216
216
216
216
216
216
216
217
232
232
232
232
232
232
232
232
232
232
232
232
232
233
233
233
233
233
233
233
233
233
233
233
233
233
234
234
234
234
235
237
237
237
237
237
237
237
237
237
237
238
238
238
238
238
238
238
238
238
239
241
241
241
241
241
241
241
242
243
244
