18
18
18
18
18
18
18
18
18
20
20
20
20
20
20
20
21
21
21
21
21
21
21
22
22
22
22
22
22
22
23
23
23
23
23
23
23
24
24
24
24
24
24
24
25
25
25
25
25
25
25
26
26
26
26
26
26
26
27
27
27
27
27
27
27
28
28
28
28
28
28
28
29
29
29
29
29
29
29
29
29
31
31
31
31
31
31
31
32
32
32
32
32
32
32
55
55
55
55
56
61
61
61
61
61
61
61
61
64
64
64
64
64
64
65
65
65
65
65
65
68
68
68
68
68
68
69
69
69
69
69
69
72
72
72
72
72
72
72
72
78
78
78
78
81
81
81
81
84
84
84
84
87
87
87
87
90
90
90
90
93
93
93
93
96
96
96
96
99
99
99
99
102
102
102
102
104
104
104
104
104
104
107
107
107
107
107
107
107
110
110
110
110
110
110
110
113
113
113
113
118
118
118
118
118
118
118
118
118
118
127
127
127
127
128
129
129
129
129
130
130
130
130
131
131
131
131
132
132
132
132
133
133
133
133
134
134
134
134
135
135
135
135
136
136
136
136
137
141
141
141
141
141
141
141
141
141
141
141
141
141
141
141
141
141
141
141
141
142
142
142
142
143
144
144
144
144
144
144
144
144
145
145
145
145
145
145
145
145
146
146
146
146
146
146
146
147
148
148
148
148
148
148
148
148
149
149
149
149
149
149
149
150
151
151
151
151
151
151
151
152
152
152
152
152
152
152
152
152
152
152
152
152
153
154
154
154
154
154
154
154
154
154
154
154
154
154
154
154
155
155
155
155
156
175
175
175
175
175
175
175
176
177
177
177
177
178
178
178
178
178
178
178
178
179
179
179
179
179
179
179
179
180
188
188
188
188
188
188
188
188
188
189
189
189
189
189
189
189
189
189
190
198
198
198
198
198
198
198
198
199
199
199
199
199
199
199
200
203
203
203
203
203
203
203
203
203
204
204
204
204
204
204
204
205
205
206
206
206
206
206
206
207
207
207
207
207
207
207
207
209
210
211
213
213
213
213
213
213
213
213
213
214
214
214
214
214
214
214
215
215
216
216
216
216
216
216
217
217
217
217
217
217
217
217
219
220
221
235
235
235
235
235
235
235
235
235
235
235
235
236
237
237
237
237
238
238
238
238
238
238
238
239
255
255
255
255
255
255
255
255
255
255
255
255
256
256
256
256
257
258
258
258
258
259
259
259
259
259
259
259
259
259
259
259
259
260
278
278
278
278
278
278
278
278
278
278
278
278
279
279
279
279
279
279
279
279
280
280
280
280
281
282
282
282
282
283
283
283
283
283
283
283
283
283
283
283
284
300
300
300
300
300
300
300
300
300
300
300
300
301
302
302
302
302
302
302
302
303
319
319
319
319
319
319
319
319
319
319
319
319
320
320
320
320
321
322
322
322
322
323
323
323
323
323
323
323
323
323
323
323
323
323
323
323
323
323
324
342
342
342
342
342
342
342
342
342
342
342
342
343
343
343
343
343
343
343
343
344
344
344
344
345
346
346
346
346
347
347
347
347
347
347
347
347
347
347
347
347
347
347
347
347
348
352
352
352
352
352
352
353
353
353
353
353
353
353
353
354
366
366
366
366
366
366
366
367
368
368
368
368
368
369
369
369
369
369
370
370
370
370
370
371
371
371
371
372
372
372
372
373
373
373
373
374
374
374
374
375
384
384
384
384
384
384
384
384
384
384
384
384
384
385
385
385
385
385
385
385
385
385
385
385
385
385
386
386
386
386
386
386
386
386
386
386
386
387
388
397
397
397
397
397
397
397
397
397
397
397
397
397
398
398
398
398
398
398
398
398
398
398
398
398
398
399
399
399
399
399
399
399
399
399
399
399
400
401
410
410
410
410
410
410
411
411
411
412
422
422
423
423
423
423
423
423
424
424
424
424
424
424
424
425
435
435
435
435
435
435
436
436
436
437
445
445
445
445
445
445
446
446
446
447
455
455
455
455
455
456
457
457
457
458
467
467
467
467
467
468
469
469
469
470
480
480
480
480
480
480
480
480
481
481
481
481
481
481
481
482
491
491
491
491
491
492
493
493
493
493
493
493
493
494
505
505
505
505
505
506
507
507
507
507
507
507
507
508
515
515
515
515
515
515
516
516
516
517
524
524
524
524
524
524
525
525
525
526
533
533
533
533
533
534
535
535
535
535
535
535
535
536
547
547
547
547
547
548
549
549
549
549
549
549
549
550
558
558
558
558
558
558
559
559
559
560
568
568
568
568
568
568
569
569
569
570
581
581
581
581
581
581
581
582
583
583
583
583
583
583
583
584
593
593
593
593
593
593
593
594
595
595
595
595
595
595
595
596
608
608
608
608
608
608
608
609
610
610
610
610
610
610
610
611
622
622
622
622
622
623
623
623
623
623
623
624
624
624
624
624
624
624
625
626
627
627
627
627
627
627
627
627
627
627
627
628
628
628
629
630
630
630
630
630
630
630
630
630
630
630
631
631
631
632
633
633
633
633
633
633
633
633
633
633
633
634
634
634
635
636
636
636
636
636
636
636
636
636
637
637
637
638
642
642
642
642
642
642
642
642
642
643
643
643
644
645
645
645
645
645
645
645
645
645
646
646
646
647
650
650
650
650
650
650
652
652
652
652
652
652
653
654
654
654
654
654
654
655
656
656
656
657
658
658
658
659
660
660
660
661
671
671
671
671
671
672
673
673
673
673
673
673
673
674
674
674
675
677
677
677
677
677
677
677
678
686
686
686
686
686
686
686
686
686
687
687
687
687
687
687
687
687
687
688
696
696
696
696
696
696
696
696
696
697
697
697
697
697
697
698
706
706
706
706
706
706
706
706
706
707
707
707
707
707
707
708
718
718
718
718
718
718
718
718
719
720
720
720
720
721
735
735
735
735
735
735
735
735
736
737
737
737
737
738
752
752
752
752
752
752
752
752
752
752
752
753
753
753
753
753
753
753
754
764
764
764
764
764
764
764
764
764
765
765
765
765
765
765
765
765
765
766
766
766
766
767
776
776
776
776
776
776
776
776
776
776
776
777
777
777
777
778
787
787
787
787
787
787
787
787
787
787
787
788
788
788
788
789
800
800
800
800
800
800
800
800
800
801
801
801
801
801
801
801
802
802
802
802
803
803
803
804
804
804
804
805
806
817
817
817
817
817
817
817
817
818
819
819
819
819
819
819
819
820
820
820
820
821
821
821
822
822
822
822
823
827
827
827
827
828
838
838
838
838
838
838
838
838
838
838
838
838
838
838
839
840
840
840
840
840
840
840
840
840
841
855
855
855
855
855
855
855
855
855
855
856
857
857
857
857
857
857
857
858
868
868
868
868
868
868
868
868
868
868
869
870
870
870
870
870
870
870
871
883
883
883
883
883
883
883
883
884
885
885
885
885
886
886
886
886
888
888
888
888
888
888
888
888
889
889
889
889
889
889
891
891
891
891
891
891
891
891
892
898
901
