17
17
17
17
17
17
17
17
17
17
17
19
19
19
19
19
19
19
19
19
20
20
20
20
20
20
20
20
20
27
27
27
27
33
33
33
33
33
36
36
36
36
36
36
36
36
38
38
38
38
38
38
40
40
40
40
40
40
40
40
40
41
41
41
41
41
41
42
43
43
43
43
43
43
43
43
43
43
43
43
48
48
48
48
48
48
48
48
48
48
48
49
49
49
49
49
49
49
49
49
49
50
50
50
50
50
50
50
50
50
51
51
51
51
51
51
51
51
51
51
51
51
52
52
52
52
52
52
52
52
52
52
53
53
53
53
53
53
53
54
54
54
54
54
54
54
55
56
56
56
56
56
56
56
57
58
60
60
60
60
60
60
61
61
61
61
61
61
61
61
61
62
71
71
72
72
72
72
72
72
73
73
73
73
73
73
73
73
74
74
74
74
74
74
74
74
74
75
75
75
75
75
75
75
75
75
76
78
78
78
78
78
78
79
87
87
87
87
87
87
88
88
88
88
88
88
88
88
89
89
89
89
89
89
89
89
90
90
90
90
90
90
90
90
90
90
90
90
90
90
90
90
90
90
90
91
91
91
91
91
91
91
91
91
92
94
94
94
94
94
94
94
94
95
95
95
95
95
95
95
95
96
96
96
96
96
96
96
96
96
96
96
96
97
97
97
97
97
97
97
98
98
98
99
100
100
100
100
100
100
100
100
100
100
100
100
100
100
100
100
100
100
100
100
100
100
100
100
100
100
101
101
101
101
101
101
101
101
101
101
101
101
101
102
103
103
103
104
106
106
106
106
106
106
107
107
107
107
107
107
107
107
107
108
110
110
110
110
110
110
111
111
111
111
111
111
111
111
111
111
111
111
111
111
111
111
112
120
120
120
120
120
120
121
121
121
121
121
121
121
121
121
121
121
122
130
130
130
130
130
130
131
131
131
131
131
131
131
131
131
131
131
132
134
134
134
134
134
134
135
135
135
135
135
135
135
135
135
136
138
138
138
138
138
138
139
139
139
139
139
139
139
139
139
140
142
142
142
142
142
142
143
143
143
143
143
143
143
143
143
143
143
144
146
146
146
146
146
146
147
147
147
147
147
147
147
147
147
147
147
148
150
150
150
150
150
150
151
151
151
151
151
151
151
152
152
152
152
152
152
152
152
152
152
152
152
152
152
152
152
153
164
164
164
164
164
164
164
164
164
165
165
165
165
165
165
165
166
166
166
167
168
168
168
168
168
168
168
168
169
169
169
169
169
169
169
169
169
169
170
170
170
170
170
170
170
170
170
170
171
171
171
171
171
171
171
171
171
172
182
182
182
182
182
182
182
182
182
183
183
183
183
183
183
183
183
183
184
186
186
186
186
186
186
187
187
187
187
187
187
187
188
188
188
188
188
188
188
188
188
188
188
188
188
188
188
188
189
192
192
192
192
192
192
192
192
192
192
192
192
197
197
197
197
197
197
197
197
197
197
197
198
198
198
198
198
198
198
198
198
198
198
198
199
199
199
199
199
199
199
199
199
199
199
199
199
199
199
200
200
200
200
200
200
200
200
200
200
200
200
200
200
200
200
200
200
200
201
202
202
202
203
209
209
210
210
210
210
210
210
211
211
211
211
211
211
211
211
211
213
213
213
213
213
213
213
213
213
213
213
213
213
213
213
213
213
213
214
214
214
214
214
214
214
214
214
214
214
214
214
214
214
214
214
215
215
215
215
215
215
215
215
215
215
215
215
215
215
215
215
215
216
216
216
216
216
216
216
216
216
216
216
216
216
216
216
216
216
217
217
217
217
217
217
217
217
217
217
217
217
217
217
217
217
217
218
218
218
218
218
218
218
218
218
218
218
218
218
218
218
218
218
219
219
219
219
219
219
219
219
219
219
219
219
219
219
219
219
219
219
221
221
221
221
221
221
221
222
223
224
224
224
224
224
224
224
224
225
225
225
225
225
225
225
225
225
225
226
226
226
226
226
226
226
226
226
226
226
226
226
227
227
227
227
227
227
227
227
227
227
227
227
227
229
229
229
229
229
229
229
229
231
231
231
231
231
231
231
231
237
237
237
237
237
237
237
237
237
237
238
238
238
238
238
239
239
239
239
239
239
239
239
239
239
239
239
239
239
239
240
240
240
240
240
240
240
240
240
240
240
240
240
240
240
240
240
240
240
240
240
240
240
241
241
241
241
241
241
241
241
241
241
241
241
241
241
241
241
241
242
243
243
243
244
250
250
250
250
250
250
250
250
250
250
250
250
250
250
250
250
250
250
251
251
251
251
251
251
251
251
251
251
251
252
252
252
253
255
255
255
255
255
255
255
255
255
255
255
255
255
255
255
255
255
255
255
256
261
261
261
261
261
261
261
261
261
261
262
262
262
262
262
262
262
262
262
262
262
263
263
263
263
263
263
263
263
263
264
264
264
264
264
264
265
266
266
266
266
266
266
266
266
266
266
266
266
266
266
267
269
269
269
269
269
271
271
271
271
271
273
273
273
273
273
275
275
275
275
275
278
278
278
278
286
286
286
286
286
286
286
286
287
287
287
287
287
287
287
287
287
287
287
289
289
289
289
289
289
289
289
289
289
290
290
290
290
290
290
290
290
290
290
290
290
290
290
291
292
292
292
292
292
292
292
292
292
296
296
296
296
296
296
296
296
296
296
296
296
296
296
296
296
296
296
296
296
296
296
296
296
296
306
306
306
306
306
306
306
306
306
306
306
306
306
306
309
309
309
309
309
309
309
309
312
312
312
312
312
312
312
312
312
313
322
322
322
322
322
322
322
322
322
322
322
322
323
323
323
323
323
323
323
323
323
324
324
324
324
324
324
324
324
324
326
326
326
326
326
326
326
326
326
326
326
326
326
326
326
326
326
326
326
326
326
327
327
327
327
327
327
327
327
327
327
327
327
327
327
328
331
331
331
331
331
331
331
331
331
331
331
331
334
334
334
334
334
334
334
334
334
334
334
334
334
335
341
341
341
341
341
341
341
341
341
341
341
341
341
341
343
343
343
343
343
343
344
344
344
344
344
344
344
344
344
344
344
344
344
344
344
344
344
344
344
344
344
345
347
347
347
347
347
347
348
348
348
348
348
348
348
348
348
348
348
348
348
348
348
348
348
348
348
348
348
349
357
357
357
357
357
357
358
358
358
359
365
365
365
365
365
365
365
366
366
366
366
366
366
366
366
366
366
366
366
366
366
367
367
367
367
367
367
367
367
367
367
367
367
367
367
367
367
367
367
368
368
368
368
368
368
368
368
368
368
368
368
368
368
369
369
369
369
369
369
369
369
369
369
369
369
370
370
370
370
370
370
370
370
370
370
370
370
371
371
371
371
371
372
381
381
381
381
381
381
381
381
381
382
382
382
382
382
382
383
385
386
