1
1
1
1
1
1
1
1
1
1
1
1
1
3
3
3
3
3
3
3
4
4
4
4
4
4
4
5
5
5
5
5
5
5
6
6
6
6
6
6
6
8
8
8
8
8
8
8
9
9
9
9
9
9
9
9
9
10
10
10
10
10
10
10
10
10
11
11
11
11
11
11
11
11
11
13
13
13
13
13
13
13
13
13
13
13
13
13
14
14
14
14
14
14
14
14
14
15
15
15
15
15
15
15
15
15
15
15
17
17
17
17
17
17
17
17
17
17
17
18
18
18
18
18
18
18
18
18
18
18
18
18
19
19
19
19
19
19
19
19
19
19
19
19
19
20
20
20
20
20
20
20
20
20
20
20
20
20
21
21
21
21
21
21
21
21
21
21
21
21
21
22
22
22
22
22
22
22
22
22
22
22
22
22
23
23
23
23
23
23
23
23
23
23
23
23
23
23
23
24
24
24
24
24
24
24
24
24
24
24
24
24
24
24
33
33
33
35
35
36
41
41
41
41
41
41
41
41
46
46
46
46
46
47
52
52
52
52
52
63
63
63
63
63
77
77
77
77
77
95
95
95
95
95
96
98
98
98
98
99
99
99
99
105
105
105
105
105
105
106
107
107
107
107
107
108
108
108
108
108
108
108
108
108
108
109
109
109
109
109
109
109
109
109
110
110
110
110
110
110
110
110
111
112
113
113
113
114
116
116
116
116
116
116
116
117
117
117
117
118
118
118
118
118
118
118
118
118
118
118
119
121
121
121
121
121
121
121
121
121
121
121
121
122
122
122
122
122
122
122
122
122
122
122
122
123
123
123
123
123
123
123
123
123
123
123
123
123
123
123
123
123
123
123
123
123
123
124
132
132
132
132
132
134
134
134
134
134
140
140
140
140
140
142
142
142
142
142
149
149
149
149
154
154
154
154
161
161
161
161
174
174
174
174
181
181
181
181
181
181
187
187
187
187
187
187
195
195
195
195
195
195
201
201
201
201
201
201
207
207
207
207
207
207
207
207
207
207
207
207
207
207
207
214
214
214
214
214
214
214
214
214
214
214
214
214
222
222
222
222
222
222
222
222
222
222
222
222
223
223
223
223
223
223
223
223
223
224
225
225
225
225
225
225
225
226
226
226
226
227
227
227
227
228
228
228
228
229
229
229
229
229
229
229
229
229
230
230
230
230
230
230
230
230
231
231
231
231
232
232
232
232
232
232
232
232
233
233
233
233
233
233
233
234
240
240
240
240
240
240
240
241
242
242
242
242
242
243
243
244
245
245
245
245
246
246
247
247
247
247
247
247
247
247
247
247
247
247
248
248
248
248
248
248
248
248
248
249
249
249
249
249
249
249
249
249
249
249
249
249
249
250
250
250
250
250
250
250
250
250
251
251
251
252
252
253
255
255
255
255
255
255
255
257
257
257
257
257
257
258
258
258
258
258
258
258
259
260
261
261
261
261
261
261
261
262
262
262
262
262
262
262
262
262
263
264
272
272
273
273
273
273
273
273
274
274
274
274
274
274
275
277
277
278
278
278
278
278
278
278
278
279
279
279
279
280
280
280
280
280
280
280
280
281
281
281
281
281
281
281
282
282
282
283
285
285
286
286
286
286
286
286
289
289
289
290
296
296
297
297
297
297
297
297
298
298
298
298
299
301
301
302
302
302
302
302
302
303
303
303
304
306
306
307
307
307
307
307
307
307
307
307
307
308
309
309
309
309
309
310
310
310
310
310
310
310
310
310
310
310
310
310
310
310
310
312
312
312
312
312
312
312
313
313
313
313
314
315
315
315
316
324
324
324
324
324
324
324
324
325
325
325
325
325
325
325
325
326
326
326
327
329
329
329
329
329
329
329
329
330
330
330
330
330
330
330
330
330
331
331
331
332
334
334
334
334
334
334
334
334
334
335
335
335
335
335
335
335
335
335
335
335
335
335
336
338
338
338
338
338
338
338
338
338
338
338
339
339
339
339
339
340
340
340
340
340
341
341
341
342
342
342
342
342
343
344
344
344
345
347
347
348
348
348
348
348
348
348
348
348
348
350
350
351
351
351
351
351
351
351
351
351
352
352
352
353
356
356
356
356
356
356
357
357
357
357
357
357
357
358
376
376
376
376
376
376
377
377
377
378
386
386
386
386
386
386
386
387
388
388
388
388
389
391
391
391
391
391
391
391
392
393
393
393
393
394
396
396
396
396
396
396
396
397
398
398
398
398
399
401
401
401
401
401
401
401
401
402
403
403
403
403
404
412
412
412
412
412
412
412
412
413
414
414
414
414
414
414
414
415
415
415
415
416
416
416
417
418
418
418
419
429
429
429
429
429
429
429
429
429
429
429
429
430
431
431
431
431
431
431
431
432
432
433
433
433
433
433
433
433
434
434
434
434
434
434
435
435
435
435
435
435
435
435
435
435
435
435
435
436
436
436
437
437
437
437
437
437
437
437
437
437
437
437
437
437
437
437
437
438
439
439
439
439
439
439
439
440
440
440
440
440
440
440
440
440
441
442
443
443
443
443
443
443
443
444
449
449
449
449
449
449
449
449
449
449
449
449
450
452
452
452
452
452
452
452
453
453
454
454
454
454
454
454
454
455
455
455
455
455
455
455
455
455
455
455
455
455
456
456
456
457
457
457
457
457
457
458
459
459
459
459
459
459
459
460
460
460
460
460
460
460
460
460
461
462
463
470
470
470
470
470
470
470
471
472
472
472
472
472
472
472
472
472
472
472
472
472
472
472
472
472
472
473
473
473
473
473
474
475
487
487
488
488
488
488
488
488
488
488
488
488
489
490
490
490
490
490
490
490
490
490
490
490
490
490
490
491
491
491
491
491
492
494
494
494
494
494
494
494
494
494
494
494
494
494
494
494
494
494
495
495
495
495
495
495
496
496
496
496
496
496
497
497
497
497
497
497
497
498
498
498
498
498
498
498
498
498
498
498
498
498
498
498
499
501
501
502
502
502
502
502
502
502
502
502
502
502
502
502
503
504
504
504
504
504
505
505
505
505
505
506
534
534
535
535
535
535
535
535
535
535
536
537
537
537
537
537
538
538
538
538
538
538
538
538
539
539
539
539
539
539
539
540
540
540
540
540
540
540
541
541
541
543
544
546
546
547
547
547
547
547
547
547
547
548
549
549
549
549
549
549
549
549
549
549
550
550
550
550
550
550
550
550
550
550
550
551
552
552
552
552
552
552
552
553
553
553
553
553
553
553
553
553
553
553
553
553
554
554
554
556
557
557
557
557
557
557
557
557
558
560
560
561
561
561
561
561
561
561
561
562
563
563
563
563
563
564
564
564
564
564
564
564
564
565
565
565
565
565
565
565
566
566
566
566
566
566
566
567
567
567
568
568
568
568
569
570
572
572
573
573
573
573
573
573
573
573
574
575
575
575
575
575
575
575
575
575
575
576
576
576
576
576
576
576
576
576
576
576
577
578
578
578
578
578
578
578
578
579
579
579
579
579
579
579
581
581
581
581
581
581
581
581
581
581
581
581
581
582
582
582
582
582
582
582
582
582
583
583
583
584
584
584
584
585
586
589
589
589
589
589
589
589
589
590
591
591
591
591
591
591
591
592
592
592
592
593
595
595
595
595
595
595
595
596
596
597
597
597
597
597
597
597
597
597
597
597
597
597
597
597
597
597
598
598
598
598
598
598
598
599
599
599
599
599
599
599
599
599
600
601
604
604
604
604
604
604
604
604
605
607
607
607
607
607
607
607
607
607
608
608
608
608
608
608
608
608
608
609
610
610
610
610
610
610
610
610
611
611
613
613
613
613
614
614
614
614
614
614
616
616
616
616
616
616
616
616
616
616
616
616
616
616
616
618
618
618
618
618
618
619
619
619
619
619
619
619
620
621
622
622
622
622
622
622
622
623
623
623
623
623
623
623
623
623
624
625
633
633
634
634
634
634
634
634
634
634
634
635
636
636
636
636
636
636
636
636
636
637
639
639
640
640
640
640
640
640
640
640
640
641
642
642
642
642
642
642
642
643
643
643
643
644
644
645
646
646
646
646
646
647
647
647
647
647
647
647
648
648
648
648
649
650
650
651
651
651
651
651
652
652
652
652
652
652
652
652
652
652
652
652
652
652
652
652
652
652
652
653
653
653
653
653
653
653
653
653
657
657
657
657
657
658
658
658
658
658
658
658
659
659
659
660
660
660
660
660
660
660
661
662
662
662
662
662
662
662
662
662
663
663
663
663
663
663
664
664
664
664
664
664
664
664
664
664
664
664
665
665
665
665
665
666
666
666
667
667
667
667
667
667
667
667
667
667
667
667
667
667
667
667
667
668
668
668
668
668
669
669
669
669
669
669
669
670
670
670
671
671
671
671
671
671
671
672
673
673
673
673
673
673
674
675
675
675
675
675
675
675
676
676
676
676
676
676
676
676
676
677
678
680
680
681
681
681
681
681
681
681
681
681
681
681
681
681
681
681
681
681
682
683
683
683
683
683
684
684
684
684
684
684
684
685
685
685
685
686
687
687
688
688
688
688
688
689
689
689
689
689
689
689
689
689
689
689
689
689
689
689
689
689
689
689
689
689
689
689
689
689
689
689
690
690
690
690
690
690
690
690
690
692
692
692
692
692
693
693
693
693
693
693
693
693
693
693
693
694
694
694
695
695
695
695
695
695
695
695
695
695
695
696
697
697
697
697
697
697
697
697
697
698
698
698
698
698
698
699
699
699
699
699
699
699
699
699
699
699
699
700
700
700
700
700
700
700
700
700
701
701
701
702
702
702
702
702
702
702
702
702
702
702
702
702
702
702
702
702
703
703
703
703
703
704
704
704
704
704
704
704
704
704
704
704
705
705
705
706
706
706
706
706
706
706
706
706
706
706
707
708
708
708
708
708
708
709
710
710
710
710
710
710
710
711
711
711
711
711
711
711
711
711
712
713
715
715
716
716
716
716
716
716
716
716
716
716
717
717
717
717
717
717
717
717
717
718
720
720
721
721
721
721
721
721
721
721
721
721
721
721
721
721
721
721
721
722
724
724
724
724
725
727
727
728
728
728
728
728
728
728
728
728
728
728
728
728
728
728
728
728
729
731
731
731
731
732
740
740
741
741
741
741
741
741
741
741
741
741
743
743
743
743
743
744
744
744
744
744
745
746
746
747
747
747
747
747
748
748
748
748
748
748
748
749
749
749
749
750
752
752
752
752
752
753
753
753
753
753
753
753
753
753
753
753
753
753
753
753
753
753
753
753
754
754
754
754
754
754
754
754
754
755
755
755
755
755
755
755
756
756
756
757
757
757
757
757
757
757
757
757
757
757
757
757
757
757
757
757
758
758
758
758
758
758
758
759
759
759
759
759
759
760
761
761
761
761
761
761
761
762
762
762
762
762
762
762
762
762
763
764
766
766
767
767
767
767
767
767
767
767
767
767
767
767
767
767
767
767
769
769
769
769
769
770
770
770
770
770
771
772
772
773
773
773
773
773
774
774
774
774
774
774
774
775
775
775
775
776
778
778
778
778
778
779
779
779
779
779
779
779
779
779
779
779
779
779
779
779
779
779
779
779
779
779
779
779
779
779
779
779
779
780
780
780
780
780
780
780
780
780
781
781
781
781
781
781
781
781
781
781
781
782
782
782
783
783
783
783
783
783
783
783
783
783
783
783
783
783
783
783
783
784
784
784
784
784
784
784
784
784
784
784
785
785
785
785
785
785
786
787
787
787
787
787
787
787
788
788
788
788
788
788
788
788
788
789
790
792
792
793
793
793
793
793
793
793
793
793
793
793
793
793
793
793
793
793
793
795
795
795
795
795
796
796
796
796
796
797
798
798
798
798
798
799
799
799
799
799
799
799
800
800
800
800
801
802
802
803
803
803
803
803
804
804
804
804
804
804
804
804
804
804
804
804
804
804
804
804
804
804
804
804
804
804
804
804
804
804
804
805
805
805
805
805
805
805
805
805
806
806
806
806
806
806
806
806
806
806
806
807
807
807
808
808
808
808
808
808
808
808
808
808
808
808
808
808
808
808
808
809
809
809
809
809
809
809
809
809
809
809
810
810
810
810
810
810
811
812
812
812
812
812
812
812
813
813
813
813
813
813
813
813
813
814
815
817
817
818
818
818
818
818
818
818
818
818
818
819
819
819
819
820
822
822
823
823
823
823
823
823
823
823
823
824
826
826
826
826
826
827
827
827
827
827
828
829
829
830
830
830
830
830
830
830
831
831
831
831
831
831
831
832
832
832
832
832
832
832
832
832
833
834
836
836
837
837
837
837
837
837
837
837
837
837
837
837
837
837
837
838
840
840
840
840
840
841
841
841
841
841
842
843
843
844
844
844
844
844
844
844
844
844
844
844
845
845
845
845
845
845
845
846
846
846
846
846
846
846
846
846
847
848
850
850
851
851
851
851
851
851
851
851
851
851
851
851
851
851
851
851
851
852
854
854
854
854
854
855
855
855
855
855
856
857
857
858
858
858
858
858
858
858
858
858
858
858
859
859
859
859
859
859
859
860
860
860
860
860
860
860
860
860
861
862
864
864
865
865
865
865
865
865
865
865
865
866
867
867
867
867
867
867
867
867
867
867
868
876
876
877
877
877
877
877
877
877
878
878
878
878
878
878
878
878
878
878
878
878
878
879
880
880
880
880
880
880
880
881
881
881
881
882
882
883
884
884
884
884
884
885
885
885
885
885
885
885
886
886
886
886
887
888
888
888
888
888
888
888
888
888
888
888
888
888
888
888
888
888
888
888
889
889
890
890
890
890
890
892
892
892
892
892
892
892
892
892
892
892
892
892
892
893
893
893
893
893
893
894
894
894
894
894
894
894
894
894
894
894
894
894
894
894
894
894
895
895
895
895
895
895
895
895
895
897
897
897
897
897
897
897
897
897
897
897
897
897
898
898
898
899
899
899
899
899
899
899
900
900
900
900
900
900
901
901
901
901
901
901
901
901
901
901
901
901
902
902
902
902
902
902
902
902
902
903
903
903
904
904
904
904
904
904
904
904
904
904
904
904
904
904
904
904
904
905
905
905
905
905
905
905
905
905
905
905
905
905
906
906
906
906
906
906
907
908
909
909
909
909
909
909
909
910
910
910
910
910
910
910
910
910
911
912
914
914
915
915
915
915
915
915
915
915
915
915
915
915
915
915
915
916
917
917
917
917
917
917
917
918
918
918
918
919
919
919
920
921
921
921
921
921
922
922
922
922
922
922
922
923
923
923
923
924
925
925
925
925
925
925
925
925
925
925
925
925
925
925
925
925
925
925
925
926
926
927
927
927
927
927
929
929
929
929
929
929
929
929
929
929
929
929
930
930
930
930
930
930
931
931
931
931
931
931
931
931
931
931
931
931
931
931
931
931
931
932
932
932
932
932
932
932
932
932
934
934
934
934
934
934
934
934
934
936
936
936
937
937
937
937
937
937
937
938
938
938
938
938
938
939
939
939
939
939
939
939
939
939
939
939
939
940
940
940
940
940
940
940
940
940
940
940
940
940
940
941
941
941
942
942
942
942
942
942
942
942
942
942
942
942
942
942
942
942
942
943
943
943
943
943
943
943
943
943
944
944
944
944
944
944
945
946
947
947
947
947
947
947
947
948
948
948
948
948
948
948
948
948
949
951
951
951
952
954
954
954
954
954
954
954
954
954
954
954
954
954
954
954
955
955
955
955
955
955
955
955
955
955
956
958
958
958
958
958
958
958
958
958
958
958
959
959
959
959
959
960
960
960
961
961
961
961
961
961
961
961
961
961
961
961
961
961
961
961
961
961
961
961
961
961
961
961
961
961
961
961
961
961
962
962
962
962
963
963
963
963
964
964
964
964
964
964
964
965
965
965
965
966
966
966
966
966
966
966
966
966
966
966
966
966
967
968
968
968
968
968
968
968
969
969
970
971
974
974
974
974
974
974
974
975
975
975
975
975
975
975
975
975
975
975
975
975
976
977
979
979
979
979
979
979
979
979
979
979
979
979
979
979
979
979
979
980
982
982
982
982
982
982
982
982
982
982
982
982
982
983
983
983
984
985
985
985
985
985
985
985
985
985
985
985
986
986
986
986
986
986
986
987
987
987
987
987
987
987
987
987
987
987
987
987
987
987
988
989
989
989
990
992
992
992
992
992
992
992
992
992
992
992
992
992
992
992
993
994
994
994
994
994
994
994
994
994
994
994
995
995
995
995
995
997
997
997
997
997
997
997
997
997
998
998
998
998
998
998
998
998
998
998
998
998
998
998
998
998
999
999
999
999
999
999
999
1000
1000
1000
1000
1000
1000
1000
1000
1000
1000
1000
1000
1000
1000
1000
1000
1000
1001
1002
1002
1002
1002
1003
1004
1004
1004
1005
1013
1013
1014
1014
1014
1014
1014
1014
1014
1014
1014
1015
1016
1016
1016
1016
1016
1017
1017
1017
1017
1017
1017
1017
1018
1018
1018
1018
1019
1020
1020
1021
1021
1021
1021
1021
1022
1022
1022
1022
1022
1022
1022
1022
1022
1022
1022
1022
1022
1022
1022
1022
1022
1022
1022
1022
1022
1023
1023
1023
1023
1023
1023
1023
1023
1023
1025
1025
1025
1025
1025
1025
1025
1026
1026
1026
1027
1027
1027
1027
1027
1027
1027
1028
1028
1028
1028
1028
1028
1029
1029
1029
1029
1029
1029
1029
1029
1029
1029
1029
1029
1030
1030
1030
1031
1031
1031
1032
1032
1032
1032
1032
1032
1032
1032
1032
1032
1032
1032
1032
1032
1032
1032
1032
1033
1033
1033
1033
1033
1033
1033
1034
1034
1034
1034
1034
1034
1035
1036
1037
1037
1037
1037
1037
1037
1037
1038
1038
1038
1038
1038
1038
1038
1038
1038
1039
1040
1042
1042
1043
1043
1043
1043
1043
1043
1043
1044
1045
1045
1045
1045
1045
1046
1046
1046
1046
1046
1046
1046
1047
1047
1047
1047
1048
1049
1049
1050
1050
1050
1050
1050
1053
1053
1053
1053
1053
1053
1053
1053
1053
1055
1055
1055
1056
1056
1056
1056
1056
1056
1056
1056
1056
1056
1056
1057
1057
1057
1057
1057
1057
1057
1060
1060
1060
1060
1060
1060
1060
1060
1060
1060
1060
1061
1061
1061
1061
1061
1061
1061
1061
1061
1061
1061
1062
1062
1062
1062
1062
1062
1062
1062
1062
1062
1062
1062
1062
1063
1063
1063
1064
1064
1064
1064
1064
1064
1065
1065
1065
1065
1065
1065
1065
1065
1065
1065
1065
1065
1065
1066
1067
1067
1067
1068
1068
1068
1068
1068
1069
1069
1069
1069
1069
1069
1069
1069
1069
1069
1069
1069
1069
1069
1069
1069
1069
1070
1070
1070
1070
1070
1070
1070
1070
1070
1070
1070
1070
1070
1070
1070
1071
1071
1071
1071
1071
1071
1072
1072
1072
1073
1073
1073
1073
1073
1073
1073
1073
1073
1073
1073
1073
1073
1073
1073
1073
1073
1074
1075
1076
1077
1077
1077
1077
1077
1077
1077
1078
1078
1078
1078
1078
1078
1078
1078
1078
1079
1080
1082
1082
1083
1083
1083
1083
1083
1083
1083
1083
1083
1084
1085
1085
1085
1085
1085
1086
1086
1086
1086
1086
1086
1086
1087
1087
1087
1087
1088
1089
1089
1090
1090
1090
1090
1090
1091
1091
1091
1091
1091
1091
1091
1091
1091
1091
1091
1091
1091
1091
1091
1091
1091
1091
1091
1091
1091
1092
1092
1092
1092
1092
1092
1092
1092
1092
1094
1094
1094
1094
1094
1094
1094
1095
1095
1095
1096
1096
1096
1096
1096
1096
1096
1097
1097
1097
1097
1097
1097
1098
1098
1098
1098
1098
1098
1098
1098
1098
1098
1098
1098
1099
1099
1099
1100
1100
1100
1101
1101
1101
1101
1101
1101
1101
1101
1101
1101
1101
1101
1101
1101
1101
1101
1101
1102
1102
1102
1102
1102
1102
1102
1103
1103
1103
1103
1103
1103
1104
1105
1106
1106
1106
1106
1106
1106
1106
1107
1107
1107
1107
1107
1107
1107
1107
1107
1108
1109
1111
1111
1112
1112
1112
1112
1112
1112
1112
1112
1112
1113
1114
1114
1114
1114
1114
1115
1115
1115
1115
1115
1115
1115
1116
1116
1116
1116
1117
1118
1118
1119
1119
1119
1119
1119
1120
1120
1120
1120
1120
1120
1120
1120
1120
1120
1120
1120
1120
1120
1120
1120
1120
1120
1120
1120
1120
1121
1121
1121
1121
1121
1121
1121
1121
1121
1122
1122
1122
1122
1122
1122
1122
1123
1123
1123
1124
1124
1124
1124
1124
1124
1124
1125
1125
1125
1125
1125
1125
1126
1126
1126
1126
1126
1126
1126
1126
1126
1126
1126
1126
1127
1127
1127
1128
1128
1128
1129
1129
1129
1129
1129
1129
1129
1129
1129
1129
1129
1129
1129
1129
1129
1129
1129
1130
1130
1130
1130
1130
1130
1130
1131
1131
1131
1131
1131
1131
1132
1133
1134
1134
1134
1134
1134
1134
1134
1135
1135
1135
1135
1135
1135
1135
1135
1135
1136
1137
1139
1139
1140
1140
1140
1140
1140
1140
1140
1140
1140
1141
1142
1142
1142
1142
1142
1143
1143
1143
1143
1143
1143
1143
1144
1144
1144
1144
1145
1146
1146
1147
1147
1147
1147
1147
1148
1148
1148
1148
1148
1148
1148
1148
1148
1148
1148
1148
1148
1148
1148
1148
1148
1148
1148
1148
1148
1149
1149
1149
1149
1149
1149
1149
1149
1149
1150
1150
1150
1150
1150
1150
1150
1151
1151
1151
1152
1152
1152
1152
1152
1152
1152
1153
1153
1153
1153
1153
1153
1154
1154
1154
1154
1154
1154
1154
1154
1154
1154
1154
1154
1155
1155
1155
1156
1156
1156
1157
1157
1157
1157
1157
1157
1157
1157
1157
1157
1157
1157
1157
1157
1157
1157
1157
1158
1158
1158
1158
1158
1158
1158
1159
1159
1159
1159
1159
1159
1160
1161
1162
1162
1162
1162
1162
1162
1162
1163
1163
1163
1163
1163
1163
1163
1163
1163
1164
1165
1167
1167
1168
1168
1168
1168
1168
1168
1168
1168
1168
1169
1170
1170
1170
1170
1170
1171
1171
1171
1171
1171
1171
1171
1172
1172
1172
1172
1173
1174
1174
1175
1175
1175
1175
1175
1176
1176
1176
1176
1176
1176
1176
1176
1176
1176
1176
1176
1176
1176
1176
1176
1176
1176
1176
1176
1176
1177
1177
1177
1177
1177
1177
1177
1177
1177
1178
1178
1178
1178
1178
1178
1178
1179
1179
1179
1180
1180
1180
1180
1180
1180
1180
1181
1181
1181
1181
1181
1181
1182
1182
1182
1182
1182
1182
1182
1182
1182
1182
1182
1182
1183
1183
1183
1184
1184
1184
1185
1185
1185
1185
1185
1185
1185
1185
1185
1185
1185
1185
1185
1185
1185
1185
1185
1186
1186
1186
1186
1186
1186
1186
1187
1187
1187
1187
1187
1187
1188
1189
1190
1190
1190
1190
1190
1190
1190
1191
1191
1191
1191
1191
1191
1191
1191
1191
1192
1193
1195
1195
1196
1196
1196
1196
1196
1196
1196
1196
1196
1197
1198
1198
1198
1198
1198
1198
1198
1199
1199
1199
1199
1200
1200
1201
1202
1202
1202
1202
1202
1203
1203
1203
1203
1203
1203
1203
1204
1204
1204
1204
1205
1206
1206
1206
1206
1206
1206
1206
1206
1206
1206
1206
1206
1207
1207
1208
1208
1208
1208
1208
1209
1209
1209
1209
1209
1210
1210
1210
1210
1210
1210
1210
1210
1210
1210
1210
1210
1210
1210
1210
1210
1210
1210
1211
1211
1211
1211
1211
1211
1211
1212
1212
1212
1213
1213
1213
1213
1213
1213
1213
1213
1213
1213
1213
1213
1213
1213
1213
1213
1213
1213
1213
1213
1213
1214
1215
1215
1215
1215
1215
1215
1215
1215
1215
1216
1216
1216
1216
1216
1217
1217
1217
1217
1217
1217
1217
1217
1217
1217
1217
1218
1218
1218
1219
1219
1219
1219
1219
1219
1219
1220
1221
1221
1221
1222
1222
1222
1222
1222
1222
1222
1223
1223
1223
1223
1223
1224
1224
1224
1224
1224
1224
1225
1225
1225
1225
1225
1225
1225
1225
1225
1225
1225
1225
1226
1226
1226
1226
1226
1226
1226
1226
1226
1227
1227
1227
1228
1228
1228
1228
1228
1228
1229
1229
1229
1229
1229
1229
1229
1229
1229
1229
1229
1229
1230
1230
1230
1231
1232
1232
1232
1233
1233
1233
1233
1233
1233
1233
1233
1233
1233
1233
1233
1233
1233
1233
1233
1233
1234
1234
1234
1234
1234
1235
1235
1235
1235
1235
1235
1235
1235
1235
1235
1235
1236
1236
1236
1237
1237
1237
1237
1237
1237
1237
1238
1239
1239
1239
1239
1239
1239
1240
1241
1242
1242
1242
1242
1242
1242
1242
1243
1243
1243
1243
1243
1243
1243
1243
1243
1244
1245
1247
1247
1248
1248
1248
1248
1248
1248
1248
1248
1248
1249
1250
1250
1250
1250
1250
1250
1250
1251
1251
1251
1251
1252
1252
1253
1254
1254
1254
1254
1254
1255
1255
1255
1255
1255
1255
1255
1256
1256
1256
1256
1257
1258
1258
1259
1259
1259
1259
1259
1260
1260
1260
1260
1260
1260
1261
1261
1261
1261
1261
1261
1261
1261
1261
1261
1261
1261
1261
1261
1261
1262
1262
1262
1262
1262
1262
1262
1262
1262
1263
1263
1263
1263
1263
1263
1263
1264
1264
1264
1265
1265
1265
1265
1265
1265
1265
1266
1266
1266
1266
1266
1266
1267
1267
1267
1267
1267
1267
1267
1267
1267
1267
1267
1267
1268
1268
1268
1269
1269
1269
1270
1270
1270
1270
1270
1270
1270
1270
1270
1270
1270
1270
1270
1270
1270
1270
1270
1271
1271
1271
1271
1271
1271
1271
1272
1272
1272
1272
1272
1272
1273
1274
1275
1275
1275
1275
1275
1275
1275
1276
1276
1276
1276
1276
1276
1276
1276
1276
1277
1278
1280
1280
1281
1281
1281
1281
1281
1281
1281
1281
1281
1281
1281
1282
1283
1283
1283
1283
1283
1284
1292
1292
1293
1293
1293
1293
1293
1293
1293
1293
1293
1293
1294
1295
1295
1295
1295
1295
1295
1295
1295
1295
1296
1296
1296
1296
1296
1296
1296
1296
1296
1297
1297
1297
1297
1297
1297
1297
1297
1297
1298
1299
1307
1307
1308
1308
1308
1308
1308
1308
1308
1309
1310
1310
1310
1310
1310
1310
1310
1310
1310
1310
1310
1310
1311
1311
1312
1312
1312
1312
1312
1312
1313
1313
1313
1313
1313
1313
1313
1314
1314
1314
1314
1314
1314
1314
1314
1314
1315
1316
1317
1319
1319
1320
1320
1320
1320
1320
1320
1320
1321
1323
1323
1323
1323
1323
1323
1326
1326
1326
1326
1326
1326
1326
1326
1326
1326
1326
1326
1327
1327
1328
1328
1328
1328
1328
1334
1334
1334
1334
1334
1335
1335
1335
1335
1335
1335
1335
1335
1335
1336
1336
1336
1336
1337
1337
1337
1337
1337
1337
1337
1337
1337
1337
1337
1338
1338
1338
1338
1339
1339
1339
1340
1340
1341
1342
1343
1343
1343
1343
1343
1343
1343
1347
1347
1347
1347
1347
1347
1347
1347
1347
1348
1349
1350
1350
1351
1351
1351
1351
1351
1351
1351
1351
1351
1351
1351
1351
1351
1351
1351
1351
1351
1351
1352
1352
1352
1352
1352
1352
1353
1353
1353
1354
1354
1354
1354
1354
1354
1355
1356
1356
1356
1356
1356
1356
1356
1357
1357
1357
1357
1357
1357
1357
1357
1357
1358
1359
1361
1361
1362
1362
1362
1362
1362
1362
1364
1377
1377
1377
1377
1377
1378
1379
1379
1379
1379
1379
1380
1380
1380
1380
1381
1381
1381
1382
1383
1383
1383
1384
1386
1386
1386
1386
1386
1386
1387
1387
1387
1387
1387
1387
1387
1388
1393
1393
1393
1393
1393
1393
1393
1393
1393
1394
1395
1395
1395
1395
1395
1396
1396
1396
1396
1396
1396
1396
1396
1396
1396
1397
1397
1398
1398
1398
1398
1399
1399
1399
1400
1400
1400
1401
1402
1403
