1
1
1
1
1
1
1
1
1
1
1
1
1
3
3
3
3
3
3
3
4
4
4
4
4
4
4
6
6
6
6
6
6
6
6
6
7
7
7
7
7
7
7
7
7
9
9
9
9
9
9
9
9
9
9
9
11
11
11
11
11
11
11
11
11
11
11
12
12
12
12
12
12
12
12
12
12
12
12
12
13
13
13
13
13
13
13
13
13
13
13
13
13
14
14
14
14
14
14
14
14
14
14
14
14
14
15
15
15
15
15
15
15
15
15
15
15
15
15
16
16
16
16
16
16
16
16
16
16
16
16
16
18
18
18
18
18
18
18
18
18
18
18
18
18
18
18
19
19
19
19
19
19
19
19
19
19
19
19
19
19
19
20
20
20
20
20
20
20
20
20
20
20
20
20
20
20
27
27
27
27
27
28
30
30
30
30
30
30
30
30
32
32
32
32
32
34
34
34
34
34
34
35
36
36
36
36
37
37
37
37
38
40
40
40
40
40
40
41
41
41
41
41
41
42
43
43
43
43
43
43
43
43
43
44
44
44
44
44
44
45
50
50
50
50
50
50
50
51
51
51
51
51
54
54
54
54
54
54
54
55
63
63
64
64
64
64
64
64
65
65
65
65
65
65
65
66
68
68
69
69
69
69
69
69
69
70
70
70
70
71
71
71
71
71
71
71
71
71
71
71
72
74
74
74
74
74
75
75
76
76
76
76
76
76
76
76
76
76
76
76
77
78
78
78
78
79
79
79
79
79
79
79
80
80
80
80
80
81
81
82
83
83
83
83
83
83
83
83
83
83
83
83
83
84
84
84
84
85
85
85
85
85
85
85
85
85
86
86
86
86
86
86
86
87
87
87
87
88
88
88
90
90
90
90
90
90
90
90
90
90
91
91
91
91
91
91
91
91
91
92
92
93
94
94
94
94
94
94
94
95
95
95
95
95
95
95
96
96
96
96
96
96
96
96
96
96
96
97
98
98
98
98
98
98
98
99
99
99
99
99
99
99
99
99
100
100
100
100
100
101
101
101
101
101
101
101
102
103
106
106
106
106
106
106
106
106
106
106
106
106
106
106
106
106
107
107
108
108
108
108
108
108
108
108
108
108
108
109
109
109
109
109
109
109
110
110
110
110
110
110
110
110
111
114
114
114
114
114
115
115
115
115
115
115
116
117
119
119
120
120
120
120
120
120
120
120
120
120
120
120
120
120
120
121
122
122
122
122
122
122
122
122
122
122
122
123
126
126
126
126
126
127
127
128
128
128
128
128
128
128
128
128
128
128
128
128
129
129
129
129
129
129
129
129
130
131
131
131
131
132
132
132
132
132
132
132
133
133
133
133
133
134
134
135
137
137
137
137
137
137
137
137
137
137
137
137
137
137
137
137
137
137
137
137
137
137
137
137
137
138
138
138
138
138
138
138
139
140
140
140
140
141
141
141
141
141
141
141
141
141
142
142
142
142
142
142
142
143
143
143
143
144
144
144
146
146
146
146
146
146
146
146
146
146
147
147
147
147
147
147
147
147
147
148
148
149
150
150
150
150
150
150
150
151
151
151
151
151
151
151
152
152
152
152
152
152
152
153
153
153
153
153
153
153
153
153
153
153
153
153
154
154
154
154
154
154
154
154
154
154
155
156
156
156
156
156
156
156
157
157
157
157
157
157
157
158
158
158
158
158
158
158
158
158
158
158
159
159
159
159
159
159
159
159
160
160
160
160
160
161
161
161
161
161
161
161
162
163
164
164
164
164
164
164
164
165
165
165
165
165
165
165
165
165
165
165
166
168
168
169
169
169
169
169
169
169
169
169
169
169
170
170
170
170
170
170
170
171
171
171
171
171
171
171
171
172
174
174
174
174
174
175
175
175
175
175
175
176
177
179
179
179
179
179
180
180
181
181
181
181
181
181
181
181
181
181
181
181
181
182
182
182
182
182
182
182
182
182
183
183
184
185
185
185
185
186
186
186
186
186
186
186
187
187
187
187
187
188
188
189
191
191
191
191
191
191
191
191
191
191
191
191
191
191
191
191
191
191
191
191
191
191
191
191
191
192
192
192
192
192
192
192
193
194
194
194
194
195
195
195
195
195
195
195
195
195
196
196
196
196
196
196
196
197
197
197
197
198
198
198
199
199
199
199
199
199
199
200
200
200
200
200
200
200
201
201
201
201
201
201
201
202
202
202
202
202
202
202
202
202
202
202
202
202
203
203
203
203
203
203
203
203
203
203
204
205
205
205
205
205
205
205
206
206
206
206
206
206
206
207
207
207
207
207
207
207
207
207
207
207
208
208
208
208
208
208
208
208
209
209
209
209
209
210
210
210
210
210
210
210
211
212
214
214
214
214
214
214
214
215
215
215
215
215
215
215
215
215
215
215
215
215
215
215
216
216
216
216
216
216
216
216
216
217
217
217
218
218
218
218
218
218
218
218
218
218
218
218
218
219
220
222
222
223
223
223
223
223
223
223
223
223
223
223
223
223
224
224
224
224
224
224
224
225
225
225
225
225
225
225
225
226
228
228
228
228
228
229
229
229
229
229
229
230
231
233
233
233
233
233
233
233
233
233
234
237
237
237
237
237
237
237
238
238
238
238
238
238
238
239
239
239
239
239
239
240
241
241
241
241
241
241
241
242
242
242
242
242
242
242
242
242
242
243
244
244
244
244
244
244
244
244
244
245
247
247
247
247
247
247
247
247
247
247
247
247
248
249
249
249
249
249
249
251
251
251
251
251
251
251
252
254
254
254
254
254
254
254
254
254
254
254
254
255
258
258
258
258
258
258
258
258
258
258
258
260
260
260
260
260
260
260
260
260
261
261
261
261
261
261
261
262
263
264
264
264
264
264
264
265
265
265
265
265
265
265
265
265
269
269
269
269
269
269
269
269
269
269
269
269
269
269
269
270
270
271
271
271
271
271
271
271
271
271
271
271
272
272
272
272
272
272
272
273
273
273
273
273
273
273
273
273
274
275
276
278
278
278
278
278
279
280
280
280
280
280
280
280
280
280
281
281
281
281
281
281
281
282
282
282
283
284
284
284
284
284
284
284
284
284
285
285
285
285
285
285
285
285
285
285
285
285
285
286
286
286
286
286
286
286
286
286
286
286
287
288
288
288
288
288
288
288
288
288
288
288
288
288
289
292
292
292
292
292
292
292
292
292
292
293
294
294
294
294
294
294
294
294
294
294
294
295
295
295
295
295
295
296
296
296
296
296
296
296
296
296
296
296
296
296
296
296
296
297
300
300
300
300
300
300
300
300
300
300
301
301
301
301
301
301
301
301
302
303
303
303
303
303
303
303
303
304
304
304
304
304
304
304
304
304
304
304
304
304
304
304
304
304
304
304
304
305
305
305
305
305
305
305
305
305
305
308
308
308
308
308
308
308
308
308
308
308
308
308
308
308
309
309
309
309
309
309
309
310
310
310
310
310
310
310
310
310
310
310
310
310
310
310
311
313
313
314
314
314
314
314
314
314
314
314
314
314
315
315
315
315
315
315
315
316
316
316
316
316
316
316
316
317
318
320
320
320
320
320
320
320
321
321
322
323
323
323
323
323
323
323
323
323
323
325
325
325
325
325
325
325
326
326
326
327
329
329
329
329
329
329
329
330
331
331
331
331
331
331
331
331
331
331
331
331
331
331
332
333
333
333
333
333
333
334
336
336
336
336
336
336
336
336
336
336
336
337
337
337
337
337
337
337
338
338
338
338
338
338
339
340
340
340
340
340
340
340
340
340
341
341
341
341
341
341
341
342
342
342
342
342
342
342
342
342
342
342
342
342
342
342
342
343
344
344
344
344
344
344
344
344
344
344
344
345
346
347
