1
1
1
1
1
1
1
1
1
1
1
1
1
3
3
3
3
3
3
3
5
5
5
5
5
5
5
5
5
5
5
6
6
6
6
6
6
6
6
6
6
6
7
7
7
7
7
7
7
7
7
7
7
7
7
8
8
8
8
8
8
8
8
8
8
8
8
8
8
8
9
9
9
9
9
9
9
9
9
9
9
9
9
18
18
18
19
19
20
21
21
21
21
21
21
21
21
28
28
28
28
28
34
34
34
34
34
36
36
36
36
36
44
44
44
44
44
44
44
44
44
45
46
46
46
46
46
47
47
47
47
48
48
48
48
48
48
48
48
49
49
49
49
49
49
49
49
50
52
52
52
52
52
52
52
52
52
53
54
54
54
54
54
55
55
55
55
56
56
56
56
56
56
56
56
57
57
57
57
57
57
57
57
57
58
66
66
67
67
67
67
67
67
67
67
67
67
67
67
67
67
70
70
70
70
70
70
70
71
73
73
74
74
74
74
74
74
74
74
74
74
75
75
75
76
76
77
78
78
78
78
78
78
78
78
78
78
78
78
79
87
87
88
88
88
88
88
88
88
88
88
88
89
89
90
91
91
91
91
91
91
91
91
91
91
91
91
91
92
92
92
92
92
92
92
92
92
92
93
93
93
93
93
93
93
93
93
93
93
94
94
94
95
96
96
96
96
96
96
96
96
96
96
97
99
99
99
99
99
100
100
101
101
101
101
101
101
101
101
101
101
102
102
102
102
102
103
104
104
104
104
104
104
104
104
104
104
104
104
104
105
105
105
105
105
105
105
105
105
105
105
106
106
106
107
108
108
108
108
108
108
108
108
108
108
108
108
108
108
108
108
108
108
108
108
109
111
111
112
112
112
112
112
112
112
112
112
112
113
113
113
114
114
115
116
116
116
116
116
116
116
116
116
116
116
116
117
125
125
125
125
125
125
125
125
125
125
126
127
127
127
127
127
127
127
127
127
127
128
128
128
128
128
129
129
129
129
129
129
129
129
129
129
129
129
130
131
131
131
131
131
131
132
133
134
