17
17
17
17
17
17
17
17
17
17
17
17
17
17
17
19
19
19
19
19
19
19
21
21
21
21
21
21
21
21
21
21
21
22
22
22
22
22
22
22
22
22
22
22
22
22
23
23
23
23
23
23
23
23
23
23
23
23
23
23
23
24
24
24
24
24
24
24
24
24
24
24
24
24
24
24
24
24
25
25
25
25
25
25
25
25
25
25
25
25
25
25
25
25
25
32
32
32
32
32
32
33
33
33
33
33
33
33
33
33
35
35
35
35
35
36
36
36
36
36
44
44
44
44
44
44
44
44
44
44
44
44
44
44
44
44
45
45
45
45
45
45
45
46
46
46
46
46
46
47
47
47
47
47
47
48
56
56
56
56
56
56
56
56
56
56
56
56
56
56
56
56
57
57
57
57
57
58
58
58
58
58
58
59
59
59
59
59
59
60
62
62
63
63
63
63
63
63
64
64
64
64
64
64
64
64
64
65
67
67
68
68
68
68
68
68
69
69
69
70
72
72
73
73
73
73
73
73
74
74
74
75
77
77
78
78
78
78
78
78
79
79
79
80
82
82
83
83
83
83
83
83
84
84
84
85
87
87
88
88
88
88
88
88
89
89
89
90
92
92
93
93
93
93
93
93
94
94
94
95
97
97
98
98
98
98
98
98
99
99
99
99
99
99
99
99
99
99
99
99
99
100
102
102
103
103
103
103
103
103
103
103
103
104
104
104
104
104
104
104
105
105
105
106
108
108
108
108
108
108
108
108
108
108
109
109
109
110
112
112
112
112
112
112
112
112
112
113
113
113
113
113
113
113
113
113
113
113
113
113
113
113
113
113
113
113
113
113
113
113
113
114
114
114
115
117
117
117
117
117
117
117
117
117
117
117
117
118
118
118
118
118
118
118
118
118
118
118
118
118
118
118
118
119
119
119
119
119
119
119
119
119
119
119
120
122
122
123
123
123
123
123
123
124
124
124
124
124
124
124
124
124
124
124
124
124
125
133
133
133
133
133
133
133
133
133
133
133
133
133
133
134
134
134
134
134
134
134
134
134
134
134
134
134
134
134
134
135
136
137
