17
17
17
17
17
17
17
17
17
17
17
17
17
17
17
19
19
19
19
19
19
19
19
19
19
19
19
19
20
20
20
20
20
20
20
20
20
20
20
20
20
20
20
21
21
21
21
21
21
21
21
21
21
21
21
21
21
21
27
27
27
27
27
27
29
29
29
29
29
29
29
29
29
35
35
35
35
35
35
35
35
36
36
36
36
36
37
39
39
40
40
40
40
40
40
41
41
41
41
41
41
41
41
41
42
44
44
45
45
45
45
45
45
46
46
46
47
49
49
50
50
50
50
50
50
51
51
51
52
54
54
55
55
55
55
55
55
56
56
56
57
59
59
60
60
60
60
60
60
61
61
61
61
61
61
61
61
61
61
61
61
61
61
61
61
61
61
62
64
64
65
65
65
65
65
65
66
66
66
66
66
67
69
69
70
70
70
70
70
70
71
71
71
72
80
80
81
81
81
81
81
81
81
81
81
82
82
82
82
83
83
83
84
86
86
87
87
87
87
87
87
88
88
88
88
88
88
88
88
88
89
89
89
89
89
89
89
90
90
90
90
90
90
90
90
90
90
90
91
91
91
91
91
91
91
91
91
92
92
92
92
92
92
92
92
92
92
92
92
92
92
92
92
92
93
93
93
93
93
93
93
94
95
96
96
96
96
96
96
96
97
97
97
97
97
97
97
98
100
100
101
101
101
101
101
101
102
102
102
103
105
105
106
106
106
106
106
106
106
106
106
107
107
107
107
107
108
110
110
111
111
111
111
111
111
111
111
111
112
112
112
113
115
115
116
116
116
116
117
117
117
117
118
118
118
118
118
120
120
120
121
122
123
