17
17
17
17
17
17
17
17
17
17
17
17
17
19
19
19
19
19
19
19
19
19
19
19
19
19
20
20
20
20
20
20
20
20
20
20
20
20
20
20
20
24
24
24
24
24
24
26
26
26
26
26
33
33
33
33
33
33
33
33
33
33
33
33
33
33
34
34
34
34
34
35
35
35
35
35
35
36
42
42
42
42
42
42
43
43
43
44
46
46
47
47
47
47
47
47
48
48
48
48
48
48
48
48
48
48
49
51
51
52
52
52
52
52
52
53
53
53
53
53
53
53
53
53
54
54
54
54
54
54
54
54
54
54
55
55
55
55
55
55
55
56
56
56
56
56
56
56
56
56
56
56
56
56
56
56
56
56
57
57
57
57
57
57
57
57
57
58
58
58
58
58
58
58
59
60
60
60
60
60
60
60
60
60
60
61
62
63
63
63
63
63
63
63
64
66
66
67
67
67
67
67
67
67
67
67
69
69
69
70
70
70
70
70
70
70
71
71
71
71
71
71
71
71
71
71
71
71
72
73
73
74
74
74
74
74
74
74
74
75
76
76
76
76
76
76
77
79
79
80
80
80
80
80
80
80
80
80
82
82
82
83
83
83
83
83
83
83
84
84
84
84
84
84
84
84
84
84
84
84
85
86
86
87
87
87
87
87
87
87
87
88
89
89
89
89
89
89
90
91
92
