17
17
17
17
17
17
17
17
17
17
17
17
17
17
17
19
19
19
19
19
19
19
19
19
19
19
20
20
20
20
20
20
20
20
20
20
20
21
21
21
21
21
21
21
21
21
21
21
22
22
22
22
22
22
22
22
22
22
22
23
23
23
23
23
23
23
23
23
23
23
23
23
24
24
24
24
24
24
24
24
24
24
24
24
24
24
24
25
25
25
25
25
25
25
25
25
25
25
25
25
31
31
31
31
31
31
31
32
32
32
32
32
32
32
32
32
32
35
35
35
35
35
35
38
38
38
38
45
45
45
45
45
45
45
46
46
46
46
46
47
53
53
53
53
53
53
54
54
54
55
61
61
61
61
61
61
61
61
62
62
62
62
62
62
62
63
63
63
63
64
64
64
64
64
65
66
72
72
72
72
72
72
73
73
73
73
73
73
73
74
74
74
74
74
74
74
74
74
74
75
76
76
76
77
79
79
79
79
79
79
80
80
80
80
80
80
80
80
80
80
80
81
87
87
87
87
87
87
87
93
93
93
93
93
93
93
93
93
99
99
99
99
99
99
99
105
105
105
105
105
105
105
105
105
111
111
111
111
111
111
111
113
113
113
113
113
113
114
114
114
114
114
114
114
114
115
115
115
116
118
118
118
118
118
118
118
119
121
121
121
121
121
121
121
121
121
121
121
123
123
123
123
123
123
125
125
125
125
125
125
126
126
126
126
126
126
126
127
127
127
127
127
127
127
127
127
127
127
127
127
127
128
128
128
128
128
128
128
128
128
128
128
128
129
130
130
130
131
133
133
133
133
133
133
134
134
134
134
134
134
134
135
135
135
135
135
135
135
135
135
135
135
135
136
138
138
138
138
138
138
139
139
139
139
139
139
139
140
140
140
140
140
140
140
140
140
140
140
140
140
140
140
140
140
140
140
140
141
148
148
148
148
148
148
149
149
149
149
149
149
149
150
150
150
150
150
150
150
150
150
150
150
150
150
150
151
158
158
158
158
158
158
159
159
159
159
159
160
160
160
160
160
160
160
160
160
161
161
161
161
162
162
162
162
162
163
165
165
165
165
165
165
165
165
166
166
166
166
166
166
166
166
166
167
167
167
167
167
167
167
167
168
168
168
168
168
168
168
168
168
168
168
168
168
169
169
169
170
170
170
170
171
171
172
172
173
173
173
173
174
174
174
174
175
175
175
176
176
176
176
176
176
177
177
177
177
177
177
177
178
178
178
178
178
178
178
178
179
180
181
181
181
182
184
184
184
184
184
184
184
184
184
184
184
186
186
186
186
186
186
186
186
186
186
186
186
186
187
187
187
187
187
188
189
189
189
189
189
190
190
190
191
193
193
193
193
194
194
194
195
195
195
196
196
196
197
197
197
197
198
198
198
198
198
198
198
198
198
198
199
199
199
199
199
199
199
200
200
200
200
200
200
200
200
200
200
200
201
202
202
202
202
202
202
202
203
203
203
203
203
203
203
203
203
203
204
206
206
206
206
207
207
207
208
208
208
209
209
209
209
210
210
210
210
210
210
210
210
210
210
211
211
211
211
211
211
211
212
212
212
212
212
212
212
212
212
212
212
213
214
214
214
214
214
214
214
215
215
215
215
215
215
215
215
216
218
218
218
218
218
218
219
219
219
219
219
219
219
219
219
219
219
219
219
220
222
222
222
222
222
222
222
222
223
223
223
223
223
223
223
224
224
224
225
227
227
227
227
227
227
227
227
227
227
228
228
228
229
231
231
231
231
231
231
231
231
232
232
232
232
232
232
232
232
232
232
232
232
232
232
232
232
232
232
232
232
232
232
232
232
232
233
233
233
234
236
236
236
236
236
236
236
236
236
236
236
237
237
237
237
237
237
237
237
237
237
237
237
237
237
237
237
238
238
238
239
241
241
241
241
241
241
241
241
241
241
241
241
241
242
242
242
242
242
242
242
242
242
242
242
242
242
242
242
242
242
243
243
243
243
243
244
246
246
246
246
247
247
247
248
248
248
248
249
249
249
249
249
249
249
249
249
249
249
249
250
252
253
