17
17
17
17
17
17
17
17
17
17
17
17
17
19
19
19
19
19
19
19
21
21
21
21
21
21
21
21
21
21
21
22
22
22
22
22
22
22
22
22
22
22
23
23
23
23
23
23
23
23
23
23
23
23
23
29
29
29
29
29
29
31
31
31
31
31
31
31
31
36
36
36
36
36
36
37
37
37
37
37
43
43
43
43
43
43
43
43
44
44
44
44
44
44
45
52
52
52
52
52
52
53
53
53
54
55
62
62
62
62
62
62
62
62
62
62
63
63
63
63
63
63
63
64
66
66
67
67
67
67
67
67
67
67
67
67
67
67
68
68
68
68
68
69
69
69
69
69
69
69
70
70
70
70
70
70
70
70
70
70
70
70
70
70
71
71
71
71
71
71
71
72
72
72
72
72
72
72
72
72
72
73
73
73
73
73
73
73
73
73
73
73
73
73
73
74
74
74
74
74
74
74
74
74
75
76
76
76
76
76
76
76
76
77
81
81
81
81
81
81
81
82
83
83
83
84
86
86
87
87
87
87
87
87
87
87
87
87
87
87
88
88
88
88
88
89
89
89
89
89
89
89
89
89
89
90
92
92
93
93
93
93
93
93
94
94
94
95
97
98
