18
18
18
18
18
18
18
18
18
18
18
20
20
20
20
20
20
20
21
21
21
21
21
21
21
22
22
22
22
22
22
22
24
24
24
24
24
24
24
24
24
24
24
25
25
25
25
25
25
25
25
25
25
25
25
25
41
41
41
41
41
41
41
43
43
43
43
43
43
43
43
45
45
45
45
45
45
45
45
47
47
47
47
47
47
47
47
49
49
49
49
49
49
49
49
51
51
51
51
51
51
51
51
53
53
53
53
53
53
53
54
54
54
54
54
55
55
55
55
55
61
61
61
61
61
63
63
63
63
63
63
63
63
64
64
64
64
64
64
64
64
64
64
64
64
65
65
65
65
65
65
65
65
65
65
65
65
66
75
75
75
75
75
75
75
75
75
75
76
76
76
76
77
77
77
77
77
77
79
79
79
79
79
79
79
81
81
81
81
81
81
81
81
81
81
81
81
81
81
82
82
82
82
82
82
82
82
82
82
82
82
82
82
82
84
84
84
85
93
93
93
93
93
93
93
93
93
93
93
94
94
94
94
94
94
94
95
104
104
104
104
104
104
104
104
104
104
104
104
104
104
104
105
105
105
105
105
105
105
106
106
106
106
106
106
106
107
107
107
107
107
107
107
108
110
111
