18
18
18
18
18
18
18
18
18
18
18
20
20
20
20
20
20
20
21
21
21
21
21
21
21
22
22
22
22
22
22
22
24
24
24
24
24
24
24
24
24
24
24
24
24
33
33
33
33
33
33
34
35
35
35
35
35
35
35
35
36
36
36
36
36
36
36
36
43
43
43
43
43
43
43
44
45
45
45
45
45
46
54
54
55
55
55
55
55
55
55
55
56
56
56
56
56
56
56
56
56
57
57
57
58
58
58
58
58
59
59
59
59
59
60
60
60
60
60
60
60
60
60
60
60
60
60
60
61
62
62
62
62
62
62
62
62
62
63
63
63
63
63
63
63
63
63
63
63
63
63
63
63
63
64
65
65
65
65
65
65
66
66
66
66
66
66
66
66
66
66
67
68
69
69
69
69
69
69
69
69
69
69
70
70
70
70
70
70
70
70
70
71
71
71
72
73
73
73
74
75
76
