17
17
17
17
17
17
17
17
17
17
17
19
19
19
19
19
19
19
20
20
20
20
20
20
20
21
21
21
21
21
21
21
22
22
22
22
22
22
22
23
23
23
23
23
23
23
24
24
24
24
24
24
24
25
25
25
25
25
25
25
26
26
26
26
26
26
26
27
27
27
27
27
27
27
28
28
28
28
28
28
28
29
29
29
29
29
29
29
30
30
30
30
30
30
30
31
31
31
31
31
31
31
32
32
32
32
32
32
32
33
33
33
33
33
33
33
34
34
34
34
34
34
34
35
35
35
35
35
35
35
36
36
36
36
36
36
36
37
37
37
37
37
37
37
38
38
38
38
38
38
38
39
39
39
39
39
39
39
40
40
40
40
40
40
40
41
41
41
41
41
41
41
42
42
42
42
42
42
42
43
43
43
43
43
43
43
44
44
44
44
44
44
44
45
45
45
45
45
45
45
46
46
46
46
46
46
46
47
47
47
47
47
47
47
47
47
49
49
49
49
49
49
49
49
49
49
49
50
50
50
50
50
50
50
50
50
50
50
50
50
50
50
51
51
51
51
51
51
51
51
51
51
51
51
51
51
51
52
52
52
52
52
52
52
52
52
52
52
52
52
52
52
53
53
53
53
53
53
53
53
53
53
53
53
53
54
54
54
54
54
54
54
54
54
54
54
54
54
55
55
55
55
55
55
55
55
55
55
55
55
55
56
56
56
56
56
56
56
56
56
56
56
56
56
57
57
57
57
57
57
57
57
57
57
57
57
57
58
58
58
58
58
58
58
58
58
58
58
58
58
59
59
59
59
59
59
59
59
59
59
59
59
59
60
60
60
60
60
60
60
60
60
60
60
60
60
61
61
61
61
61
61
61
61
61
61
61
61
61
244
244
244
244
244
244
244
244
247
247
247
247
247
247
247
249
249
249
249
249
250
250
250
250
250
251
251
251
251
251
253
253
253
253
253
253
253
253
253
253
254
254
254
254
255
255
255
255
256
256
256
256
258
258
258
258
258
258
258
258
258
258
258
258
258
258
258
258
258
259
259
259
259
259
259
259
259
259
259
260
260
260
260
260
260
261
261
261
261
261
261
261
261
261
261
262
262
262
262
262
262
262
262
262
262
262
262
263
265
265
266
266
266
266
266
266
266
266
266
267
267
267
267
267
267
267
267
267
267
267
267
267
267
267
267
267
267
267
267
267
268
270
270
271
271
271
271
271
271
271
271
271
271
271
271
271
271
271
271
271
272
272
272
272
272
272
272
272
272
272
273
273
273
273
273
273
273
273
273
274
274
275
275
275
275
275
275
276
276
276
277
277
277
277
277
277
277
277
278
278
278
279
279
279
279
279
279
279
279
280
280
280
282
283
283
283
283
284
285
287
287
287
287
287
287
287
287
287
288
288
288
288
288
288
289
289
290
290
290
290
290
290
290
291
291
291
291
291
291
292
292
292
293
294
294
294
294
294
294
294
294
296
296
296
297
297
297
297
297
297
297
298
299
299
299
299
299
299
299
299
299
299
299
299
299
299
299
300
302
309
309
309
309
310
310
310
310
310
310
310
310
310
311
318
318
318
318
318
318
318
319
319
319
319
319
321
321
321
321
321
321
321
321
322
322
322
322
322
322
323
325
325
326
326
326
326
326
326
326
326
326
326
326
327
327
327
327
327
328
328
328
328
328
328
328
328
328
328
328
330
330
330
330
330
330
330
330
330
331
331
331
331
331
331
331
331
331
331
331
331
332
332
332
332
332
332
332
332
332
332
333
333
333
333
333
333
333
333
334
335
336
336
336
337
338
340
340
340
340
340
342
342
342
342
342
344
344
345
345
345
345
345
345
345
345
345
345
345
345
345
346
346
346
346
346
347
347
347
347
347
347
347
348
348
348
348
348
348
348
349
349
350
350
350
350
350
350
350
351
351
351
351
351
351
351
351
353
353
353
354
354
355
355
355
355
355
355
356
356
356
356
356
356
356
356
358
359
360
361
361
361
361
362
364
372
372
372
372
372
372
372
372
380
380
380
380
380
380
380
380
392
392
392
392
392
392
392
392
407
407
407
407
407
407
407
407
413
413
413
413
413
413
413
413
419
419
419
419
419
419
419
419
425
425
425
425
425
425
425
425
431
431
431
431
431
431
431
431
434
434
434
434
434
434
434
434
434
434
434
434
436
436
437
437
437
437
437
437
437
437
437
437
437
437
437
437
437
438
440
440
440
440
440
440
440
441
441
441
441
441
442
457
457
457
457
457
457
457
457
457
458
458
458
458
458
458
458
458
458
458
458
458
458
459
459
459
459
459
459
459
459
459
459
460
460
460
460
460
460
460
460
460
461
461
461
461
461
463
463
463
463
463
463
463
463
463
463
463
463
463
463
463
463
463
463
463
464
464
464
464
464
464
464
464
464
464
464
465
465
465
465
465
465
465
466
466
466
466
466
467
467
467
467
467
467
467
468
468
468
468
469
469
469
471
471
471
471
472
473
473
473
474
474
474
474
474
475
475
475
475
475
475
475
476
477
477
477
477
477
477
477
478
479
480
480
480
480
480
481
481
481
481
481
481
481
482
483
485
485
485
486
488
488
488
488
489
489
489
489
491
491
491
491
492
492
492
492
493
493
493
493
493
494
494
494
494
495
495
495
495
496
496
496
496
499
499
499
499
502
502
502
502
503
503
503
503
504
504
504
504
504
505
505
505
505
506
506
506
506
506
507
507
507
507
508
508
508
508
508
509
509
509
509
511
511
511
511
513
513
513
513
515
515
515
515
517
517
517
517
519
519
519
519
521
521
521
521
523
523
523
523
525
525
525
525
529
529
529
529
533
533
533
533
536
536
536
536
538
538
538
538
541
541
541
541
544
544
544
544
544
544
544
544
548
548
548
548
548
548
548
548
548
548
548
551
551
551
551
551
551
556
556
556
556
556
556
556
556
556
556
559
559
559
559
562
562
562
562
562
562
562
562
562
562
562
562
564
564
564
564
564
564
564
564
564
564
564
564
564
564
564
564
564
564
580
580
580
580
580
581
581
581
581
582
582
582
582
582
582
582
582
582
582
583
583
583
583
584
584
584
584
584
584
584
585
585
585
585
586
586
586
586
587
587
587
587
588
588
588
588
588
588
588
589
589
589
589
590
592
592
593
593
593
593
593
593
593
593
594
594
594
594
594
595
602
602
603
603
603
603
603
603
603
603
603
603
603
604
604
604
604
604
604
604
605
605
605
605
608
608
608
608
608
609
609
609
609
609
609
609
609
609
609
609
609
609
609
609
610
610
610
610
610
610
611
611
611
611
611
611
611
611
611
611
611
611
612
613
613
613
613
613
614
614
614
614
614
614
614
614
614
614
614
614
614
614
614
614
615
615
615
615
615
615
615
615
615
615
615
615
615
615
615
615
616
618
618
618
618
618
618
619
619
619
619
619
619
619
620
620
620
620
621
621
621
621
622
623
637
637
637
637
637
637
637
637
637
637
637
637
637
637
637
638
638
638
638
638
638
638
638
638
638
638
638
639
653
653
654
654
654
654
654
654
654
654
654
654
654
654
654
654
654
655
655
655
655
655
655
655
655
655
655
655
655
655
656
670
670
670
670
670
670
670
670
670
670
670
670
670
670
670
671
671
671
671
671
671
671
671
671
671
671
672
672
672
673
675
675
675
675
675
675
675
675
675
675
677
677
677
677
679
679
679
679
679
679
679
679
679
679
679
680
680
680
680
680
680
680
683
683
683
683
683
683
683
683
683
683
683
683
683
683
683
683
683
683
683
683
683
683
691
691
691
691
691
692
692
692
692
692
692
692
692
692
692
692
692
692
692
692
692
692
692
692
692
692
692
693
693
693
694
695
695
695
695
695
695
695
695
695
695
695
695
695
695
695
695
695
695
695
695
695
695
695
695
696
696
696
697
699
699
699
699
699
699
699
699
699
699
699
699
699
699
699
700
700
700
701
703
703
703
703
703
703
703
703
703
703
703
703
703
703
703
703
704
704
704
705
711
711
711
711
711
711
711
712
712
712
712
712
712
712
713
714
714
714
714
714
714
714
714
717
717
717
717
717
717
717
718
718
718
718
718
718
718
719
720
720
720
720
720
720
720
721
721
721
721
721
721
721
722
723
723
723
723
723
723
723
724
724
724
724
724
724
724
725
726
727
727
727
736
736
736
736
736
736
736
736
736
736
737
737
737
737
737
737
737
737
737
737
737
737
737
738
738
738
738
738
738
738
738
738
738
739
739
739
740
740
740
740
740
741
741
741
742
744
744
744
744
744
744
744
744
744
744
744
745
745
745
746
747
747
747
747
747
747
747
747
747
747
748
750
750
750
750
750
750
750
750
751
751
751
751
751
751
751
752
752
752
752
752
752
752
753
754
754
754
754
754
754
754
755
755
755
755
755
755
755
756
757
757
757
757
757
757
757
758
758
758
758
758
758
758
758
758
758
758
758
758
759
765
765
765
765
765
765
765
766
766
766
766
766
766
766
767
769
769
769
769
769
769
769
769
769
769
769
769
769
769
769
770
770
770
770
770
770
770
770
770
770
770
770
770
770
770
771
771
771
771
771
771
772
772
772
773
775
775
775
775
775
775
775
775
775
775
775
775
775
775
775
775
776
776
776
776
776
776
777
777
777
778
779
781
781
781
781
781
781
781
781
781
781
781
783
783
783
783
783
783
783
783
783
783
785
785
785
785
785
785
787
787
787
787
788
788
788
788
788
788
788
788
788
788
788
788
788
788
788
788
788
788
788
789
791
791
791
792
794
794
794
794
794
794
794
794
794
794
795
795
795
795
795
795
795
795
795
795
795
795
795
795
795
795
795
795
795
795
795
795
795
795
795
795
795
797
797
797
797
797
797
797
797
797
797
797
798
798
798
798
798
798
798
798
798
798
798
799
799
799
799
799
799
799
799
799
799
799
800
800
800
800
800
800
800
800
800
800
800
800
800
800
800
800
800
802
802
802
802
802
802
802
802
802
802
802
802
802
802
802
802
802
802
802
802
802
803
803
803
803
803
803
803
803
803
804
806
806
806
806
807
807
808
808
808
808
808
808
808
808
808
808
808
808
808
808
808
808
808
808
808
808
808
808
809
809
809
809
809
809
809
809
810
810
810
810
810
810
810
810
810
811
814
814
814
814
814
814
814
814
814
814
814
814
815
815
815
815
815
815
816
823
823
823
823
823
823
823
823
823
823
823
824
824
824
824
824
824
824
824
824
824
824
825
825
825
825
825
825
825
825
825
825
826
826
826
826
826
826
826
826
826
827
829
829
829
831
831
831
831
831
831
831
831
831
831
831
831
831
831
831
831
831
831
831
831
831
831
831
831
831
831
831
831
831
831
831
831
831
831
831
831
831
831
831
833
833
834
834
834
834
834
834
834
834
834
834
834
834
834
834
834
834
835
835
835
835
835
835
835
835
835
835
835
835
835
835
835
835
836
836
836
836
836
836
836
836
836
836
836
837
837
837
837
837
837
837
837
838
838
838
838
838
838
838
838
838
839
841
841
841
841
841
841
841
843
843
843
843
843
843
843
844
844
845
845
845
845
845
845
845
845
845
845
845
846
846
846
846
846
846
846
846
846
846
846
847
847
847
847
847
847
847
847
847
847
847
847
847
847
847
847
847
848
848
848
848
849
850
850
850
850
850
850
850
850
851
851
851
851
851
851
851
851
851
852
853
854
854
854
854
854
854
854
854
854
855
855
855
855
856
856
856
857
857
857
857
857
857
857
857
857
857
857
857
858
859
859
859
859
859
859
860
860
860
860
860
860
861
871
871
871
871
871
871
871
871
871
871
871
871
871
871
871
871
871
871
871
872
872
872
872
872
872
872
872
872
872
872
874
874
874
874
874
874
874
875
875
875
876
878
878
878
878
878
879
879
879
879
879
880
880
881
881
882
882
882
882
882
882
882
883
883
883
883
883
883
883
883
883
883
883
883
883
883
883
884
884
884
885
885
885
885
885
885
885
885
885
885
885
886
888
888
888
888
888
888
888
888
888
888
889
889
889
889
889
889
889
889
889
889
889
889
890
893
893
893
893
893
893
893
893
893
893
893
893
893
893
893
893
893
893
893
893
893
893
893
893
894
894
894
895
895
895
895
895
895
895
896
898
898
898
898
898
899
899
899
900
900
900
900
900
900
900
901
901
901
901
901
901
901
902
902
902
902
902
902
902
902
903
904
905
914
914
914
914
914
914
914
914
914
914
914
914
914
914
914
915
915
915
915
915
915
915
915
915
915
915
917
917
917
917
917
917
917
918
918
918
919
921
921
921
921
922
922
922
922
922
922
922
930
930
930
930
930
930
930
930
930
930
930
930
930
930
930
931
931
931
932
932
932
932
932
932
932
932
933
934
934
934
934
934
934
934
934
934
934
934
934
934
934
934
934
934
934
934
935
945
945
945
945
945
945
945
945
945
945
945
945
945
945
945
945
945
945
945
946
946
946
946
946
946
946
946
946
946
946
948
948
948
948
948
948
948
949
949
949
950
952
952
952
952
954
954
954
954
954
954
954
955
955
955
955
955
955
955
955
955
955
955
955
955
955
955
956
956
956
957
957
957
957
957
957
957
957
957
957
957
958
960
960
960
960
960
961
961
961
961
961
961
961
961
961
961
962
962
962
962
962
962
962
962
962
962
962
962
963
966
966
967
967
967
967
967
967
967
967
967
967
967
967
967
967
967
967
967
967
967
967
967
967
967
967
968
968
968
968
968
968
969
969
969
969
969
969
972
972
972
972
972
973
973
973
973
973
973
973
973
974
974
974
974
974
974
974
975
975
975
975
975
975
975
976
976
976
977
977
977
978
978
978
978
978
978
978
979
979
979
979
979
979
979
979
980
981
982
991
991
991
991
991
991
991
991
991
991
991
991
991
991
991
992
992
992
992
992
992
992
992
992
992
992
994
994
994
994
994
994
994
995
995
995
996
998
998
998
998
999
999
999
999
999
999
999
1007
1007
1007
1007
1007
1007
1007
1007
1007
1007
1007
1007
1007
1007
1007
1008
1008
1008
1009
1009
1009
1009
1009
1009
1009
1009
1010
1011
1011
1011
1011
1011
1011
1011
1011
1011
1012
1023
1023
1023
1023
1023
1023
1023
1023
1024
1024
1024
1024
1024
1024
1024
1024
1024
1024
1025
1037
1037
1037
1037
1037
1037
1037
1037
1037
1037
1037
1038
1038
1038
1038
1038
1038
1038
1038
1038
1038
1038
1039
1052
1052
1052
1052
1052
1052
1052
1052
1052
1052
1052
1052
1052
1052
1052
1053
1053
1053
1053
1053
1053
1053
1053
1053
1053
1053
1053
1053
1054
1066
1066
1066
1066
1066
1066
1066
1066
1066
1066
1066
1067
1067
1067
1067
1067
1067
1067
1067
1067
1067
1067
1068
1081
1081
1081
1081
1081
1081
1081
1081
1081
1081
1081
1081
1081
1081
1081
1082
1082
1082
1082
1082
1082
1082
1082
1082
1082
1082
1082
1082
1083
1102
1102
1102
1102
1102
1102
1102
1102
1102
1102
1102
1102
1102
1102
1102
1103
1103
1103
1103
1103
1103
1103
1103
1103
1103
1103
1103
1104
1123
1123
1123
1123
1123
1123
1123
1123
1123
1123
1123
1124
1124
1124
1124
1124
1124
1124
1124
1124
1124
1125
1136
1136
1136
1136
1136
1136
1136
1136
1137
1137
1137
1137
1137
1137
1137
1137
1137
1137
1138
1150
1150
1150
1150
1150
1150
1150
1150
1150
1150
1150
1151
1151
1151
1151
1151
1151
1151
1151
1151
1151
1151
1152
1192
1192
1192
1192
1192
1192
1192
1192
1193
1193
1193
1193
1193
1193
1193
1193
1193
1193
1194
1203
1203
1204
1204
1204
1204
1204
1204
1204
1204
1204
1205
1205
1205
1205
1205
1205
1206
1209
1209
1209
1209
1209
1209
1209
1209
1209
1209
1213
1213
1213
1213
1213
1213
1213
1213
1213
1213
1213
1213
1213
1213
1213
1213
1213
1213
1213
1213
1213
1214
1214
1214
1214
1214
1214
1214
1217
1217
1217
1217
1217
1217
1217
1217
1217
1218
1218
1218
1218
1220
1220
1222
1222
1222
1222
1222
1222
1222
1222
1222
1222
1222
1222
1222
1222
1222
1222
1222
1222
1222
1223
1223
1223
1223
1223
1223
1223
1223
1223
1224
1224
1224
1224
1224
1224
1224
1224
1225
1225
1225
1230
1230
1230
1230
1230
1230
1230
1230
1230
1230
1231
1231
1231
1231
1231
1231
1231
1232
1232
1232
1232
1232
1232
1233
1233
1233
1233
1233
1233
1233
1233
1234
1234
1234
1234
1234
1234
1234
1235
1235
1235
1235
1235
1235
1235
1235
1235
1235
1235
1236
1236
1236
1236
1236
1236
1236
1237
1237
1237
1237
1238
1239
1240
1241
1241
1241
1241
1241
1241
1241
1242
1242
1242
1242
1242
1242
1242
1242
1242
1242
1242
1242
1242
1242
1242
1243
1243
1243
1244
1244
1244
1244
1244
1244
1244
1244
1244
1245
1246
1246
1246
1246
1247
1248
1249
1261
1261
1261
1261
1261
1261
1261
1261
1261
1261
1261
1262
1262
1262
1262
1262
1262
1262
1262
1262
1262
1262
1263
1270
1270
1271
1271
1271
1271
1271
1271
1271
1271
1272
1272
1272
1272
1272
1272
1273
1273
1273
1273
1274
1288
1288
1288
1288
1288
1288
1288
1288
1288
1288
1288
1288
1288
1288
1288
1289
1289
1289
1289
1289
1289
1289
1289
1289
1289
1289
1289
1289
1290
1305
1305
1305
1305
1305
1305
1305
1305
1305
1305
1305
1305
1305
1305
1305
1305
1305
1306
1306
1306
1306
1306
1306
1306
1306
1306
1306
1306
1306
1306
1306
1306
1306
1307
1307
1307
1307
1307
1308
1308
1308
1308
1308
1309
1310
1310
1310
1311
1318
1318
1318
1318
1318
1318
1319
1319
1319
1319
1320
1320
1320
1320
1321
1321
1321
1321
1321
1322
1332
1332
1332
1332
1332
1332
1333
1333
1333
1333
1336
1336
1336
1336
1337
1337
1337
1337
1337
1338
1354
1354
1354
1354
1354
1354
1354
1354
1354
1354
1354
1354
1354
1354
1354
1355
1355
1355
1355
1355
1355
1355
1355
1355
1355
1355
1355
1355
1355
1355
1356
1356
1356
1356
1357
1357
1357
1357
1358
1358
1358
1358
1358
1359
1359
1359
1360
1361
1361
1361
1362
1376
1376
1376
1376
1376
1376
1376
1376
1377
1377
1377
1377
1377
1377
1377
1377
1377
1377
1377
1378
1378
1378
1379
1381
1381
1381
1381
1382
1382
1382
1382
1382
1382
1382
1382
1382
1382
1384
1384
1384
1385
1406
1406
1406
1406
1406
1406
1406
1406
1407
1407
1407
1407
1407
1407
1407
1407
1407
1407
1408
1420
1420
1420
1420
1420
1420
1420
1420
1420
1420
1420
1421
1421
1421
1421
1421
1421
1421
1421
1421
1421
1421
1422
1422
1422
1422
1422
1422
1422
1423
1423
1423
1423
1423
1423
1424
1425
1425
1425
1426
1438
1438
1438
1438
1438
1438
1438
1438
1438
1438
1438
1438
1438
1439
1439
1439
1439
1439
1439
1439
1439
1440
1440
1440
1441
1442
1442
1442
1442
1442
1442
1442
1442
1442
1442
1442
1442
1442
1442
1442
1442
1442
1442
1442
1442
1442
1443
1443
1443
1443
1443
1443
1443
1444
1444
1444
1444
1444
1444
1444
1444
1444
1444
1445
1446
1446
1446
1447
1454
1454
1454
1454
1454
1455
1455
1455
1455
1455
1455
1455
1455
1455
1455
1455
1456
1456
1456
1456
1456
1456
1456
1457
1457
1457
1458
1460
1460
1460
1460
1460
1460
1460
1460
1460
1460
1460
1460
1460
1460
1461
1463
1463
1463
1464
1471
1471
1471
1471
1471
1471
1472
1472
1472
1473
1475
1475
1475
1475
1475
1475
1475
1475
1475
1476
1476
1476
1476
1476
1476
1476
1477
1477
1477
1477
1477
1477
1477
1477
1477
1478
1479
1479
1479
1479
1479
1479
1479
1480
1482
1482
1482
1482
1482
1482
1482
1482
1482
1483
1483
1483
1483
1483
1483
1483
1484
1484
1484
1484
1484
1484
1484
1484
1484
1485
1486
1486
1486
1486
1486
1486
1486
1487
1494
1494
1494
1494
1494
1494
1495
1495
1495
1496
1505
1505
1506
1506
1506
1506
1506
1506
1507
1507
1507
1507
1507
1507
1507
1507
1508
1516
1516
1516
1516
1516
1516
1517
1517
1517
1518
1530
1530
1531
1531
1531
1531
1531
1531
1532
1532
1532
1532
1532
1532
1532
1533
1544
1544
1544
1544
1544
1544
1545
1545
1545
1546
1554
1554
1554
1554
1554
1554
1555
1555
1555
1556
1574
1574
1575
1575
1575
1575
1575
1575
1575
1575
1576
1576
1576
1577
1584
1584
1584
1584
1584
1584
1585
1585
1585
1586
1598
1598
1598
1598
1598
1598
1599
1599
1599
1600
1603
1603
1603
1603
1603
1604
1604
1604
1605
1613
1613
1613
1613
1613
1614
1614
1614
1614
1614
1614
1614
1615
1615
1615
1616
1618
1618
1618
1618
1618
1619
1626
1626
1626
1626
1626
1626
1626
1626
1626
1627
1627
1627
1627
1627
1627
1627
1628
1628
1628
1628
1628
1628
1628
1629
1629
1629
1629
1629
1629
1629
1629
1629
1629
1629
1629
1629
1629
1629
1629
1630
1630
1630
1630
1630
1630
1630
1631
1631
1631
1631
1631
1631
1631
1632
1632
1632
1632
1632
1632
1632
1633
1634
1634
1634
1635
1637
1637
1637
1638
1645
1645
1645
1645
1645
1645
1646
1646
1646
1646
1646
1647
1658
1658
1658
1658
1658
1658
1658
1658
1658
1658
1658
1659
1659
1659
1659
1659
1659
1659
1659
1659
1659
1659
1659
1659
1661
1661
1661
1661
1661
1661
1661
1661
1661
1661
1661
1662
1663
1663
1663
1664
1674
1674
1674
1674
1674
1674
1675
1675
1675
1676
1683
1683
1683
1683
1683
1683
1684
1684
1684
1684
1684
1685
1694
1694
1694
1694
1694
1694
1695
1695
1695
1696
1704
1704
1704
1704
1704
1704
1705
1705
1705
1706
1715
1715
1715
1715
1715
1716
1716
1716
1716
1716
1716
1716
1717
1717
1717
1718
1719
1719
1719
1719
1719
1720
1727
1727
1727
1727
1727
1727
1728
1728
1728
1729
1737
1737
1737
1737
1737
1737
1738
1738
1738
1739
1753
1753
1753
1753
1753
1753
1753
1753
1753
1753
1753
1754
1754
1754
1754
1754
1754
1754
1754
1754
1754
1754
1754
1754
1755
1755
1755
1755
1755
1755
1755
1755
1755
1755
1755
1756
1757
1757
1757
1758
1769
1769
1769
1769
1769
1769
1769
1769
1770
1770
1770
1770
1770
1770
1770
1770
1770
1770
1770
1770
1771
1771
1771
1771
1771
1772
1773
1773
1773
1774
1787
1787
1787
1787
1787
1787
1787
1787
1787
1787
1787
1788
1788
1788
1788
1788
1788
1788
1788
1788
1788
1788
1788
1788
1789
1789
1789
1789
1789
1790
1791
1791
1791
1792
1799
1799
1800
1800
1800
1800
1800
1800
1800
1800
1801
1801
1801
1801
1801
1801
1801
1801
1801
1801
1801
1801
1801
1801
1801
1801
1802
1802
1802
1802
1802
1802
1802
1802
1802
1802
1802
1802
1802
1802
1802
1802
1802
1802
1802
1802
1803
1804
1804
1804
1805
1822
1822
1822
1822
1822
1822
1822
1822
1827
1827
1827
1827
1827
1827
1827
1828
1828
1828
1828
1828
1828
1828
1828
1828
1828
1828
1828
1830
1830
1830
1830
1830
1830
1830
1830
1830
1830
1830
1830
1830
1830
1830
1830
1830
1830
1830
1830
1831
1831
1831
1833
1833
1833
1833
1833
1833
1833
1833
1833
1833
1833
1834
1834
1834
1834
1834
1834
1834
1835
1835
1835
1835
1835
1835
1835
1835
1835
1835
1835
1836
1837
1837
1837
1837
1838
1839
1840
1840
1840
1841
1853
1853
1853
1853
1853
1853
1853
1853
1853
1853
1853
1854
1854
1854
1854
1854
1854
1854
1854
1854
1854
1855
1867
1867
1867
1867
1867
1867
1867
1867
1867
1867
1867
1868
1868
1868
1868
1868
1868
1868
1868
1869
1869
1869
1870
1871
1871
1871
1871
1871
1871
1871
1871
1871
1871
1871
1871
1871
1871
1871
1872
1887
1887
1887
1887
1887
1887
1887
1887
1887
1887
1887
1887
1887
1887
1887
1888
1888
1888
1888
1888
1888
1888
1888
1889
1889
1889
1890
1891
1891
1891
1891
1891
1891
1891
1891
1891
1891
1891
1891
1891
1891
1891
1891
1891
1891
1891
1891
1891
1892
1892
1892
1892
1892
1892
1892
1893
1893
1893
1893
1893
1893
1893
1893
1894
1895
1895
1895
1896
1898
1898
1898
1898
1898
1898
1899
1899
1899
1899
1900
1900
1900
1900
1901
1901
1901
1901
1901
1902
1902
1902
1902
1903
1903
1903
1903
1904
1904
1904
1904
1905
1905
1905
1905
1906
1906
1906
1906
1906
1906
1907
1907
1907
1907
1907
1907
1908
1908
1908
1908
1908
1908
1909
1909
1909
1909
1909
1909
1910
1910
1910
1910
1911
1911
1911
1911
1912
1912
1912
1912
1913
1913
1913
1913
1914
1914
1914
1914
1915
1920
1920
1920
1920
1920
1920
1920
1920
1921
1921
1921
1921
1921
1921
1921
1923
1923
1923
1923
1923
1923
1923
1923
1924
1924
1924
1924
1924
1924
1924
1924
1924
1925
1925
1925
1926
1927
1927
1927
1927
1927
1927
1927
1927
1927
1927
1927
1929
1929
1929
1929
1929
1929
1929
1929
1929
1930
1930
1930
1930
1930
1930
1931
1931
1931
1932
1933
1933
1933
1933
1933
1933
1933
1933
1933
1934
1934
1934
1934
1934
1934
1934
1934
1934
1934
1935
1935
1935
1936
1936
1936
1936
1936
1937
1937
1937
1937
1937
1937
1937
1937
1937
1937
1937
1937
1937
1938
1938
1938
1938
1938
1938
1938
1939
1939
1939
1939
1939
1939
1939
1939
1939
1939
1939
1940
1940
1940
1940
1940
1940
1940
1940
1940
1940
1940
1941
1941
1941
1942
1942
1942
1942
1942
1942
1942
1942
1942
1943
1944
1944
1944
1944
1944
1944
1944
1944
1944
1944
1944
1945
1945
1945
1945
1945
1945
1945
1945
1945
1945
1945
1945
1945
1945
1945
1945
1945
1945
1945
1945
1945
1945
1945
1946
1946
1946
1946
1946
1946
1946
1947
1948
1949
1950
1950
1950
1951
1974
1974
1974
1974
1974
1974
1974
1974
1975
1975
1975
1975
1975
1975
1975
1975
1975
1976
1987
1987
1987
1987
1987
1987
1987
1987
1987
1987
1987
1987
1987
1987
1987
1988
1988
1988
1988
1988
1988
1988
1988
1988
1988
1988
1988
1988
1988
1988
1988
1990
1990
1990
1990
1990
1990
1990
1990
1990
1990
1990
1990
1991
1991
1991
1991
1991
1991
1991
1992
1992
1992
1993
1995
1995
1996
1996
1996
1996
1996
1996
1996
1996
1996
1996
1996
1996
1996
1996
1996
1997
1997
1997
1998
1998
1998
1998
1998
1998
1998
1999
2001
2001
2001
2001
2002
2002
2002
2003
2044
2044
2044
2044
2044
2044
2044
2044
2044
2044
2044
2045
2045
2045
2045
2045
2045
2045
2045
2045
2045
2045
2046
2082
2082
2082
2082
2082
2082
2082
2082
2082
2082
2082
2082
2082
2082
2082
2083
2083
2083
2083
2083
2084
2084
2084
2084
2084
2084
2084
2084
2085
2093
2093
2093
2093
2093
2093
2093
2093
2094
2094
2094
2094
2094
2094
2095
2104
2104
2104
2104
2104
2104
2104
2104
2104
2104
2104
2105
2105
2105
2105
2105
2105
2105
2105
2105
2105
2105
2105
2105
2106
2106
2106
2106
2106
2106
2106
2106
2106
2106
2106
2106
2106
2106
2106
2106
2107
2107
2107
2107
2107
2107
2107
2108
2108
2108
2109
2111
2111
2112
2112
2112
2112
2112
2112
2112
2112
2112
2112
2112
2112
2112
2112
2112
2113
2113
2113
2114
2114
2114
2114
2114
2114
2114
2115
2115
2115
2115
2116
2117
2117
2117
2118
2131
2131
2131
2131
2131
2131
2132
2132
2132
2133
2141
2141
2141
2141
2141
2141
2142
2142
2142
2143
2151
2151
2151
2151
2151
2151
2152
2152
2152
2153
2182
2182
2182
2182
2182
2182
2182
2182
2182
2182
2183
2183
2183
2183
2183
2183
2183
2183
2183
2184
2215
2215
2215
2215
2215
2215
2215
2215
2215
2215
2215
2215
2215
2216
2216
2216
2216
2216
2216
2216
2216
2216
2216
2217
2247
2247
2247
2247
2247
2247
2247
2247
2247
2247
2248
2248
2248
2248
2248
2248
2248
2248
2248
2249
2281
2281
2281
2281
2281
2281
2281
2281
2281
2281
2281
2281
2281
2282
2282
2282
2282
2282
2282
2282
2282
2282
2282
2282
2282
2282
2282
2282
2283
2294
2294
2294
2294
2294
2294
2294
2294
2294
2294
2294
2294
2294
2294
2294
2294
2294
2295
2295
2295
2295
2295
2295
2295
2295
2295
2295
2295
2295
2295
2295
2295
2295
2296
2307
2307
2307
2307
2307
2307
2307
2307
2308
2308
2308
2308
2308
2308
2308
2308
2308
2308
2308
2308
2308
2308
2308
2308
2309
2321
2321
2321
2321
2321
2321
2321
2321
2321
2321
2321
2322
2322
2322
2322
2322
2322
2322
2322
2322
2322
2322
2322
2322
2322
2322
2322
2322
2323
2337
2337
2337
2337
2337
2337
2337
2337
2337
2337
2338
2338
2338
2338
2338
2338
2339
2357
2357
2357
2357
2357
2357
2357
2357
2357
2357
2357
2357
2357
2358
2358
2358
2358
2358
2358
2358
2358
2358
2358
2358
2358
2358
2358
2359
2359
2359
2359
2359
2359
2359
2359
2359
2359
2359
2359
2359
2359
2359
2359
2359
2359
2359
2361
2361
2361
2361
2361
2361
2361
2362
2362
2362
2363
2365
2365
2365
2365
2365
2365
2365
2365
2365
2365
2365
2365
2365
2365
2365
2365
2365
2365
2365
2365
2365
2365
2365
2365
2365
2367
2367
2367
2368
2368
2368
2368
2368
2368
2368
2368
2368
2368
2368
2368
2368
2368
2368
2369
2369
2369
2369
2369
2369
2369
2370
2371
2372
2374
2374
2374
2374
2374
2374
2374
2375
2375
2375
2375
2375
2375
2375
2375
2375
2375
2376
2378
2378
2378
2379
2392
2392
2392
2392
2392
2392
2392
2392
2392
2392
2392
2392
2392
2392
2392
2394
2394
2394
2394
2394
2396
2396
2396
2396
2396
2396
2396
2396
2396
2396
2397
2397
2397
2398
2402
2402
2402
2402
2402
2402
2402
2402
2402
2402
2402
2403
2403
2403
2404
2406
2406
2406
2406
2406
2406
2406
2406
2406
2406
2406
2407
2422
2422
2422
2422
2422
2422
2422
2422
2422
2422
2422
2422
2422
2422
2422
2422
2422
2422
2422
2423
2423
2423
2423
2423
2425
2425
2425
2425
2425
2425
2425
2425
2425
2425
2426
2426
2426
2427
2431
2431
2431
2431
2431
2431
2431
2431
2431
2431
2431
2432
2432
2432
2433
2435
2435
2435
2435
2435
2437
2437
2437
2437
2437
2437
2437
2437
2437
2437
2438
2438
2438
2439
2441
2441
2441
2441
2441
2441
2441
2441
2441
2441
2441
2442
2442
2442
2443
2445
2445
2445
2445
2445
2445
2445
2445
2445
2445
2445
2446
2457
2457
2457
2457
2457
2457
2457
2457
2458
2458
2458
2458
2458
2458
2458
2458
2458
2458
2459
2472
2472
2472
2472
2472
2472
2472
2472
2472
2472
2472
2473
2473
2473
2473
2473
2473
2473
2473
2473
2473
2473
2474
2485
2485
2485
2485
2485
2485
2485
2485
2485
2485
2485
2486
2486
2486
2486
2486
2486
2486
2486
2486
2487
2487
2487
2487
2487
2487
2487
2488
2488
2488
2488
2488
2488
2488
2488
2489
2490
2490
2490
2491
2502
2502
2502
2502
2502
2502
2502
2502
2502
2502
2502
2503
2503
2503
2503
2503
2503
2503
2503
2503
2504
2504
2504
2504
2504
2504
2504
2505
2505
2505
2505
2505
2505
2505
2505
2505
2506
2506
2506
2506
2506
2506
2506
2507
2507
2507
2507
2507
2507
2507
2508
2508
2508
2508
2508
2508
2508
2508
2508
2508
2508
2508
2509
2509
2509
2510
2511
2511
2511
2512
2523
2523
2523
2523
2523
2523
2523
2523
2523
2523
2523
2524
2524
2524
2524
2524
2524
2524
2524
2524
2525
2525
2525
2525
2525
2525
2525
2526
2526
2526
2526
2526
2526
2526
2526
2527
2528
2528
2528
2529
2538
2538
2538
2538
2538
2538
2538
2538
2538
2539
2539
2539
2539
2539
2539
2539
2540
2540
2540
2541
2542
2542
2542
2542
2542
2542
2542
2543
2543
2543
2544
2546
2546
2546
2546
2546
2546
2546
2546
2546
2547
2547
2547
2547
2547
2547
2547
2548
2548
2548
2548
2548
2548
2548
2549
2549
2549
2550
2559
2559
2559
2559
2559
2559
2559
2559
2559
2559
2560
2560
2560
2560
2560
2560
2561
2571
2571
2571
2571
2571
2571
2571
2571
2571
2571
2571
2571
2571
2572
2572
2572
2572
2572
2572
2572
2572
2572
2572
2573
2584
2584
2584
2584
2584
2584
2584
2584
2584
2584
2584
2584
2584
2584
2584
2584
2584
2585
2585
2585
2585
2585
2585
2585
2585
2585
2585
2585
2586
2596
2596
2596
2596
2596
2596
2596
2596
2596
2596
2596
2597
2597
2597
2597
2597
2597
2597
2597
2597
2597
2597
2597
2597
2597
2597
2597
2597
2597
2598
2598
2598
2598
2598
2599
2599
2599
2599
2599
2599
2599
2599
2601
2601
2601
2601
2601
2601
2601
2601
2601
2601
2601
2601
2602
2602
2602
2602
2602
2602
2603
2608
2608
2608
2608
2608
2608
2608
2608
2608
2608
2608
2609
2609
2609
2609
2609
2609
2609
2609
2609
2609
2609
2610
2612
2612
2612
2612
2612
2612
2612
2612
2612
2612
2612
2612
2612
2613
2613
2613
2613
2613
2613
2613
2613
2614
2615
2615
2615
2616
2627
2627
2627
2627
2627
2627
2627
2627
2628
2628
2628
2628
2628
2628
2628
2628
2628
2628
2628
2629
2629
2629
2630
2632
2632
2632
2632
2632
2632
2632
2632
2632
2632
2632
2632
2632
2632
2632
2632
2632
2633
2645
2645
2645
2645
2645
2645
2645
2645
2646
2646
2646
2646
2648
2648
2648
2648
2648
2648
2648
2648
2648
2648
2648
2648
2648
2648
2648
2648
2648
2648
2648
2648
2648
2648
2648
2648
2648
2648
2648
2648
2650
2650
2650
2650
2652
2652
2652
2653
2655
2655
2655
2656
2671
2671
2671
2671
2671
2671
2671
2671
2671
2671
2671
2672
2672
2672
2672
2672
2672
2672
2672
2672
2672
2672
2673
2673
2673
2673
2673
2673
2673
2673
2673
2673
2673
2674
2675
2675
2675
2676
2688
2688
2688
2688
2688
2688
2688
2688
2688
2688
2688
2689
2689
2689
2689
2689
2689
2689
2689
2689
2689
2689
2690
2690
2690
2690
2690
2690
2690
2690
2690
2690
2690
2691
2692
2692
2692
2693
2706
2706
2706
2706
2706
2706
2706
2706
2706
2706
2706
2707
2707
2707
2707
2707
2707
2707
2707
2707
2707
2707
2708
2708
2708
2708
2708
2708
2708
2708
2708
2708
2708
2709
2710
2710
2710
2711
2724
2724
2724
2724
2724
2724
2724
2724
2725
2725
2725
2725
2725
2725
2725
2725
2725
2725
2725
2726
2726
2726
2726
2726
2726
2726
2726
2726
2726
2727
2728
2728
2728
2729
2742
2742
2742
2742
2742
2742
2742
2742
2742
2742
2742
2743
2743
2743
2743
2743
2743
2743
2743
2743
2743
2743
2744
2744
2744
2744
2744
2744
2744
2744
2744
2744
2744
2745
2746
2746
2746
2747
2759
2759
2759
2759
2759
2759
2759
2759
2759
2759
2759
2760
2760
2760
2760
2760
2760
2760
2760
2760
2760
2760
2761
2774
2774
2774
2774
2774
2774
2774
2774
2774
2774
2774
2774
2774
2774
2774
2775
2775
2775
2775
2775
2775
2775
2775
2775
2775
2775
2775
2775
2775
2776
2776
2776
2777
2779
2779
2779
2779
2779
2779
2779
2779
2779
2779
2779
2780
2795
2795
2795
2795
2795
2795
2795
2795
2795
2795
2795
2796
2796
2796
2796
2797
2797
2797
2797
2797
2797
2797
2797
2797
2797
2797
2797
2797
2797
2797
2797
2798
2818
2818
2818
2818
2818
2818
2818
2818
2818
2818
2818
2818
2818
2818
2818
2819
2819
2819
2819
2819
2819
2819
2819
2819
2819
2819
2819
2819
2819
2819
2819
2820
2840
2840
2840
2840
2840
2840
2840
2840
2840
2840
2840
2841
2841
2841
2841
2841
2841
2841
2841
2841
2841
2841
2841
2841
2841
2842
2853
2853
2853
2853
2853
2853
2853
2853
2854
2854
2854
2854
2854
2854
2854
2854
2854
2854
2855
2867
2867
2867
2867
2867
2867
2867
2867
2867
2867
2867
2868
2868
2868
2868
2868
2868
2868
2868
2868
2868
2868
2869
2878
2878
2878
2878
2878
2878
2878
2878
2878
2878
2878
2879
2879
2879
2879
2879
2879
2879
2879
2879
2879
2879
2880
2889
2889
2889
2889
2889
2889
2889
2889
2889
2889
2889
2889
2889
2890
2890
2890
2890
2890
2890
2891
2891
2891
2891
2891
2891
2892
2901
2901
2901
2901
2901
2901
2901
2901
2901
2902
2902
2902
2902
2903
2910
2910
2910
2910
2910
2910
2910
2910
2910
2911
2911
2911
2911
2912
2921
2921
2921
2921
2921
2921
2921
2921
2921
2922
2922
2922
2922
2922
2922
2922
2922
2922
2923
2933
2933
2934
2934
2934
2934
2934
2934
2934
2934
2934
2935
2935
2935
2935
2935
2935
2935
2935
2935
2936
2948
2948
2948
2948
2948
2948
2948
2948
2948
2949
2949
2949
2949
2949
2949
2949
2949
2949
2950
2963
2963
2964
2964
2964
2964
2964
2964
2964
2964
2964
2965
2965
2965
2965
2965
2965
2965
2965
2965
2966
2974
2974
2974
2974
2974
2974
2974
2974
2974
2975
2975
2975
2975
2976
2987
2987
2987
2987
2987
2987
2987
2987
2987
2988
2988
2988
2988
2988
2988
2988
2988
2988
2989
3001
3001
3002
3002
3002
3002
3002
3002
3002
3002
3002
3003
3003
3003
3003
3003
3003
3003
3003
3003
3004
3016
3016
3016
3016
3016
3016
3016
3016
3016
3016
3016
3017
3017
3017
3017
3017
3017
3017
3017
3017
3017
3017
3017
3017
3018
3018
3018
3018
3019
3019
3019
3020
3021
3021
3021
3022
3035
3035
3035
3035
3035
3035
3035
3035
3035
3035
3035
3036
3036
3036
3036
3036
3036
3036
3036
3036
3036
3036
3036
3036
3037
3037
3037
3037
3038
3038
3038
3039
3040
3040
3040
3041
3059
3059
3059
3059
3059
3059
3059
3059
3059
3059
3059
3060
3060
3060
3060
3060
3060
3060
3060
3060
3060
3060
3060
3060
3061
3061
3061
3061
3061
3061
3062
3062
3062
3062
3062
3062
3062
3062
3063
3063
3063
3064
3065
3065
3065
3066
3088
3088
3088
3088
3088
3088
3088
3088
3088
3088
3088
3088
3088
3088
3088
3089
3089
3089
3089
3089
3089
3089
3089
3089
3089
3089
3089
3089
3089
3089
3090
3090
3090
3090
3090
3090
3091
3091
3091
3091
3091
3091
3092
3092
3092
3093
3094
3094
3094
3095
3108
3108
3108
3108
3108
3108
3108
3108
3108
3109
3109
3109
3109
3109
3109
3110
3119
3119
3119
3119
3119
3119
3119
3119
3119
3120
3120
3120
3120
3120
3120
3121
3138
3138
3138
3138
3138
3138
3138
3138
3138
3138
3138
3138
3138
3138
3138
3139
3139
3139
3139
3139
3139
3139
3139
3139
3139
3139
3139
3139
3139
3139
3140
3150
3150
3150
3150
3150
3150
3150
3150
3150
3151
3151
3151
3151
3151
3151
3152
3159
3159
3159
3159
3159
3159
3159
3159
3159
3160
3160
3160
3160
3160
3160
3161
3169
3169
3169
3169
3169
3169
3169
3169
3169
3169
3169
3170
3170
3170
3170
3170
3170
3170
3170
3170
3170
3170
3171
3183
3183
3184
3184
3184
3184
3184
3184
3184
3184
3184
3185
3185
3185
3185
3185
3185
3185
3185
3185
3185
3185
3185
3185
3185
3186
3196
3196
3196
3196
3196
3196
3196
3196
3196
3197
3197
3197
3197
3197
3197
3198
3206
3206
3206
3206
3206
3206
3206
3206
3206
3207
3207
3207
3207
3208
3216
3216
3216
3216
3216
3216
3216
3216
3216
3217
3217
3217
3217
3218
3228
3228
3228
3228
3228
3228
3228
3228
3228
3228
3228
3229
3229
3229
3229
3229
3229
3229
3229
3229
3229
3229
3230
3243
3243
3243
3243
3243
3243
3243
3243
3243
3244
3244
3244
3244
3244
3244
3244
3245
3245
3245
3245
3246
3247
3255
3255
3255
3255
3255
3255
3255
3255
3255
3256
3256
3256
3256
3257
3269
3269
3269
3269
3269
3269
3269
3269
3269
3270
3270
3270
3270
3270
3270
3271
3273
3273
3273
3273
3273
3273
3273
3273
3273
3273
3273
3273
3273
3273
3273
3273
3273
3273
3273
3274
3274
3274
3274
3274
3274
3274
3274
3274
3274
3274
3274
3274
3274
3275
3294
3294
3294
3294
3294
3294
3294
3294
3294
3294
3294
3294
3294
3294
3294
3295
3295
3295
3295
3295
3295
3295
3295
3295
3295
3295
3295
3296
3298
3298
3298
3298
3298
3298
3298
3298
3298
3298
3298
3298
3298
3298
3298
3299
3299
3299
3299
3299
3299
3299
3299
3299
3299
3299
3299
3300
3319
3319
3319
3319
3319
3319
3319
3319
3319
3319
3319
3320
3320
3320
3320
3320
3320
3320
3320
3320
3320
3321
3339
3339
3339
3339
3339
3339
3339
3339
3339
3339
3339
3340
3340
3340
3340
3340
3340
3340
3340
3340
3340
3340
3340
3341
3360
3360
3360
3360
3360
3360
3360
3360
3360
3360
3360
3360
3360
3360
3360
3361
3361
3361
3361
3361
3361
3361
3361
3361
3361
3361
3361
3362
3380
3380
3380
3380
3380
3380
3380
3380
3381
3381
3381
3381
3381
3381
3381
3381
3381
3381
3382
3401
3401
3401
3401
3401
3401
3401
3401
3401
3401
3401
3402
3402
3402
3402
3402
3402
3402
3402
3402
3402
3403
3415
3415
3415
3415
3415
3415
3415
3415
3415
3415
3415
3416
3416
3416
3416
3416
3416
3416
3416
3416
3416
3416
3417
3418
3419
