18
18
18
18
18
18
18
18
18
18
18
20
20
20
20
20
20
20
21
21
21
21
21
21
21
22
22
22
22
22
22
22
23
23
23
23
23
23
23
24
24
24
24
24
24
24
25
25
25
25
25
25
25
26
26
26
26
26
26
26
27
27
27
27
27
27
27
28
28
28
28
28
28
28
30
30
30
30
30
30
30
30
30
30
30
30
30
77
77
77
77
81
81
81
81
81
81
81
81
81
81
81
81
81
81
82
82
82
82
82
82
82
82
82
82
82
82
82
82
84
84
84
84
84
84
84
84
84
84
84
84
84
85
85
85
85
85
88
88
88
88
88
90
90
90
90
90
90
90
90
91
91
91
91
91
91
91
92
98
98
98
98
98
98
98
98
98
98
98
99
99
99
99
99
99
100
100
100
100
100
100
100
101
101
101
101
101
101
101
101
101
101
102
102
102
103
103
103
103
103
103
104
105
116
116
116
116
116
116
116
117
117
118
119
119
119
119
119
119
119
119
120
140
140
140
140
140
140
140
140
140
140
141
141
142
143
143
143
143
143
143
143
143
143
143
143
143
143
143
144
144
144
144
144
144
144
144
144
144
144
144
144
144
144
145
145
145
145
145
145
145
145
145
146
146
146
146
146
146
146
146
146
146
147
147
147
147
147
147
147
147
147
147
147
147
148
148
148
148
148
148
148
148
148
149
149
149
149
149
149
149
149
150
151
151
151
151
151
151
151
151
151
151
152
152
152
152
152
152
152
153
154
155
155
155
155
155
155
155
155
157
182
182
182
182
182
182
182
182
182
182
182
183
183
183
183
183
183
183
183
183
183
183
183
183
183
184
184
184
184
184
185
185
185
185
185
185
185
185
185
185
185
185
185
185
185
186
186
186
186
186
186
186
186
186
186
186
186
187
187
187
187
187
187
187
187
187
187
187
187
188
188
188
188
188
188
188
188
188
189
189
189
189
189
189
189
189
190
191
191
191
191
191
191
191
192
192
192
193
194
194
194
194
194
194
194
194
196
224
224
224
224
224
224
224
224
224
224
224
225
225
225
225
225
225
225
225
225
225
225
225
225
225
226
226
226
226
226
227
227
227
227
227
227
227
227
227
227
227
227
227
227
227
228
228
228
228
228
228
228
228
228
228
228
228
229
229
229
229
229
229
229
229
229
229
229
229
230
230
230
230
230
230
230
230
230
231
231
231
231
231
231
231
231
232
233
233
233
233
233
233
233
233
233
234
234
234
235
236
236
236
236
236
236
236
236
237
246
246
246
246
246
246
247
247
247
247
247
247
247
248
257
257
257
257
257
257
258
258
258
258
258
258
258
259
272
272
272
272
272
272
272
272
272
272
272
272
272
272
272
273
273
273
273
273
273
273
273
273
274
274
274
274
274
274
274
274
274
274
274
274
274
274
274
276
276
276
276
276
276
276
276
276
276
276
276
278
278
278
278
278
278
278
279
279
279
279
279
279
279
279
279
280
280
280
280
280
280
280
280
280
280
280
281
282
283
291
291
292
292
292
292
292
292
292
292
292
292
292
293
293
293
293
293
293
293
294
306
306
306
306
306
306
306
306
306
306
306
306
306
306
306
307
307
307
307
307
307
307
307
307
307
307
308
308
308
308
308
308
308
309
309
309
309
309
309
309
309
309
309
309
310
310
310
310
311
318
318
318
318
318
318
319
319
319
319
319
319
319
319
319
319
319
319
320
322
323
