19
19
19
19
19
19
19
19
19
19
19
21
21
21
21
21
21
21
22
22
22
22
22
22
22
23
23
23
23
23
23
23
24
24
24
24
24
24
24
25
25
25
25
25
25
25
26
26
26
26
26
26
26
27
27
27
27
27
27
27
28
28
28
28
28
28
28
29
29
29
29
29
29
29
30
30
30
30
30
30
30
30
30
31
31
31
31
31
31
31
31
31
32
32
32
32
32
32
32
33
33
33
33
33
33
33
35
35
35
35
35
35
35
35
35
36
36
36
36
36
36
36
36
36
38
38
38
38
38
38
38
38
38
38
38
38
38
66
66
66
66
66
68
68
68
68
68
70
70
70
70
70
70
70
71
71
71
71
71
72
72
72
72
72
74
74
74
74
74
74
74
74
74
74
74
74
74
74
74
74
75
76
76
76
76
76
76
77
77
77
77
77
77
77
77
77
77
77
77
77
77
77
77
77
77
77
77
77
77
78
78
78
78
78
78
78
78
78
78
78
78
78
78
78
79
79
79
79
79
79
79
79
79
79
79
79
79
79
80
80
80
80
80
80
80
80
80
80
80
80
80
80
80
80
80
81
81
81
81
81
81
82
84
84
84
84
84
84
85
85
85
85
85
86
88
88
88
88
88
88
88
88
89
89
89
89
89
90
92
92
92
92
92
92
93
93
93
93
93
94
95
97
97
97
97
97
97
97
99
99
99
99
99
101
101
101
101
101
101
101
102
102
102
102
102
102
103
106
106
107
107
107
107
107
107
107
107
107
107
107
107
107
107
107
107
108
108
108
108
108
109
109
109
109
109
109
109
110
112
112
113
113
113
113
113
113
113
113
113
113
113
113
113
113
113
113
113
113
113
114
114
114
115
118
118
119
119
119
119
119
119
119
119
119
119
119
120
120
120
120
120
120
120
121
123
123
124
124
124
124
124
124
124
124
124
124
124
124
124
124
124
124
124
125
125
125
125
125
125
125
125
125
125
125
125
125
126
129
129
130
130
130
130
130
130
130
130
130
131
131
131
131
131
131
131
132
134
134
135
135
135
135
135
135
135
135
135
135
135
135
135
135
135
135
135
136
136
136
137
139
141
141
141
141
141
141
141
141
141
141
141
141
155
155
155
155
155
155
155
155
155
155
155
155
155
156
156
156
156
157
158
158
158
158
158
158
158
158
158
158
158
158
158
158
159
173
173
173
173
173
173
173
173
173
173
173
173
173
173
173
173
173
174
174
174
174
175
176
176
176
176
176
176
176
176
176
176
176
176
176
176
177
189
189
189
189
189
189
189
189
189
189
189
189
189
189
189
189
189
190
190
191
192
192
192
192
192
192
192
192
192
192
192
192
192
192
192
192
192
192
192
192
192
192
192
193
193
193
193
193
193
193
194
209
209
209
209
209
210
210
210
210
210
210
210
210
210
210
210
210
210
210
210
210
210
210
210
210
211
211
211
211
212
213
213
213
213
213
213
213
213
213
213
213
213
213
214
214
214
214
214
214
214
214
214
214
215
217
217
217
217
217
217
217
217
217
217
217
217
218
218
218
218
218
218
218
218
218
218
218
218
218
219
219
219
219
219
219
219
219
219
220
220
220
220
220
220
220
220
220
220
221
221
221
221
221
221
221
221
221
221
222
222
222
223
224
225
225
225
225
225
225
225
226
228
228
228
228
228
228
228
228
228
228
228
228
228
228
228
228
228
229
229
229
229
229
229
229
230
230
230
230
230
230
230
230
230
230
230
231
231
231
231
231
232
232
233
233
233
233
233
233
233
233
234
234
234
234
234
234
234
234
234
234
234
234
234
235
235
235
236
236
236
236
236
236
236
237
238
238
238
239
241
241
241
241
241
243
245
246
