18
18
18
18
18
18
18
18
18
18
18
18
18
20
20
20
20
20
20
20
22
22
22
22
22
22
22
22
22
22
22
22
22
23
23
23
23
23
23
23
23
23
23
23
23
23
31
31
31
31
31
33
33
33
33
33
33
33
33
33
33
33
33
34
34
34
34
34
34
34
34
34
35
35
35
35
35
35
35
35
35
36
36
37
39
39
39
39
39
39
39
39
39
40
40
40
40
40
40
40
40
40
40
40
40
40
40
40
40
40
42
42
43
43
43
43
43
43
43
43
43
43
45
45
45
45
45
46
46
47
47
47
47
47
47
47
47
47
47
47
47
47
47
48
48
48
49
49
49
49
49
49
49
49
49
50
51
51
51
51
51
51
51
51
52
52
52
52
52
52
53
54
54
54
54
54
54
54
54
54
56
56
56
56
57
57
57
57
57
57
57
57
57
57
57
57
57
57
58
58
58
59
59
59
59
59
59
59
59
59
59
59
59
59
60
61
61
61
61
61
61
61
61
61
62
62
62
62
62
62
62
62
63
63
63
63
63
63
64
64
64
65
65
66
66
66
66
66
66
66
66
66
67
67
67
67
67
67
68
69
69
69
69
69
69
69
69
70
70
70
70
70
70
70
70
70
71
71
71
71
71
71
72
72
72
72
72
72
72
73
74
76
78
79
