18
18
18
18
18
18
18
18
18
18
18
18
18
20
20
20
20
20
20
20
22
22
22
22
22
22
22
22
22
22
22
22
22
23
23
23
23
23
23
23
23
23
23
23
23
23
31
31
31
31
31
31
33
33
33
33
33
33
33
35
35
35
35
35
35
35
45
45
45
45
45
45
45
46
46
47
47
47
47
47
47
47
47
48
48
48
48
53
53
57
57
59
59
59
67
67
67
67
67
68
68
68
68
68
69
79
79
79
79
79
79
79
79
80
80
80
80
80
81
81
81
81
81
82
89
89
90
90
90
90
90
90
91
91
91
91
91
91
91
91
91
91
91
91
91
92
102
102
103
103
103
103
103
103
103
103
103
104
104
104
104
104
104
104
104
104
105
105
105
105
105
105
105
106
106
106
106
107
107
107
107
107
109
109
109
109
109
109
109
109
110
110
110
110
110
110
110
110
110
111
111
111
111
111
111
112
112
112
112
112
112
112
112
112
113
113
113
113
113
113
113
113
113
113
113
113
113
113
113
113
114
114
114
114
114
114
114
114
115
115
115
115
115
115
115
115
115
117
117
118
118
118
118
118
118
118
118
118
118
118
118
119
119
119
119
119
119
119
119
121
127
127
127
127
127
127
127
127
127
127
128
128
128
129
129
129
129
129
129
130
130
131
131
131
132
132
132
132
132
132
133
133
134
134
134
135
135
135
135
135
135
136
136
137
137
137
138
138
138
139
139
139
139
140
140
140
140
140
140
141
141
142
142
142
143
143
143
144
144
144
144
144
144
145
145
146
146
147
147
147
147
147
147
148
150
150
150
150
150
150
150
152
152
152
152
152
153
153
153
153
153
153
153
153
153
153
153
153
153
153
153
153
153
153
153
155
155
155
155
155
155
155
155
155
155
155
155
155
155
155
155
155
155
155
155
155
155
155
155
156
156
156
156
156
156
156
156
156
156
156
156
156
156
156
156
156
156
156
156
156
156
156
156
156
156
158
158
158
158
158
158
158
158
158
158
158
159
159
159
159
159
159
159
159
159
159
159
159
159
159
159
159
159
159
159
159
159
159
159
159
159
159
159
159
159
159
159
159
160
162
162
162
162
162
162
163
163
164
164
164
164
164
164
164
164
164
164
164
164
165
165
165
165
165
165
165
165
167
168
170
170
170
170
170
170
170
171
171
171
171
171
171
171
173
173
174
174
174
174
174
174
174
174
174
174
174
174
175
175
175
175
175
175
175
175
177
179
179
179
179
179
179
179
180
180
180
180
180
180
180
181
181
181
184
184
184
184
185
185
185
185
185
185
185
185
185
187
187
187
187
187
187
187
187
187
187
187
189
189
189
189
189
189
189
189
190
190
190
190
190
190
190
191
191
191
192
192
192
192
192
192
192
192
192
192
192
192
192
192
193
193
193
193
193
193
193
193
193
193
193
193
193
193
194
196
196
196
197
197
197
197
197
197
197
198
199
200
200
200
201
202
202
202
203
205
206
