18
18
18
18
18
18
18
18
18
18
18
18
18
20
20
20
20
20
20
20
21
21
21
21
21
21
21
22
22
22
22
22
22
22
23
23
23
23
23
23
23
24
24
24
24
24
24
24
26
26
26
26
26
26
26
26
26
26
26
26
26
27
27
27
27
27
27
27
27
27
27
27
27
27
28
28
28
28
28
28
28
28
28
28
28
28
28
29
29
29
29
29
29
29
29
29
29
29
29
29
30
30
30
30
30
30
30
30
30
30
30
30
30
43
43
43
43
43
45
45
45
45
45
45
45
45
45
45
45
45
45
45
45
45
47
47
47
47
47
47
47
47
47
47
47
47
48
48
48
48
48
48
48
48
48
49
49
49
49
49
49
49
49
49
50
50
50
50
50
50
50
51
53
53
53
53
53
53
53
53
53
55
55
55
55
55
55
55
56
56
57
57
57
57
57
57
58
58
58
58
58
58
58
58
58
59
59
59
59
59
59
59
59
60
60
61
61
61
61
61
61
61
61
61
61
61
62
62
62
62
62
62
62
62
62
62
62
62
62
62
62
62
62
62
62
62
62
62
62
63
63
63
63
63
63
63
63
63
63
63
64
64
64
64
64
65
65
65
65
65
65
65
65
66
66
66
66
66
66
67
68
69
69
69
69
69
69
69
69
70
70
70
70
70
70
71
73
73
73
73
73
73
74
81
81
81
81
81
81
81
81
81
81
82
82
82
82
82
82
82
82
82
82
83
83
83
83
83
83
83
83
83
83
84
84
84
84
85
85
85
85
85
85
85
86
86
86
86
87
87
87
87
87
87
87
87
87
88
88
88
88
89
89
89
90
90
90
90
91
93
93
93
93
93
93
93
93
93
93
93
93
93
93
93
94
94
94
94
94
94
94
94
94
94
95
95
95
95
95
95
95
95
95
95
96
96
96
96
96
96
96
96
96
96
96
96
96
96
96
96
96
96
96
96
96
96
96
98
98
98
98
98
98
98
98
98
98
98
98
98
98
98
98
98
98
98
98
98
98
98
98
98
99
99
99
99
99
99
99
99
99
99
101
101
101
101
101
101
101
101
101
101
101
101
101
101
101
101
101
101
101
101
101
101
101
101
101
101
101
101
101
101
101
101
101
101
101
101
101
102
102
102
102
102
102
102
102
102
102
103
103
103
103
103
103
103
103
103
103
103
103
103
103
103
103
103
103
103
103
103
103
103
103
103
103
103
103
103
105
105
105
105
105
105
105
105
105
105
106
106
106
106
106
106
106
106
106
106
107
107
107
107
107
108
108
108
108
108
108
108
109
109
109
109
109
109
109
109
109
109
110
110
110
110
111
111
111
111
111
111
111
111
111
115
115
115
115
115
115
115
115
115
115
115
116
116
117
117
117
117
117
117
117
117
117
117
117
118
118
118
118
118
118
118
118
118
118
119
119
119
119
119
119
119
119
119
119
119
119
119
119
119
120
120
120
120
121
122
122
122
122
122
122
122
122
126
126
126
126
126
126
126
126
126
127
128
129
129
129
129
129
129
129
129
129
129
129
129
129
129
129
129
129
129
129
130
130
130
130
130
130
130
130
130
132
134
135
135
135
135
135
135
135
135
135
135
135
135
135
135
135
136
136
136
136
136
136
136
136
137
138
138
138
138
138
138
138
138
138
138
138
140
140
140
140
140
140
140
140
140
140
141
141
141
141
141
141
141
141
141
141
141
141
141
141
141
141
141
141
141
144
144
144
144
144
144
144
144
144
144
145
145
145
145
145
145
145
145
145
145
145
145
145
145
145
145
145
145
145
147
147
147
147
147
147
147
147
147
147
149
149
149
149
149
149
149
149
149
149
150
150
150
150
150
150
150
150
150
150
150
150
150
150
150
150
150
150
150
153
153
153
153
153
153
153
153
153
153
154
154
154
154
154
154
154
154
154
154
154
154
154
154
154
154
154
154
154
157
157
157
157
157
157
157
157
157
157
157
158
158
158
158
158
158
158
158
158
158
158
158
158
158
158
158
158
158
158
160
160
160
160
160
160
161
161
161
161
161
161
161
161
161
161
162
162
162
162
162
162
162
162
162
162
163
163
163
163
163
163
163
163
163
163
163
163
163
163
163
163
164
164
164
164
164
164
164
164
164
164
164
164
164
164
164
164
166
166
166
166
166
166
166
166
166
166
166
166
166
166
166
167
169
170
