17
17
17
17
17
17
17
17
17
17
17
17
17
19
19
19
19
19
19
19
20
20
20
20
20
20
20
21
21
21
21
21
21
21
23
23
23
23
23
23
23
23
23
23
23
23
23
24
24
24
24
24
24
24
24
24
24
24
24
24
25
25
25
25
25
25
25
25
25
25
25
25
25
26
26
26
26
26
26
26
26
26
26
26
26
26
35
35
35
35
35
35
37
37
37
37
37
37
37
37
37
37
37
37
38
38
38
38
38
38
38
39
39
39
39
39
39
39
39
39
40
40
41
41
41
41
41
41
41
41
41
41
41
41
42
42
42
42
42
42
42
42
43
43
43
43
43
43
44
45
46
46
46
46
46
46
46
46
46
46
47
47
48
48
48
48
48
48
49
49
49
49
49
49
49
49
50
50
50
50
50
50
51
52
54
54
54
54
55
55
55
55
55
56
56
56
56
58
58
58
58
63
63
63
63
63
64
64
64
64
64
64
64
65
73
73
73
73
73
73
73
73
74
74
74
74
74
74
74
75
75
75
75
75
75
76
77
77
77
77
77
77
78
85
85
85
85
85
85
85
85
86
86
86
86
86
86
86
87
87
87
87
87
87
87
87
89
89
89
89
89
89
89
90
90
90
90
90
90
90
90
91
92
92
92
92
92
92
92
92
92
92
92
92
92
93
94
96
96
96
96
96
96
97
97
97
98
108
108
108
108
108
108
108
108
108
108
108
108
108
108
108
109
109
109
109
109
109
109
109
109
110
110
110
110
110
110
110
111
111
111
111
111
111
111
111
111
111
111
111
111
111
111
111
111
111
111
111
111
111
111
111
111
111
111
111
111
111
112
112
112
112
112
112
112
112
112
112
112
112
112
113
113
113
113
113
113
113
113
113
115
115
115
115
115
115
115
116
116
116
116
116
116
116
116
116
117
117
117
117
117
117
117
117
117
118
118
118
118
118
118
118
118
119
119
119
119
119
119
119
120
120
120
120
120
120
120
121
121
121
121
121
121
121
121
121
121
121
121
121
121
124
124
124
124
124
124
124
124
124
124
124
126
126
126
126
126
126
126
126
126
126
126
126
127
127
127
127
127
127
127
127
127
127
127
128
128
128
128
128
128
128
131
131
131
131
131
131
131
131
131
131
131
131
131
131
131
131
133
133
133
133
133
133
133
133
133
133
134
134
134
134
134
134
134
134
134
134
134
135
135
135
135
135
135
135
135
135
135
135
136
136
136
136
136
136
136
137
139
146
146
146
146
146
146
147
147
147
148
155
155
155
155
155
155
156
156
156
157
162
162
163
163
163
163
163
163
164
164
164
164
165
165
165
165
165
165
165
165
165
165
165
165
166
166
166
166
166
166
166
166
166
166
166
166
166
166
167
167
168
168
169
169
169
169
169
169
169
170
170
170
170
170
170
170
170
170
170
171
171
171
171
171
171
171
172
172
172
172
172
172
172
172
173
173
173
173
173
174
174
174
174
174
174
175
177
178
178
178
178
178
178
179
186
186
186
186
186
186
186
186
187
187
187
187
187
187
187
188
188
188
188
189
190
190
190
190
190
190
191
191
191
191
192
192
192
192
192
192
192
192
192
192
193
194
199
199
199
199
199
199
200
200
200
200
201
201
201
201
201
201
201
202
202
202
202
202
202
203
203
203
203
204
205
205
205
205
206
208
209
