17
17
17
17
17
17
17
17
17
17
17
19
19
19
19
19
19
19
19
19
20
20
20
20
20
20
20
20
20
27
27
27
27
32
32
32
32
32
35
35
35
35
35
35
35
35
37
37
37
37
37
37
39
39
39
39
39
39
39
39
39
40
40
40
40
40
40
41
42
42
42
42
42
42
42
42
42
42
42
42
47
47
47
47
47
47
47
47
47
47
47
48
48
48
48
48
48
48
48
48
48
49
49
49
49
49
49
49
49
49
50
50
50
50
50
50
50
50
50
50
50
50
51
51
51
51
51
51
51
51
51
51
52
52
52
52
52
52
52
53
53
53
53
53
53
53
54
55
55
55
55
55
55
55
56
57
59
59
59
59
59
59
60
60
60
60
60
60
60
60
60
61
70
70
71
71
71
71
71
71
72
72
72
72
72
72
72
72
73
73
73
73
73
73
73
73
73
74
74
74
74
74
74
74
74
74
75
77
77
77
77
77
77
78
86
86
86
86
86
86
87
87
87
87
87
87
87
87
88
88
88
88
88
88
88
88
89
89
89
89
89
89
89
89
89
89
89
89
89
89
89
89
89
89
89
90
90
90
90
90
90
90
90
90
91
93
93
93
93
93
93
93
93
94
94
94
94
94
94
94
94
95
95
95
95
95
95
95
95
95
95
95
95
96
96
96
96
96
96
96
97
97
97
98
99
99
99
99
99
99
99
99
99
99
99
99
99
99
99
99
99
99
99
99
99
99
99
99
99
99
100
100
100
100
100
100
100
100
100
100
100
100
100
101
102
102
102
103
105
105
105
105
105
105
106
106
106
106
106
106
106
106
106
107
109
109
109
109
109
109
110
110
110
110
110
110
110
110
110
110
110
110
110
110
110
110
110
110
111
119
119
119
119
119
119
120
120
120
120
120
120
120
120
120
120
120
121
129
129
129
129
129
129
130
130
130
130
130
130
130
130
130
130
130
131
133
133
133
133
133
133
134
134
134
134
134
134
134
134
134
135
137
137
137
137
137
137
138
138
138
138
138
138
138
138
138
139
141
141
141
141
141
141
142
142
142
142
142
142
142
142
142
142
142
143
145
145
145
145
145
145
146
146
146
146
146
146
146
146
146
146
146
147
149
149
149
149
149
149
150
150
150
150
150
150
150
151
151
151
151
151
151
151
151
151
151
151
151
151
151
151
151
152
163
163
163
163
163
163
163
163
163
164
164
164
164
164
164
164
165
165
165
166
167
167
167
167
167
167
167
167
168
168
168
168
168
168
168
168
168
168
169
169
169
169
169
169
169
169
169
169
170
170
170
170
170
170
170
170
170
171
181
181
181
181
181
181
181
181
181
182
182
182
182
182
182
182
182
182
183
185
185
185
185
185
185
186
186
186
186
186
186
186
187
187
187
187
187
187
187
187
187
187
187
187
187
187
187
187
188
191
191
191
191
191
191
192
192
192
192
192
193
198
198
198
198
198
198
198
198
198
198
198
199
199
199
199
199
199
199
199
199
199
199
199
200
200
200
200
200
200
200
200
200
200
200
200
200
200
200
201
201
201
201
201
201
201
201
201
201
201
201
201
201
201
201
201
201
201
202
203
203
203
204
210
210
211
211
211
211
211
211
212
212
212
212
212
212
212
212
212
214
214
214
214
214
214
214
214
214
214
214
214
214
214
214
214
214
214
215
215
215
215
215
215
215
215
215
215
215
215
215
215
215
215
215
216
216
216
216
216
216
216
216
216
216
216
216
216
216
216
216
216
217
217
217
217
217
217
217
217
217
217
217
217
217
217
217
217
217
218
218
218
218
218
218
218
218
218
218
218
218
218
218
218
218
218
219
219
219
219
219
219
219
219
219
219
219
219
219
219
219
219
219
220
220
220
220
220
220
220
220
220
220
220
220
220
220
220
220
220
220
222
222
222
222
222
222
222
223
224
225
225
225
225
225
225
225
225
226
226
226
226
226
226
226
226
226
226
227
227
227
227
227
227
227
227
227
227
227
227
227
228
228
228
228
228
228
228
228
228
228
228
228
228
230
230
230
230
230
230
230
230
232
232
232
232
232
232
232
232
238
238
238
238
238
238
238
238
238
238
239
239
239
239
239
240
240
240
240
240
240
240
240
240
240
240
240
240
240
240
241
241
241
241
241
241
241
241
241
241
241
241
241
241
241
241
241
241
241
241
241
241
241
242
242
242
242
242
242
242
242
242
242
242
242
242
242
242
242
242
243
244
244
244
245
251
251
251
251
251
251
251
251
251
251
251
251
251
251
251
251
251
251
252
252
252
252
252
252
252
252
252
252
252
253
253
253
254
255
255
255
255
255
255
255
255
255
255
255
255
255
255
255
255
255
255
255
256
261
261
261
261
261
261
261
261
261
261
262
262
262
262
262
262
262
262
262
262
262
263
263
263
263
263
263
263
263
263
264
264
264
264
264
264
265
266
266
266
266
266
266
266
266
266
266
266
266
266
266
267
269
269
269
269
269
271
271
271
271
271
273
273
273
273
273
275
275
275
275
275
278
278
278
278
286
286
286
286
286
286
286
286
287
287
287
287
287
287
287
287
287
287
287
289
289
289
289
289
289
289
289
289
289
290
290
290
290
290
290
290
290
290
290
290
290
290
290
291
292
292
292
292
292
292
292
292
292
296
296
296
296
296
296
296
296
296
296
296
296
296
296
296
296
296
296
296
296
296
296
296
296
296
306
306
306
306
306
306
306
306
306
306
306
306
306
306
309
309
309
309
309
309
309
309
312
312
312
312
312
312
312
312
312
313
322
322
322
322
322
322
322
322
322
322
322
322
323
323
323
323
323
323
323
323
323
324
324
324
324
324
324
324
324
324
326
326
326
326
326
326
326
326
326
326
326
326
326
326
326
326
326
326
326
326
326
327
327
327
327
327
327
327
327
327
327
327
327
327
327
328
331
331
331
331
331
331
331
331
331
331
331
331
334
334
334
334
334
334
334
334
334
334
334
334
334
335
341
341
341
341
341
341
341
342
342
342
342
342
342
343
345
345
345
345
345
345
346
346
346
346
346
346
346
346
346
346
346
346
346
346
346
346
346
346
346
346
346
347
349
349
349
349
349
349
350
350
350
350
350
350
350
350
350
350
350
350
350
350
350
350
350
350
350
350
350
351
359
359
359
359
359
359
360
360
360
361
370
370
370
370
370
370
370
370
370
371
371
371
371
371
371
372
374
375
