18
18
18
18
18
18
18
18
18
18
18
20
20
20
20
20
20
20
21
21
21
21
21
21
21
22
22
22
22
22
22
22
23
23
23
23
23
23
23
24
24
24
24
24
24
24
25
25
25
25
25
25
25
26
26
26
26
26
26
26
28
28
28
28
28
28
28
28
28
28
28
28
28
40
40
40
40
41
47
47
47
47
47
47
47
47
56
56
56
56
56
56
56
56
56
56
57
57
57
57
57
57
57
58
58
59
59
59
59
59
59
60
60
60
60
60
60
60
60
62
63
64
74
74
74
74
74
74
74
74
74
74
75
75
75
75
75
75
75
76
76
77
77
77
77
77
77
78
78
78
78
78
78
78
78
80
81
82
92
92
92
92
92
92
92
92
92
92
92
92
92
93
93
94
95
95
95
95
95
95
95
95
95
95
96
120
120
120
120
120
120
120
120
120
120
120
120
120
121
121
121
121
122
122
123
124
124
124
124
124
124
124
124
124
125
125
125
125
125
125
125
126
162
162
162
162
162
162
162
162
162
162
162
162
162
163
163
163
163
163
163
163
163
164
164
164
164
165
165
166
167
167
167
168
168
168
168
168
169
169
169
169
169
169
169
169
169
169
169
169
169
169
169
169
169
169
171
172
173
173
173
173
173
173
173
173
173
173
173
173
173
173
173
173
173
174
177
177
177
177
177
177
178
179
179
179
179
179
179
179
179
179
179
180
180
180
180
180
180
180
181
181
182
183
183
183
183
183
183
183
184
184
184
184
184
184
185
185
185
186
186
186
186
186
186
186
187
187
187
187
187
187
187
187
187
187
187
188
189
189
190
192
192
192
192
192
192
192
192
192
192
192
193
193
193
193
193
193
194
194
194
194
195
195
195
195
195
195
195
196
196
196
196
196
196
196
196
196
196
196
197
198
199
200
200
200
200
200
200
201
202
202
202
202
202
202
203
203
203
203
203
204
206
206
206
207
217
217
217
217
217
217
217
217
217
217
217
217
217
218
218
219
220
220
220
220
220
220
220
220
220
220
221
246
246
246
246
246
246
246
246
246
246
246
246
246
247
247
247
247
248
248
249
250
250
250
250
250
250
250
250
250
251
251
251
251
251
251
251
252
289
289
289
289
289
289
289
289
289
289
289
289
289
290
290
290
290
290
290
290
290
291
291
291
291
292
292
293
294
294
294
294
294
294
294
294
294
294
294
294
294
295
295
295
296
336
336
336
336
336
336
336
336
336
336
336
336
336
337
337
337
337
337
337
337
337
338
338
338
338
339
339
339
339
340
340
341
342
342
342
343
343
343
343
343
344
344
344
344
344
344
344
344
344
344
344
344
344
344
344
344
344
344
346
347
348
348
348
348
348
348
348
348
348
348
348
348
348
348
348
348
348
349
353
353
353
353
353
353
354
355
355
355
355
355
355
355
355
355
355
356
356
356
356
356
356
356
357
357
358
359
359
359
359
359
359
359
360
360
360
360
360
361
361
361
361
361
361
362
363
363
363
364
364
364
364
364
364
364
365
365
365
365
365
365
365
365
365
365
365
366
367
367
368
370
370
370
370
370
370
370
370
370
370
370
371
371
371
371
371
372
372
372
372
372
372
373
374
374
374
374
375
375
375
375
375
375
375
376
376
376
376
376
376
376
376
376
376
376
377
378
379
380
380
380
380
380
380
381
382
382
382
382
382
382
383
383
383
383
383
384
386
386
386
387
390
390
390
390
391
391
392
393
