17
17
17
17
17
17
17
17
17
17
17
19
19
19
19
19
19
19
20
20
20
20
20
20
20
21
21
21
21
21
21
21
22
22
22
22
22
22
22
23
23
23
23
23
23
23
24
24
24
24
24
24
24
25
25
25
25
25
25
25
26
26
26
26
26
26
26
27
27
27
27
27
27
27
28
28
28
28
28
28
28
29
29
29
29
29
29
29
30
30
30
30
30
30
30
31
31
31
31
31
31
31
32
32
32
32
32
32
32
33
33
33
33
33
33
33
34
34
34
34
34
34
34
35
35
35
35
35
35
35
36
36
36
36
36
36
36
37
37
37
37
37
37
37
38
38
38
38
38
38
38
39
39
39
39
39
39
39
40
40
40
40
40
40
40
41
41
41
41
41
41
41
42
42
42
42
42
42
42
43
43
43
43
43
43
43
44
44
44
44
44
44
44
45
45
45
45
45
45
45
46
46
46
46
46
46
46
47
47
47
47
47
47
47
47
47
49
49
49
49
49
49
49
49
49
49
49
50
50
50
50
50
50
50
50
50
50
50
50
50
50
50
51
51
51
51
51
51
51
51
51
51
51
51
51
51
51
52
52
52
52
52
52
52
52
52
52
52
52
52
52
52
53
53
53
53
53
53
53
53
53
53
53
53
53
54
54
54
54
54
54
54
54
54
54
54
54
54
55
55
55
55
55
55
55
55
55
55
55
55
55
56
56
56
56
56
56
56
56
56
56
56
56
56
57
57
57
57
57
57
57
57
57
57
57
57
57
58
58
58
58
58
58
58
58
58
58
58
58
58
59
59
59
59
59
59
59
59
59
59
59
59
59
60
60
60
60
60
60
60
60
60
60
60
60
60
61
61
61
61
61
61
61
61
61
61
61
61
61
244
244
244
244
244
244
244
244
247
247
247
247
247
247
247
249
249
249
249
249
250
250
250
250
250
251
251
251
251
251
253
253
253
253
253
253
253
253
253
253
254
254
254
254
255
255
255
255
256
256
256
256
258
258
258
258
258
258
258
258
258
258
258
258
258
258
258
258
258
259
259
259
259
259
259
259
259
259
259
260
260
260
260
260
260
261
261
261
261
261
261
261
261
261
261
262
262
262
262
262
262
262
262
262
262
262
262
263
265
265
266
266
266
266
266
266
266
266
266
267
267
267
267
267
267
267
267
267
267
267
267
267
267
267
267
267
267
267
267
267
268
270
270
271
271
271
271
271
271
271
271
271
271
271
271
271
271
271
271
271
272
272
272
272
272
272
272
272
272
272
273
273
273
273
273
273
273
273
273
274
274
275
275
275
275
275
275
276
276
276
277
277
277
277
277
277
277
277
278
278
278
279
279
279
279
279
279
279
279
280
280
280
282
283
283
283
283
284
285
287
287
287
287
287
287
287
287
287
288
288
288
288
288
288
289
289
290
290
290
290
290
290
290
291
291
291
291
291
291
292
292
292
293
294
294
294
294
294
294
294
294
296
296
296
297
297
297
297
297
297
297
298
299
299
299
299
299
299
299
299
299
299
299
299
299
299
299
300
302
309
309
309
309
310
310
310
310
310
310
310
310
310
311
318
318
318
318
318
318
318
319
319
319
319
319
321
321
321
321
321
321
321
321
322
322
322
322
322
322
323
325
325
326
326
326
326
326
326
326
326
326
326
326
327
327
327
327
327
328
328
328
328
328
328
328
328
328
328
328
330
330
330
330
330
330
330
330
330
331
331
331
331
331
331
331
331
331
331
331
331
332
332
332
332
332
332
332
332
332
332
333
333
333
333
333
333
333
333
334
335
336
336
336
337
338
340
340
340
340
340
342
342
342
342
342
344
344
345
345
345
345
345
345
345
345
345
345
345
345
345
346
346
346
346
346
347
347
347
347
347
347
347
348
348
348
348
348
348
348
349
349
350
350
350
350
350
350
350
351
351
351
351
351
351
351
351
353
353
353
354
354
355
355
355
355
355
355
356
356
356
356
356
356
356
356
358
359
360
361
361
361
361
362
364
372
372
372
372
372
372
372
372
380
380
380
380
380
380
380
380
392
392
392
392
392
392
392
392
407
407
407
407
407
407
407
407
413
413
413
413
413
413
413
413
419
419
419
419
419
419
419
419
425
425
425
425
425
425
425
425
431
431
431
431
431
431
431
431
434
434
434
434
434
434
434
434
434
434
434
434
436
436
437
437
437
437
437
437
437
437
437
437
437
437
437
437
437
438
440
440
440
440
440
440
440
441
441
441
441
441
442
457
457
457
457
457
457
457
457
457
458
458
458
458
458
458
458
458
458
458
458
458
458
459
459
459
459
459
459
459
459
459
459
460
460
460
460
460
460
460
460
460
461
461
461
461
461
463
463
463
463
463
463
463
463
463
463
463
463
463
463
463
463
463
463
463
464
464
464
464
464
464
464
464
464
464
464
465
465
465
465
465
465
465
466
466
466
466
466
467
467
467
467
467
467
467
468
468
468
468
469
469
469
471
471
471
471
472
473
473
473
474
474
474
474
474
475
475
475
475
475
475
475
476
477
477
477
477
477
477
477
478
479
480
480
480
480
480
481
481
481
481
481
481
481
482
483
485
485
485
486
488
488
488
488
489
489
489
489
491
491
491
491
492
492
492
492
493
493
493
493
493
494
494
494
494
495
495
495
495
496
496
496
496
499
499
499
499
502
502
502
502
503
503
503
503
504
504
504
504
504
505
505
505
505
506
506
506
506
506
507
507
507
507
508
508
508
508
508
509
509
509
509
511
511
511
511
513
513
513
513
515
515
515
515
517
517
517
517
519
519
519
519
521
521
521
521
523
523
523
523
525
525
525
525
529
529
529
529
533
533
533
533
536
536
536
536
538
538
538
538
541
541
541
541
544
544
544
544
544
544
544
544
548
548
548
548
548
548
548
548
548
548
548
551
551
551
551
551
551
556
556
556
556
556
556
556
556
556
556
559
559
559
559
562
562
562
562
562
562
562
562
562
562
562
562
564
564
564
564
564
564
564
564
564
564
564
564
564
564
564
564
564
564
580
580
580
580
580
581
581
581
581
582
582
582
582
582
582
582
582
582
582
583
583
583
583
584
584
584
584
584
584
584
585
585
585
585
586
586
586
586
587
587
587
587
588
588
588
588
588
588
588
589
589
589
589
590
592
592
593
593
593
593
593
593
593
593
594
594
594
594
594
595
602
602
603
603
603
603
603
603
603
603
603
603
603
604
604
604
604
604
604
604
605
605
605
605
608
608
608
608
608
609
609
609
609
609
609
609
609
609
609
609
609
609
609
609
610
610
610
610
610
610
611
611
611
611
611
611
611
611
611
611
611
611
612
613
613
613
613
613
614
614
614
614
614
614
614
614
614
614
614
614
614
614
614
614
615
615
615
615
615
615
615
615
615
615
615
615
615
615
615
615
616
618
618
618
618
618
618
619
619
619
619
619
619
619
620
620
620
620
621
621
621
621
622
623
637
637
637
637
637
637
637
637
637
637
637
637
637
637
637
638
638
638
638
638
638
638
638
638
638
638
638
639
653
653
654
654
654
654
654
654
654
654
654
654
654
654
654
654
654
655
655
655
655
655
655
655
655
655
655
655
655
655
656
670
670
670
670
670
670
670
670
670
670
670
670
670
670
670
671
671
671
671
671
671
671
671
671
671
671
672
672
672
673
675
675
675
675
675
675
675
675
675
675
677
677
677
677
679
679
679
679
679
679
679
679
679
679
679
680
680
680
680
680
680
680
683
683
683
683
683
683
683
683
683
683
683
683
683
683
683
683
683
683
683
683
683
683
691
691
691
691
691
692
692
692
692
692
692
692
692
692
692
692
692
692
692
692
692
692
692
692
692
692
692
693
693
693
694
695
695
695
695
695
695
695
695
695
695
695
695
695
695
695
695
695
695
695
695
695
695
695
695
696
696
696
697
699
699
699
699
699
699
699
699
699
699
699
699
699
699
699
700
700
700
701
703
703
703
703
703
703
703
703
703
703
703
703
703
703
703
703
704
704
704
705
711
711
711
711
711
711
711
712
712
712
712
712
712
712
713
714
714
714
714
714
714
714
714
717
717
717
717
717
717
717
718
718
718
718
718
718
718
719
720
720
720
720
720
720
720
721
721
721
721
721
721
721
722
723
723
723
723
723
723
723
724
724
724
724
724
724
724
725
726
727
727
727
736
736
736
736
736
736
736
736
736
736
737
737
737
737
737
737
737
737
737
737
737
737
737
738
738
738
738
738
738
738
738
738
738
739
739
739
740
740
740
740
740
741
741
741
742
744
744
744
744
744
744
744
744
744
744
744
745
745
745
746
747
747
747
747
747
747
747
747
747
747
748
750
750
750
750
750
750
750
750
751
751
751
751
751
751
751
752
752
752
752
752
752
752
753
754
754
754
754
754
754
754
755
755
755
755
755
755
755
756
757
757
757
757
757
757
757
758
758
758
758
758
758
758
758
758
758
758
758
758
759
765
765
765
765
765
765
765
766
766
766
766
766
766
766
767
769
769
769
769
769
769
769
769
769
769
769
769
769
769
769
770
770
770
770
770
770
770
770
770
770
770
770
770
770
770
771
771
771
771
771
771
772
772
772
773
775
775
775
775
775
775
775
775
775
775
775
775
775
775
775
775
776
776
776
776
776
776
777
777
777
778
779
781
781
781
781
781
781
781
781
781
781
781
783
783
783
783
783
783
783
783
783
783
785
785
785
785
785
785
787
787
787
787
788
788
788
788
788
788
788
788
788
788
788
788
788
788
788
788
788
788
788
789
791
791
791
792
794
794
794
794
794
794
794
794
794
794
795
795
795
795
795
795
795
795
795
795
795
795
795
795
795
795
795
795
795
795
795
795
795
795
795
795
795
797
797
797
797
797
797
797
797
797
797
797
798
798
798
798
798
798
798
798
798
798
798
799
799
799
799
799
799
799
799
799
799
799
800
800
800
800
800
800
800
800
800
800
800
800
800
800
800
800
800
802
802
802
802
802
802
802
802
802
802
802
802
802
802
802
802
802
802
802
802
802
803
803
803
803
803
803
803
803
803
804
806
806
806
806
807
807
808
808
808
808
808
808
808
808
808
808
808
808
808
808
808
808
808
808
808
808
808
808
809
809
809
809
809
809
809
809
810
810
810
810
810
810
810
810
810
811
814
814
814
814
814
814
814
814
814
814
814
814
815
815
815
815
815
815
816
823
823
823
823
823
823
823
823
823
823
823
824
824
824
824
824
824
824
824
824
824
824
825
825
825
825
825
825
825
825
825
825
826
826
826
826
826
826
826
826
826
827
829
829
829
831
831
831
831
831
831
831
831
831
831
831
831
831
831
831
831
831
831
831
831
831
831
831
831
831
831
831
831
831
831
831
831
831
831
831
831
831
831
831
833
833
834
834
834
834
834
834
834
834
834
834
834
834
834
834
834
834
835
835
835
835
835
835
835
835
835
835
835
835
835
835
835
835
836
836
836
836
836
836
836
836
836
836
836
837
837
837
837
837
837
837
837
838
838
838
838
838
838
838
838
838
839
841
841
841
841
841
841
841
843
843
843
843
843
843
843
844
844
845
845
845
845
845
845
845
845
845
845
845
846
846
846
846
846
846
846
846
846
846
846
847
847
847
847
847
847
847
847
847
847
847
847
847
847
847
847
847
848
848
848
848
849
850
850
850
850
850
850
850
850
851
851
851
851
851
851
851
851
851
852
853
854
854
854
856
856
856
856
856
856
856
857
857
857
857
858
858
858
859
859
859
859
859
859
859
859
859
859
859
859
860
861
862
862
862
862
862
862
863
863
863
863
863
863
864
874
874
874
874
874
874
874
874
874
874
874
874
874
874
874
874
874
874
874
875
875
875
875
875
875
875
875
875
875
875
877
877
877
877
877
877
877
878
878
878
879
881
881
881
881
881
882
882
882
882
882
883
883
884
884
885
885
885
885
885
885
885
886
886
886
886
886
886
886
886
886
886
886
886
886
886
886
887
887
887
888
888
888
888
888
888
888
888
888
888
888
889
891
891
891
891
891
891
891
891
891
891
892
892
892
892
892
892
892
892
892
892
892
892
893
896
896
896
896
896
896
896
896
896
896
896
896
896
896
896
896
896
896
896
896
896
896
896
896
897
897
897
898
898
898
898
898
898
898
899
901
901
901
901
901
902
902
902
903
903
903
903
903
903
903
904
904
904
904
904
904
904
905
905
905
905
905
905
905
905
906
907
908
917
917
917
917
917
917
917
917
917
917
917
917
917
917
917
918
918
918
918
918
918
918
918
918
918
918
920
920
920
920
920
920
920
921
921
921
922
924
924
924
924
925
925
925
925
925
925
925
933
933
933
933
933
933
933
933
933
933
933
933
933
933
933
934
934
934
935
935
935
935
935
935
935
935
936
937
937
937
937
937
937
937
937
937
937
937
937
937
937
937
937
937
937
937
938
948
948
948
948
948
948
948
948
948
948
948
948
948
948
948
948
948
948
948
949
949
949
949
949
949
949
949
949
949
949
951
951
951
951
951
951
951
952
952
952
953
955
955
955
955
957
957
957
957
957
957
957
958
958
958
958
958
958
958
958
958
958
958
958
958
958
958
959
959
959
960
960
960
960
960
960
960
960
960
960
960
961
963
963
963
963
963
964
964
964
964
964
964
964
964
964
964
965
965
965
965
965
965
965
965
965
965
965
965
966
969
969
970
970
970
970
970
970
970
970
970
970
970
970
970
970
970
970
970
970
970
970
970
970
970
970
971
971
971
971
971
971
972
972
972
972
972
972
975
975
975
975
975
976
976
976
976
976
976
976
976
977
977
977
977
977
977
977
978
978
978
978
978
978
978
979
979
979
980
980
980
981
981
981
981
981
981
981
982
982
982
982
982
982
982
982
983
984
985
994
994
994
994
994
994
994
994
994
994
994
994
994
994
994
995
995
995
995
995
995
995
995
995
995
995
997
997
997
997
997
997
997
998
998
998
999
1001
1001
1001
1001
1002
1002
1002
1002
1002
1002
1002
1010
1010
1010
1010
1010
1010
1010
1010
1010
1010
1010
1010
1010
1010
1010
1011
1011
1011
1012
1012
1012
1012
1012
1012
1012
1012
1013
1014
1014
1014
1014
1014
1014
1014
1014
1014
1015
1026
1026
1026
1026
1026
1026
1026
1026
1027
1027
1027
1027
1027
1027
1027
1027
1027
1027
1028
1040
1040
1040
1040
1040
1040
1040
1040
1040
1040
1040
1041
1041
1041
1041
1041
1041
1041
1041
1041
1041
1041
1042
1055
1055
1055
1055
1055
1055
1055
1055
1055
1055
1055
1055
1055
1055
1055
1056
1056
1056
1056
1056
1056
1056
1056
1056
1056
1056
1056
1056
1057
1069
1069
1069
1069
1069
1069
1069
1069
1069
1069
1069
1070
1070
1070
1070
1070
1070
1070
1070
1070
1070
1070
1071
1084
1084
1084
1084
1084
1084
1084
1084
1084
1084
1084
1084
1084
1084
1084
1085
1085
1085
1085
1085
1085
1085
1085
1085
1085
1085
1085
1085
1086
1105
1105
1105
1105
1105
1105
1105
1105
1105
1105
1105
1105
1105
1105
1105
1106
1106
1106
1106
1106
1106
1106
1106
1106
1106
1106
1106
1107
1126
1126
1126
1126
1126
1126
1126
1126
1126
1126
1126
1127
1127
1127
1127
1127
1127
1127
1127
1127
1127
1128
1139
1139
1139
1139
1139
1139
1139
1139
1140
1140
1140
1140
1140
1140
1140
1140
1140
1140
1141
1153
1153
1153
1153
1153
1153
1153
1153
1153
1153
1153
1154
1154
1154
1154
1154
1154
1154
1154
1154
1154
1154
1155
1195
1195
1195
1195
1195
1195
1195
1195
1196
1196
1196
1196
1196
1196
1196
1196
1196
1196
1197
1206
1206
1207
1207
1207
1207
1207
1207
1207
1207
1207
1208
1208
1208
1208
1208
1208
1209
1212
1212
1212
1212
1212
1212
1212
1212
1212
1212
1216
1216
1216
1216
1216
1216
1216
1216
1216
1216
1216
1216
1216
1216
1216
1216
1216
1216
1216
1216
1216
1217
1217
1217
1217
1217
1217
1217
1220
1220
1220
1220
1220
1220
1220
1220
1220
1221
1221
1221
1221
1223
1223
1225
1225
1225
1225
1225
1225
1225
1225
1225
1225
1225
1225
1225
1225
1225
1225
1225
1225
1225
1226
1226
1226
1226
1226
1226
1226
1226
1226
1227
1227
1227
1227
1227
1227
1227
1227
1228
1228
1228
1233
1233
1233
1233
1233
1233
1233
1233
1233
1233
1234
1234
1234
1234
1234
1234
1234
1235
1235
1235
1235
1235
1235
1236
1236
1236
1236
1236
1236
1236
1236
1237
1237
1237
1237
1237
1237
1237
1238
1238
1238
1238
1238
1238
1238
1238
1238
1238
1238
1239
1239
1239
1239
1239
1239
1239
1240
1240
1240
1240
1241
1242
1243
1244
1244
1244
1244
1244
1244
1244
1245
1245
1245
1245
1245
1245
1245
1245
1245
1245
1245
1245
1245
1245
1245
1246
1246
1246
1247
1247
1247
1247
1247
1247
1247
1247
1247
1248
1249
1249
1249
1249
1250
1251
1252
1264
1264
1264
1264
1264
1264
1264
1264
1264
1264
1264
1265
1265
1265
1265
1265
1265
1265
1265
1265
1265
1265
1266
1273
1273
1274
1274
1274
1274
1274
1274
1274
1274
1275
1275
1275
1275
1275
1275
1276
1276
1276
1276
1277
1291
1291
1291
1291
1291
1291
1291
1291
1291
1291
1291
1291
1291
1291
1291
1292
1292
1292
1292
1292
1292
1292
1292
1292
1292
1292
1292
1292
1293
1308
1308
1308
1308
1308
1308
1308
1308
1308
1308
1308
1308
1308
1308
1308
1308
1308
1309
1309
1309
1309
1309
1309
1309
1309
1309
1309
1309
1309
1309
1309
1309
1309
1310
1310
1310
1310
1310
1311
1311
1311
1311
1311
1312
1313
1313
1313
1314
1321
1321
1321
1321
1321
1321
1322
1322
1322
1322
1323
1323
1323
1323
1324
1324
1324
1324
1324
1325
1335
1335
1335
1335
1335
1335
1336
1336
1336
1336
1339
1339
1339
1339
1340
1340
1340
1340
1340
1341
1357
1357
1357
1357
1357
1357
1357
1357
1357
1357
1357
1357
1357
1357
1357
1358
1358
1358
1358
1358
1358
1358
1358
1358
1358
1358
1358
1358
1358
1358
1359
1359
1359
1359
1360
1360
1360
1360
1361
1361
1361
1361
1361
1362
1362
1362
1363
1364
1364
1364
1365
1379
1379
1379
1379
1379
1379
1379
1379
1380
1380
1380
1380
1380
1380
1380
1380
1380
1380
1380
1381
1381
1381
1382
1384
1384
1384
1384
1385
1385
1385
1385
1385
1385
1385
1385
1385
1385
1387
1387
1387
1388
1409
1409
1409
1409
1409
1409
1409
1409
1410
1410
1410
1410
1410
1410
1410
1410
1410
1410
1411
1423
1423
1423
1423
1423
1423
1423
1423
1423
1423
1423
1424
1424
1424
1424
1424
1424
1424
1424
1424
1424
1424
1425
1425
1425
1425
1425
1425
1425
1426
1426
1426
1426
1426
1426
1427
1428
1428
1428
1429
1441
1441
1441
1441
1441
1441
1441
1441
1441
1441
1441
1441
1441
1442
1442
1442
1442
1442
1442
1442
1442
1443
1443
1443
1444
1445
1445
1445
1445
1445
1445
1445
1445
1445
1445
1445
1445
1445
1445
1445
1445
1445
1445
1445
1445
1445
1446
1446
1446
1446
1446
1446
1446
1447
1447
1447
1447
1447
1447
1447
1447
1447
1447
1448
1449
1449
1449
1450
1457
1457
1457
1457
1457
1458
1458
1458
1458
1458
1458
1458
1458
1458
1458
1458
1459
1459
1459
1459
1459
1459
1459
1460
1460
1460
1461
1463
1463
1463
1463
1463
1463
1463
1463
1463
1463
1463
1463
1463
1463
1464
1466
1466
1466
1467
1474
1474
1474
1474
1474
1474
1475
1475
1475
1476
1478
1478
1478
1478
1478
1478
1478
1478
1478
1479
1479
1479
1479
1479
1479
1479
1480
1480
1480
1480
1480
1480
1480
1480
1480
1481
1482
1482
1482
1482
1482
1482
1482
1483
1485
1485
1485
1485
1485
1485
1485
1485
1485
1486
1486
1486
1486
1486
1486
1486
1487
1487
1487
1487
1487
1487
1487
1487
1487
1488
1489
1489
1489
1489
1489
1489
1489
1490
1497
1497
1497
1497
1497
1497
1498
1498
1498
1499
1508
1508
1509
1509
1509
1509
1509
1509
1510
1510
1510
1510
1510
1510
1510
1510
1511
1519
1519
1519
1519
1519
1519
1520
1520
1520
1521
1533
1533
1534
1534
1534
1534
1534
1534
1535
1535
1535
1535
1535
1535
1535
1536
1547
1547
1547
1547
1547
1547
1548
1548
1548
1549
1557
1557
1557
1557
1557
1557
1558
1558
1558
1559
1577
1577
1578
1578
1578
1578
1578
1578
1578
1578
1579
1579
1579
1580
1587
1587
1587
1587
1587
1587
1588
1588
1588
1589
1601
1601
1601
1601
1601
1601
1602
1602
1602
1603
1606
1606
1606
1606
1606
1607
1607
1607
1608
1616
1616
1616
1616
1616
1617
1617
1617
1617
1617
1617
1617
1618
1618
1618
1619
1621
1621
1621
1621
1621
1622
1629
1629
1629
1629
1629
1629
1629
1629
1629
1630
1630
1630
1630
1630
1630
1630
1631
1631
1631
1631
1631
1631
1631
1632
1632
1632
1632
1632
1632
1632
1632
1632
1632
1632
1632
1632
1632
1632
1632
1633
1633
1633
1633
1633
1633
1633
1634
1634
1634
1634
1634
1634
1634
1635
1635
1635
1635
1635
1635
1635
1636
1637
1637
1637
1638
1640
1640
1640
1641
1648
1648
1648
1648
1648
1648
1649
1649
1649
1649
1649
1650
1661
1661
1661
1661
1661
1661
1661
1661
1661
1661
1661
1662
1662
1662
1662
1662
1662
1662
1662
1662
1662
1662
1662
1662
1664
1664
1664
1664
1664
1664
1664
1664
1664
1664
1664
1665
1666
1666
1666
1667
1677
1677
1677
1677
1677
1677
1678
1678
1678
1679
1686
1686
1686
1686
1686
1686
1687
1687
1687
1687
1687
1688
1697
1697
1697
1697
1697
1697
1698
1698
1698
1699
1707
1707
1707
1707
1707
1707
1708
1708
1708
1709
1718
1718
1718
1718
1718
1719
1719
1719
1719
1719
1719
1719
1720
1720
1720
1721
1722
1722
1722
1722
1722
1723
1730
1730
1730
1730
1730
1730
1731
1731
1731
1732
1740
1740
1740
1740
1740
1740
1741
1741
1741
1742
1756
1756
1756
1756
1756
1756
1756
1756
1756
1756
1756
1757
1757
1757
1757
1757
1757
1757
1757
1757
1757
1757
1757
1757
1758
1758
1758
1758
1758
1758
1758
1758
1758
1758
1758
1759
1760
1760
1760
1761
1772
1772
1772
1772
1772
1772
1772
1772
1773
1773
1773
1773
1773
1773
1773
1773
1773
1773
1773
1773
1774
1774
1774
1774
1774
1775
1776
1776
1776
1777
1790
1790
1790
1790
1790
1790
1790
1790
1790
1790
1790
1791
1791
1791
1791
1791
1791
1791
1791
1791
1791
1791
1791
1791
1792
1792
1792
1792
1792
1793
1794
1794
1794
1795
1802
1802
1803
1803
1803
1803
1803
1803
1803
1803
1804
1804
1804
1804
1804
1804
1804
1804
1804
1804
1804
1804
1804
1804
1804
1804
1805
1805
1805
1805
1805
1805
1805
1805
1805
1805
1805
1805
1805
1805
1805
1805
1805
1805
1805
1805
1806
1807
1807
1807
1808
1825
1825
1825
1825
1825
1825
1825
1825
1830
1830
1830
1830
1830
1830
1830
1831
1831
1831
1831
1831
1831
1831
1831
1831
1831
1831
1831
1833
1833
1833
1833
1833
1833
1833
1833
1833
1833
1833
1833
1833
1833
1833
1833
1833
1833
1833
1833
1834
1834
1834
1836
1836
1836
1836
1836
1836
1836
1836
1836
1836
1836
1837
1837
1837
1837
1837
1837
1837
1838
1838
1838
1838
1838
1838
1838
1838
1838
1838
1838
1839
1840
1840
1840
1840
1841
1842
1843
1843
1843
1844
1856
1856
1856
1856
1856
1856
1856
1856
1856
1856
1856
1857
1857
1857
1857
1857
1857
1857
1857
1857
1857
1858
1870
1870
1870
1870
1870
1870
1870
1870
1870
1870
1870
1871
1871
1871
1871
1871
1871
1871
1871
1872
1872
1872
1873
1874
1874
1874
1874
1874
1874
1874
1874
1874
1874
1874
1874
1874
1874
1874
1875
1890
1890
1890
1890
1890
1890
1890
1890
1890
1890
1890
1890
1890
1890
1890
1891
1891
1891
1891
1891
1891
1891
1891
1892
1892
1892
1893
1894
1894
1894
1894
1894
1894
1894
1894
1894
1894
1894
1894
1894
1894
1894
1894
1894
1894
1894
1894
1894
1895
1895
1895
1895
1895
1895
1895
1896
1896
1896
1896
1896
1896
1896
1896
1897
1898
1898
1898
1899
1901
1901
1901
1901
1901
1901
1902
1902
1902
1902
1903
1903
1903
1903
1904
1904
1904
1904
1904
1905
1905
1905
1905
1906
1906
1906
1906
1907
1907
1907
1907
1908
1908
1908
1908
1909
1909
1909
1909
1909
1909
1910
1910
1910
1910
1910
1910
1911
1911
1911
1911
1911
1911
1912
1912
1912
1912
1912
1912
1913
1913
1913
1913
1914
1914
1914
1914
1915
1915
1915
1915
1916
1916
1916
1916
1917
1917
1917
1917
1918
1923
1923
1923
1923
1923
1923
1923
1923
1924
1924
1924
1924
1924
1924
1924
1926
1926
1926
1926
1926
1926
1926
1926
1927
1927
1927
1927
1927
1927
1927
1927
1927
1928
1928
1928
1929
1930
1930
1930
1930
1930
1930
1930
1930
1930
1930
1930
1932
1932
1932
1932
1932
1932
1932
1932
1932
1933
1933
1933
1933
1933
1933
1934
1934
1934
1935
1936
1936
1936
1936
1936
1936
1936
1936
1936
1937
1937
1937
1937
1937
1937
1937
1937
1937
1937
1938
1938
1938
1939
1939
1939
1939
1939
1940
1940
1940
1940
1940
1940
1940
1940
1940
1940
1940
1940
1940
1941
1941
1941
1941
1941
1941
1941
1942
1942
1942
1942
1942
1942
1942
1942
1942
1942
1942
1943
1943
1943
1943
1943
1943
1943
1943
1943
1943
1943
1944
1944
1944
1945
1945
1945
1945
1945
1945
1945
1945
1945
1946
1947
1947
1947
1947
1947
1947
1947
1947
1947
1947
1947
1948
1948
1948
1948
1948
1948
1948
1948
1948
1948
1948
1948
1948
1948
1948
1948
1948
1948
1948
1948
1948
1948
1949
1949
1949
1949
1949
1949
1949
1950
1951
1952
1953
1953
1953
1954
1977
1977
1977
1977
1977
1977
1977
1977
1978
1978
1978
1978
1978
1978
1978
1978
1978
1979
1990
1990
1990
1990
1990
1990
1990
1990
1990
1990
1990
1990
1990
1990
1990
1991
1991
1991
1991
1991
1991
1991
1991
1991
1991
1991
1991
1991
1991
1991
1991
1993
1993
1993
1993
1993
1993
1993
1993
1993
1993
1993
1993
1994
1994
1994
1994
1994
1994
1994
1995
1995
1995
1996
1998
1998
1999
1999
1999
1999
1999
1999
1999
1999
1999
1999
1999
1999
1999
1999
1999
2000
2000
2000
2001
2001
2001
2001
2001
2001
2001
2002
2004
2004
2004
2004
2005
2005
2005
2006
2047
2047
2047
2047
2047
2047
2047
2047
2047
2047
2047
2048
2048
2048
2048
2048
2048
2048
2048
2048
2048
2048
2049
2085
2085
2085
2085
2085
2085
2085
2085
2085
2085
2085
2085
2085
2085
2085
2086
2086
2086
2086
2086
2087
2087
2087
2087
2087
2087
2087
2087
2088
2096
2096
2096
2096
2096
2096
2096
2096
2097
2097
2097
2097
2097
2097
2098
2107
2107
2107
2107
2107
2107
2107
2107
2107
2107
2107
2108
2108
2108
2108
2108
2108
2108
2108
2108
2108
2108
2108
2108
2109
2109
2109
2109
2109
2109
2109
2109
2109
2109
2109
2109
2109
2109
2109
2109
2110
2110
2110
2110
2110
2110
2110
2111
2111
2111
2112
2114
2114
2115
2115
2115
2115
2115
2115
2115
2115
2115
2115
2115
2115
2115
2115
2115
2116
2116
2116
2117
2117
2117
2117
2117
2117
2117
2118
2118
2118
2118
2119
2120
2120
2120
2121
2134
2134
2134
2134
2134
2134
2135
2135
2135
2136
2144
2144
2144
2144
2144
2144
2145
2145
2145
2146
2154
2154
2154
2154
2154
2154
2155
2155
2155
2156
2185
2185
2185
2185
2185
2185
2185
2185
2185
2185
2186
2186
2186
2186
2186
2186
2186
2186
2186
2187
2218
2218
2218
2218
2218
2218
2218
2218
2218
2218
2218
2218
2218
2219
2219
2219
2219
2219
2219
2219
2219
2219
2219
2220
2250
2250
2250
2250
2250
2250
2250
2250
2250
2250
2251
2251
2251
2251
2251
2251
2251
2251
2251
2252
2284
2284
2284
2284
2284
2284
2284
2284
2284
2284
2284
2284
2284
2285
2285
2285
2285
2285
2285
2285
2285
2285
2285
2285
2285
2285
2285
2285
2286
2297
2297
2297
2297
2297
2297
2297
2297
2297
2297
2297
2297
2297
2297
2297
2297
2297
2298
2298
2298
2298
2298
2298
2298
2298
2298
2298
2298
2298
2298
2298
2298
2298
2299
2310
2310
2310
2310
2310
2310
2310
2310
2311
2311
2311
2311
2311
2311
2311
2311
2311
2311
2311
2311
2311
2311
2311
2311
2312
2324
2324
2324
2324
2324
2324
2324
2324
2324
2324
2324
2325
2325
2325
2325
2325
2325
2325
2325
2325
2325
2325
2325
2325
2325
2325
2325
2325
2326
2340
2340
2340
2340
2340
2340
2340
2340
2340
2340
2341
2341
2341
2341
2341
2341
2342
2360
2360
2360
2360
2360
2360
2360
2360
2360
2360
2360
2360
2360
2361
2361
2361
2361
2361
2361
2361
2361
2361
2361
2361
2361
2361
2361
2362
2362
2362
2362
2362
2362
2362
2362
2362
2362
2362
2362
2362
2362
2362
2362
2362
2362
2362
2364
2364
2364
2364
2364
2364
2364
2365
2365
2365
2366
2368
2368
2368
2368
2368
2368
2368
2368
2368
2368
2368
2368
2368
2368
2368
2368
2368
2368
2368
2368
2368
2368
2368
2368
2368
2370
2370
2370
2371
2371
2371
2371
2371
2371
2371
2371
2371
2371
2371
2371
2371
2371
2371
2372
2372
2372
2372
2372
2372
2372
2373
2374
2375
2377
2377
2377
2377
2377
2377
2377
2378
2378
2378
2378
2378
2378
2378
2378
2378
2378
2379
2381
2381
2381
2382
2395
2395
2395
2395
2395
2395
2395
2395
2395
2395
2395
2395
2395
2395
2395
2397
2397
2397
2397
2397
2399
2399
2399
2399
2399
2399
2399
2399
2399
2399
2400
2400
2400
2401
2405
2405
2405
2405
2405
2405
2405
2405
2405
2405
2405
2406
2406
2406
2407
2409
2409
2409
2409
2409
2409
2409
2409
2409
2409
2409
2410
2425
2425
2425
2425
2425
2425
2425
2425
2425
2425
2425
2425
2425
2425
2425
2425
2425
2425
2425
2426
2426
2426
2426
2426
2428
2428
2428
2428
2428
2428
2428
2428
2428
2428
2429
2429
2429
2430
2434
2434
2434
2434
2434
2434
2434
2434
2434
2434
2434
2435
2435
2435
2436
2438
2438
2438
2438
2438
2440
2440
2440
2440
2440
2440
2440
2440
2440
2440
2441
2441
2441
2442
2444
2444
2444
2444
2444
2444
2444
2444
2444
2444
2444
2445
2445
2445
2446
2448
2448
2448
2448
2448
2448
2448
2448
2448
2448
2448
2449
2460
2460
2460
2460
2460
2460
2460
2460
2461
2461
2461
2461
2461
2461
2461
2461
2461
2461
2462
2475
2475
2475
2475
2475
2475
2475
2475
2475
2475
2475
2476
2476
2476
2476
2476
2476
2476
2476
2476
2476
2476
2477
2488
2488
2488
2488
2488
2488
2488
2488
2488
2488
2488
2489
2489
2489
2489
2489
2489
2489
2489
2489
2490
2490
2490
2490
2490
2490
2490
2491
2491
2491
2491
2491
2491
2491
2491
2492
2493
2493
2493
2494
2505
2505
2505
2505
2505
2505
2505
2505
2505
2505
2505
2506
2506
2506
2506
2506
2506
2506
2506
2506
2507
2507
2507
2507
2507
2507
2507
2508
2508
2508
2508
2508
2508
2508
2508
2508
2509
2509
2509
2509
2509
2509
2509
2510
2510
2510
2510
2510
2510
2510
2511
2511
2511
2511
2511
2511
2511
2511
2511
2511
2511
2511
2512
2512
2512
2513
2514
2514
2514
2515
2526
2526
2526
2526
2526
2526
2526
2526
2526
2526
2526
2527
2527
2527
2527
2527
2527
2527
2527
2527
2528
2528
2528
2528
2528
2528
2528
2529
2529
2529
2529
2529
2529
2529
2529
2530
2531
2531
2531
2532
2541
2541
2541
2541
2541
2541
2541
2541
2541
2542
2542
2542
2542
2542
2542
2542
2543
2543
2543
2544
2545
2545
2545
2545
2545
2545
2545
2546
2546
2546
2547
2549
2549
2549
2549
2549
2549
2549
2549
2549
2550
2550
2550
2550
2550
2550
2550
2551
2551
2551
2551
2551
2551
2551
2552
2552
2552
2553
2562
2562
2562
2562
2562
2562
2562
2562
2562
2562
2563
2563
2563
2563
2563
2563
2564
2574
2574
2574
2574
2574
2574
2574
2574
2574
2574
2574
2574
2574
2575
2575
2575
2575
2575
2575
2575
2575
2575
2575
2576
2587
2587
2587
2587
2587
2587
2587
2587
2587
2587
2587
2587
2587
2587
2587
2587
2587
2588
2588
2588
2588
2588
2588
2588
2588
2588
2588
2588
2589
2599
2599
2599
2599
2599
2599
2599
2599
2599
2599
2599
2600
2600
2600
2600
2600
2600
2600
2600
2600
2600
2600
2600
2600
2600
2600
2600
2600
2600
2601
2601
2601
2601
2601
2602
2602
2602
2602
2602
2602
2602
2602
2604
2604
2604
2604
2604
2604
2604
2604
2604
2604
2604
2604
2605
2605
2605
2605
2605
2605
2606
2611
2611
2611
2611
2611
2611
2611
2611
2611
2611
2611
2612
2612
2612
2612
2612
2612
2612
2612
2612
2612
2612
2613
2615
2615
2615
2615
2615
2615
2615
2615
2615
2615
2615
2615
2615
2616
2616
2616
2616
2616
2616
2616
2616
2617
2618
2618
2618
2619
2630
2630
2630
2630
2630
2630
2630
2630
2631
2631
2631
2631
2631
2631
2631
2631
2631
2631
2631
2632
2632
2632
2633
2635
2635
2635
2635
2635
2635
2635
2635
2635
2635
2635
2635
2635
2635
2635
2635
2635
2636
2648
2648
2648
2648
2648
2648
2648
2648
2649
2649
2649
2649
2651
2651
2651
2651
2651
2651
2651
2651
2651
2651
2651
2651
2651
2651
2651
2651
2651
2651
2651
2651
2651
2651
2651
2651
2651
2651
2651
2651
2653
2653
2653
2653
2655
2655
2655
2656
2658
2658
2658
2659
2674
2674
2674
2674
2674
2674
2674
2674
2674
2674
2674
2675
2675
2675
2675
2675
2675
2675
2675
2675
2675
2675
2676
2676
2676
2676
2676
2676
2676
2676
2676
2676
2676
2677
2678
2678
2678
2679
2691
2691
2691
2691
2691
2691
2691
2691
2691
2691
2691
2692
2692
2692
2692
2692
2692
2692
2692
2692
2692
2692
2693
2693
2693
2693
2693
2693
2693
2693
2693
2693
2693
2694
2695
2695
2695
2696
2709
2709
2709
2709
2709
2709
2709
2709
2709
2709
2709
2710
2710
2710
2710
2710
2710
2710
2710
2710
2710
2710
2711
2711
2711
2711
2711
2711
2711
2711
2711
2711
2711
2712
2713
2713
2713
2714
2727
2727
2727
2727
2727
2727
2727
2727
2728
2728
2728
2728
2728
2728
2728
2728
2728
2728
2728
2729
2729
2729
2729
2729
2729
2729
2729
2729
2729
2730
2731
2731
2731
2732
2745
2745
2745
2745
2745
2745
2745
2745
2745
2745
2745
2746
2746
2746
2746
2746
2746
2746
2746
2746
2746
2746
2747
2747
2747
2747
2747
2747
2747
2747
2747
2747
2747
2748
2749
2749
2749
2750
2762
2762
2762
2762
2762
2762
2762
2762
2762
2762
2762
2763
2763
2763
2763
2763
2763
2763
2763
2763
2763
2763
2764
2777
2777
2777
2777
2777
2777
2777
2777
2777
2777
2777
2777
2777
2777
2777
2778
2778
2778
2778
2778
2778
2778
2778
2778
2778
2778
2778
2778
2778
2779
2779
2779
2780
2782
2782
2782
2782
2782
2782
2782
2782
2782
2782
2782
2783
2798
2798
2798
2798
2798
2798
2798
2798
2798
2798
2798
2799
2799
2799
2799
2800
2800
2800
2800
2800
2800
2800
2800
2800
2800
2800
2800
2800
2800
2800
2800
2801
2821
2821
2821
2821
2821
2821
2821
2821
2821
2821
2821
2821
2821
2821
2821
2822
2822
2822
2822
2822
2822
2822
2822
2822
2822
2822
2822
2822
2822
2822
2822
2823
2843
2843
2843
2843
2843
2843
2843
2843
2843
2843
2843
2844
2844
2844
2844
2844
2844
2844
2844
2844
2844
2844
2844
2844
2844
2845
2856
2856
2856
2856
2856
2856
2856
2856
2857
2857
2857
2857
2857
2857
2857
2857
2857
2857
2858
2870
2870
2870
2870
2870
2870
2870
2870
2870
2870
2870
2871
2871
2871
2871
2871
2871
2871
2871
2871
2871
2871
2872
2881
2881
2881
2881
2881
2881
2881
2881
2881
2881
2881
2882
2882
2882
2882
2882
2882
2882
2882
2882
2882
2882
2883
2892
2892
2892
2892
2892
2892
2892
2892
2892
2892
2892
2892
2892
2893
2893
2893
2893
2893
2893
2894
2894
2894
2894
2894
2894
2895
2904
2904
2904
2904
2904
2904
2904
2904
2904
2905
2905
2905
2905
2906
2913
2913
2913
2913
2913
2913
2913
2913
2913
2914
2914
2914
2914
2915
2924
2924
2924
2924
2924
2924
2924
2924
2924
2925
2925
2925
2925
2925
2925
2925
2925
2925
2926
2936
2936
2937
2937
2937
2937
2937
2937
2937
2937
2937
2938
2938
2938
2938
2938
2938
2938
2938
2938
2939
2951
2951
2951
2951
2951
2951
2951
2951
2951
2952
2952
2952
2952
2952
2952
2952
2952
2952
2953
2966
2966
2967
2967
2967
2967
2967
2967
2967
2967
2967
2968
2968
2968
2968
2968
2968
2968
2968
2968
2969
2977
2977
2977
2977
2977
2977
2977
2977
2977
2978
2978
2978
2978
2979
2990
2990
2990
2990
2990
2990
2990
2990
2990
2991
2991
2991
2991
2991
2991
2991
2991
2991
2992
3004
3004
3005
3005
3005
3005
3005
3005
3005
3005
3005
3006
3006
3006
3006
3006
3006
3006
3006
3006
3007
3019
3019
3019
3019
3019
3019
3019
3019
3019
3019
3019
3020
3020
3020
3020
3020
3020
3020
3020
3020
3020
3020
3020
3020
3021
3021
3021
3021
3022
3022
3022
3023
3024
3024
3024
3025
3038
3038
3038
3038
3038
3038
3038
3038
3038
3038
3038
3039
3039
3039
3039
3039
3039
3039
3039
3039
3039
3039
3039
3039
3040
3040
3040
3040
3041
3041
3041
3042
3043
3043
3043
3044
3062
3062
3062
3062
3062
3062
3062
3062
3062
3062
3062
3063
3063
3063
3063
3063
3063
3063
3063
3063
3063
3063
3063
3063
3064
3064
3064
3064
3064
3064
3065
3065
3065
3065
3065
3065
3065
3065
3066
3066
3066
3067
3068
3068
3068
3069
3091
3091
3091
3091
3091
3091
3091
3091
3091
3091
3091
3091
3091
3091
3091
3092
3092
3092
3092
3092
3092
3092
3092
3092
3092
3092
3092
3092
3092
3092
3093
3093
3093
3093
3093
3093
3094
3094
3094
3094
3094
3094
3095
3095
3095
3096
3097
3097
3097
3098
3111
3111
3111
3111
3111
3111
3111
3111
3112
3112
3112
3112
3112
3112
3113
3122
3122
3122
3122
3122
3122
3122
3122
3122
3123
3123
3123
3123
3123
3123
3124
3141
3141
3141
3141
3141
3141
3141
3141
3141
3141
3141
3141
3141
3141
3141
3142
3142
3142
3142
3142
3142
3142
3142
3142
3142
3142
3142
3142
3142
3142
3143
3153
3153
3153
3153
3153
3153
3153
3153
3153
3154
3154
3154
3154
3154
3154
3155
3162
3162
3162
3162
3162
3162
3162
3162
3162
3163
3163
3163
3163
3163
3163
3164
3172
3172
3172
3172
3172
3172
3172
3172
3172
3172
3172
3173
3173
3173
3173
3173
3173
3173
3173
3173
3173
3173
3174
3186
3186
3187
3187
3187
3187
3187
3187
3187
3187
3187
3188
3188
3188
3188
3188
3188
3188
3188
3188
3188
3188
3188
3188
3188
3189
3199
3199
3199
3199
3199
3199
3199
3199
3199
3200
3200
3200
3200
3200
3200
3201
3209
3209
3209
3209
3209
3209
3209
3209
3209
3210
3210
3210
3210
3211
3219
3219
3219
3219
3219
3219
3219
3219
3219
3220
3220
3220
3220
3221
3231
3231
3231
3231
3231
3231
3231
3231
3231
3231
3231
3232
3232
3232
3232
3232
3232
3232
3232
3232
3232
3232
3233
3246
3246
3246
3246
3246
3246
3246
3246
3246
3247
3247
3247
3247
3247
3247
3247
3248
3248
3248
3248
3249
3250
3258
3258
3258
3258
3258
3258
3258
3258
3258
3259
3259
3259
3259
3260
3272
3272
3272
3272
3272
3272
3272
3272
3272
3273
3273
3273
3273
3273
3273
3274
3276
3276
3276
3276
3276
3276
3276
3276
3276
3276
3276
3276
3276
3276
3276
3276
3276
3276
3276
3277
3277
3277
3277
3277
3277
3277
3277
3277
3277
3277
3277
3277
3277
3278
3297
3297
3297
3297
3297
3297
3297
3297
3297
3297
3297
3297
3297
3297
3297
3298
3298
3298
3298
3298
3298
3298
3298
3298
3298
3298
3298
3299
3301
3301
3301
3301
3301
3301
3301
3301
3301
3301
3301
3301
3301
3301
3301
3302
3302
3302
3302
3302
3302
3302
3302
3302
3302
3302
3302
3303
3322
3322
3322
3322
3322
3322
3322
3322
3322
3322
3322
3323
3323
3323
3323
3323
3323
3323
3323
3323
3323
3324
3342
3342
3342
3342
3342
3342
3342
3342
3342
3342
3342
3343
3343
3343
3343
3343
3343
3343
3343
3343
3343
3343
3343
3344
3363
3363
3363
3363
3363
3363
3363
3363
3363
3363
3363
3363
3363
3363
3363
3364
3364
3364
3364
3364
3364
3364
3364
3364
3364
3364
3364
3365
3383
3383
3383
3383
3383
3383
3383
3383
3384
3384
3384
3384
3384
3384
3384
3384
3384
3384
3385
3404
3404
3404
3404
3404
3404
3404
3404
3404
3404
3404
3405
3405
3405
3405
3405
3405
3405
3405
3405
3405
3406
3418
3418
3418
3418
3418
3418
3418
3418
3418
3418
3418
3419
3419
3419
3419
3419
3419
3419
3419
3419
3419
3419
3420
3421
3422
