18
18
18
18
18
18
18
18
18
18
18
27
27
27
27
27
29
29
29
29
29
29
29
29
30
30
30
30
30
30
30
30
31
31
31
31
31
31
31
31
32
32
32
32
32
32
32
32
33
33
33
33
33
33
33
33
34
34
34
34
34
34
34
34
35
35
35
35
35
35
35
35
36
36
36
36
36
36
36
36
37
37
37
37
37
37
37
37
38
38
38
38
38
38
38
38
39
39
39
39
39
39
39
39
40
40
40
40
40
40
40
40
41
41
41
41
41
41
41
41
42
42
42
42
42
42
42
42
43
43
43
43
43
43
43
43
44
44
44
44
44
44
44
44
46
46
46
46
46
46
46
46
47
47
47
47
47
47
47
47
48
48
48
48
48
48
48
48
49
49
49
49
49
49
49
49
50
50
50
50
50
50
50
50
51
51
51
51
51
51
51
51
52
52
52
52
52
52
52
52
53
53
53
53
53
53
53
53
54
54
54
54
54
54
54
54
55
55
55
55
55
55
55
55
56
56
56
56
56
56
56
56
57
57
57
57
57
57
57
57
58
58
58
58
58
58
58
58
59
59
59
59
59
59
59
59
60
60
60
60
60
60
60
60
61
61
61
61
61
61
61
61
62
62
62
62
62
62
62
62
63
63
63
63
63
63
63
63
64
64
64
64
64
64
64
64
65
65
65
65
65
65
65
65
66
66
66
66
66
66
66
66
67
67
67
67
67
67
67
67
68
68
68
68
68
68
68
68
69
69
69
69
69
69
69
69
74
74
74
74
74
74
74
74
76
76
76
76
76
76
76
76
78
78
78
78
78
78
78
78
80
80
80
80
80
80
80
80
82
82
82
82
82
82
82
82
84
84
84
84
84
84
84
84
86
86
86
86
86
86
86
86
88
88
88
88
88
88
88
88
90
90
90
90
90
90
90
90
92
92
92
92
92
92
92
92
97
97
97
97
97
97
97
97
106
106
106
106
106
106
106
106
106
106
107
107
107
107
107
107
107
107
107
108
117
117
117
117
117
117
117
117
117
117
118
118
118
118
118
118
118
118
118
119
128
128
128
128
128
128
128
128
128
128
129
129
129
129
129
129
129
129
129
130
140
140
140
140
140
140
140
140
140
140
141
141
141
141
141
141
141
141
141
142
152
152
152
152
152
152
152
152
152
152
153
153
153
153
153
153
153
153
153
154
163
163
163
163
163
163
163
163
163
163
166
166
166
166
166
166
166
166
166
167
170
170
170
170
170
171
173
174
