18
18
18
18
18
18
18
18
18
18
18
18
18
20
20
20
20
20
20
20
21
21
21
21
21
21
21
22
22
22
22
22
22
22
23
23
23
23
23
23
23
24
24
24
24
24
24
24
25
25
25
25
25
25
25
26
26
26
26
26
26
26
28
28
28
28
28
28
28
28
28
28
28
29
29
29
29
29
29
29
29
29
29
29
29
29
30
30
30
30
30
30
30
30
30
30
30
30
30
31
31
31
31
31
31
31
31
31
31
31
31
31
32
32
32
32
32
32
32
32
32
32
32
32
32
39
39
39
39
39
41
41
41
41
41
41
41
41
41
41
41
41
42
42
42
42
43
43
43
43
44
44
44
45
45
45
45
46
46
46
46
47
47
47
47
48
48
48
48
49
49
49
49
50
50
50
50
50
51
51
51
51
52
52
52
52
54
54
54
54
54
54
54
54
54
55
55
55
55
55
55
55
55
55
56
56
56
56
56
56
56
57
59
59
59
59
59
59
59
61
61
61
61
61
61
61
61
61
61
61
61
61
61
63
63
64
64
64
64
64
64
64
64
64
65
65
65
65
65
65
65
65
67
67
67
67
67
67
67
67
69
69
69
69
69
69
69
69
69
70
70
70
70
70
70
70
70
72
72
72
72
72
72
72
72
74
74
74
74
74
74
74
74
74
74
76
76
76
76
76
76
76
76
76
77
77
77
77
77
77
77
77
79
79
79
79
79
79
79
79
80
80
80
80
80
80
80
82
82
82
82
82
83
83
83
83
83
83
83
83
83
84
84
84
84
84
84
84
84
86
86
86
86
86
86
86
86
87
87
87
87
87
87
87
88
88
89
91
91
91
91
91
91
91
91
93
93
93
93
93
93
93
93
93
94
94
95
97
97
97
97
97
97
97
98
100
100
100
100
100
100
100
100
100
101
101
101
101
101
101
101
101
103
103
103
103
103
103
103
103
105
105
105
105
105
105
105
105
105
106
106
106
106
106
106
106
106
108
108
108
108
108
108
108
108
110
110
110
110
110
110
110
110
110
110
110
110
110
110
111
111
111
111
111
111
111
111
111
112
114
114
114
114
114
114
114
114
114
114
114
114
114
114
115
115
115
115
115
115
115
115
115
116
118
118
118
118
118
118
118
118
118
120
120
120
120
120
120
120
120
120
121
121
121
121
121
121
121
121
123
123
123
123
123
123
123
123
125
125
126
126
126
126
126
126
126
126
127
127
127
127
127
127
127
127
128
128
128
128
128
128
128
128
128
128
128
128
128
128
128
129
129
129
129
129
129
129
130
132
132
132
132
132
132
132
133
133
133
133
133
133
133
133
133
133
133
133
133
133
133
133
133
133
133
135
135
135
135
135
135
135
137
137
137
137
137
137
137
137
137
137
137
137
137
137
137
138
138
138
138
138
138
139
139
139
139
139
139
139
139
139
140
140
140
140
140
140
140
141
143
143
143
143
143
143
143
143
143
144
144
144
144
144
144
144
144
144
144
146
146
146
146
146
146
146
147
147
147
147
147
147
147
147
147
147
147
148
148
148
148
148
148
148
148
148
149
149
149
149
149
149
150
150
150
150
150
150
151
152
154
154
154
154
154
154
156
156
156
156
156
156
158
158
158
158
158
158
159
159
159
159
159
159
159
159
160
160
160
160
160
160
161
161
161
161
161
161
161
162
163
164
165
