18
18
18
18
18
18
18
18
18
18
18
18
18
20
20
20
20
20
20
20
21
21
21
21
21
21
21
22
22
22
22
22
22
22
24
24
24
24
24
24
24
24
24
24
24
25
25
25
25
25
25
25
25
25
25
25
26
26
26
26
26
26
26
26
26
26
26
26
26
27
27
27
27
27
27
27
27
27
27
27
27
27
39
39
39
39
40
42
42
42
42
42
42
42
42
42
42
42
43
44
44
44
45
45
45
45
46
46
46
46
47
47
47
47
48
48
48
49
49
49
49
50
50
50
50
51
51
51
51
52
52
52
52
52
53
53
53
53
53
53
53
53
53
54
54
54
54
55
55
55
55
56
56
56
56
58
58
58
58
58
58
58
58
59
60
60
60
60
60
60
61
62
62
63
63
63
63
63
63
63
64
66
66
66
66
66
66
66
67
67
67
67
67
67
67
67
67
68
68
68
68
68
68
68
68
68
69
69
69
69
69
69
69
70
70
70
70
70
70
70
70
70
70
70
70
71
72
72
72
72
72
72
72
73
73
73
73
73
73
73
74
74
74
74
74
74
74
75
75
75
75
75
75
75
76
76
76
76
76
76
76
76
76
77
77
77
77
77
77
77
77
77
78
78
78
78
78
78
78
79
79
79
79
79
79
79
79
79
79
79
79
80
81
81
81
81
81
81
81
82
82
82
82
82
82
82
83
83
83
83
83
83
83
85
85
85
85
85
85
85
85
85
85
85
85
85
85
85
85
86
86
86
86
86
86
86
87
87
87
87
87
87
87
88
88
88
88
88
88
88
89
89
89
89
89
89
89
91
92
93
93
93
93
94
94
94
94
94
94
94
95
95
95
95
95
95
95
95
95
96
96
96
97
97
97
97
97
97
97
98
99
99
99
99
99
99
99
99
99
99
99
99
99
101
101
101
101
101
101
101
101
103
103
103
103
103
103
103
103
103
103
104
105
105
105
105
105
105
106
106
106
106
106
106
106
106
106
107
107
107
107
107
107
107
108
109
110
110
110
110
110
110
111
112
112
112
112
112
112
112
112
113
114
115
116
116
116
116
116
116
117
118
118
118
118
118
118
119
121
122
123
123
123
123
123
123
123
123
123
124
124
124
124
124
124
125
125
125
125
125
125
125
126
128
129
130
130
130
130
131
131
131
131
131
131
131
132
132
132
132
132
132
132
132
132
133
133
133
134
134
134
134
134
134
134
135
136
136
136
136
136
136
136
136
136
136
136
136
136
138
138
138
138
138
138
138
138
140
140
140
140
140
140
140
140
140
140
141
142
142
142
142
142
142
143
143
143
143
143
143
143
143
143
144
144
144
144
144
144
144
145
146
147
147
147
147
147
147
148
149
149
149
149
149
149
149
149
150
151
152
153
153
153
153
153
153
154
155
155
155
155
155
155
156
158
159
160
160
160
160
160
160
160
160
160
161
161
161
161
161
161
162
162
162
162
162
162
162
163
165
165
166
167
168
168
168
168
168
168
168
168
168
168
168
168
169
170
170
170
170
170
170
170
170
170
170
170
171
171
171
172
174
174
174
174
174
174
174
174
174
174
174
174
175
176
176
176
176
176
176
176
176
176
176
176
177
177
177
178
181
181
181
181
181
181
183
183
183
183
183
183
183
183
183
183
183
183
183
183
183
184
184
184
184
184
184
184
193
193
193
193
193
193
193
193
193
193
193
193
193
193
193
193
193
193
193
194
194
194
194
194
194
195
195
195
196
196
196
197
200
200
200
200
200
200
201
201
201
201
201
201
203
204
204
204
204
204
204
205
206
206
206
206
206
206
207
207
207
207
207
207
207
208
209
210
211
212
213
213
213
213
213
213
213
213
214
215
215
215
215
215
215
216
216
216
216
216
216
217
218
219
219
219
219
219
219
220
222
224
225
226
226
226
226
226
226
226
226
227
228
228
228
228
228
228
229
229
229
229
229
229
230
231
232
232
232
232
232
232
233
235
236
237
238
239
