18
18
18
18
18
18
18
18
18
18
18
23
23
23
23
23
24
28
28
28
28
28
28
28
28
33
33
33
33
33
33
33
33
38
38
38
38
38
38
38
38
43
43
43
43
43
51
51
51
51
51
51
51
52
53
53
53
53
53
53
53
53
53
53
53
53
53
53
53
54
54
54
54
55
69
69
69
69
69
69
69
70
70
70
70
71
71
71
71
72
72
72
72
73
73
73
73
74
75
75
75
75
75
75
75
75
75
75
76
76
76
76
76
77
77
77
77
78
88
88
89
89
89
89
89
89
89
89
89
89
89
89
89
89
89
89
90
91
91
91
91
91
91
91
91
91
91
91
91
91
92
92
92
92
92
92
92
93
94
94
94
94
94
94
94
94
94
94
95
95
95
95
95
95
95
95
95
95
96
97
97
97
97
97
97
97
97
97
97
97
97
97
97
97
97
97
97
99
99
99
99
99
99
99
100
100
100
100
100
100
100
102
102
102
102
102
102
102
102
102
102
102
102
102
102
102
102
102
102
103
104
104
104
104
104
104
104
104
104
104
104
104
104
104
105
107
107
107
108
109
110
110
110
111
112
113
