18
18
18
18
18
18
18
18
18
18
18
18
18
20
20
20
20
20
20
20
21
21
21
21
21
21
21
22
22
22
22
22
22
22
23
23
23
23
23
23
23
24
24
24
24
24
24
24
25
25
25
25
25
25
25
26
26
26
26
26
26
26
28
28
28
28
28
28
28
28
28
28
28
28
28
29
29
29
29
29
29
29
29
29
29
29
29
29
30
30
30
30
30
30
30
30
30
30
30
30
30
40
40
40
40
40
41
41
41
41
41
41
41
41
42
42
42
42
43
43
43
43
44
44
44
44
44
44
45
45
45
45
45
45
45
45
45
47
47
47
47
47
47
47
47
47
47
47
47
47
47
48
48
48
49
49
49
49
49
49
50
50
51
51
51
51
51
51
51
52
52
52
52
52
52
53
54
54
54
54
55
55
55
55
55
55
55
55
56
56
56
56
57
57
57
57
57
57
57
57
57
58
58
58
58
58
58
58
58
58
58
58
58
58
59
60
60
60
61
63
63
63
63
63
63
63
63
63
63
63
63
64
64
64
64
64
64
64
65
65
65
65
65
65
65
65
65
66
66
66
67
67
67
67
68
68
68
68
69
69
69
69
70
70
70
70
71
71
71
71
71
72
72
72
72
72
75
75
75
75
75
75
75
75
75
75
75
75
75
75
75
75
76
76
76
76
76
76
76
77
77
77
77
77
77
77
77
77
77
77
78
78
79
80
80
80
80
80
80
80
80
80
80
81
81
81
81
82
82
82
82
82
82
82
82
82
82
82
82
83
83
83
83
84
84
84
84
84
84
84
84
84
84
84
84
85
85
85
85
85
85
86
86
86
86
86
86
86
86
86
86
86
86
87
87
87
87
87
87
88
88
88
88
88
88
88
88
88
88
88
88
89
89
89
89
89
89
89
89
89
89
89
89
89
89
89
90
90
90
90
90
90
90
90
90
90
90
90
91
91
91
91
92
92
92
93
93
93
93
93
93
93
93
93
94
94
94
94
94
94
94
94
94
95
95
95
95
95
95
95
96
97
100
100
100
100
100
100
100
100
100
100
100
101
101
101
101
101
101
101
101
101
102
102
102
102
102
102
102
102
102
103
103
103
103
103
103
103
104
107
107
107
107
107
107
107
108
108
108
108
108
108
108
108
108
109
109
109
109
109
109
109
109
109
112
112
112
112
112
113
113
113
113
113
113
113
114
114
115
115
115
115
115
115
115
115
115
115
115
115
115
116
116
116
116
116
116
116
116
116
116
116
116
116
117
118
118
119
119
119
120
120
120
120
120
120
120
121
124
124
124
124
124
124
124
127
127
127
127
130
130
130
130
130
131
131
131
131
131
131
131
131
131
131
131
131
131
131
131
132
132
132
134
134
134
134
134
134
134
134
134
134
134
134
134
134
134
135
137
137
137
137
137
137
137
137
137
137
137
137
137
137
137
137
137
137
137
137
137
137
137
139
139
139
139
139
139
140
140
140
140
140
140
140
140
140
141
141
141
141
141
141
141
142
144
144
144
144
144
144
144
144
144
145
147
147
147
147
147
147
147
147
147
147
148
148
149
149
149
149
149
149
150
150
150
150
150
150
150
150
151
151
151
151
151
151
151
151
151
152
153
155
155
155
155
155
155
155
155
155
155
155
155
155
155
155
155
155
155
155
155
155
156
156
156
156
156
157
157
157
157
158
158
158
158
158
159
159
159
159
161
161
161
161
161
161
161
161
164
164
164
164
164
164
164
164
164
165
165
165
165
165
165
165
165
165
165
165
165
165
166
166
166
167
170
170
171
171
171
171
171
171
171
171
172
172
172
172
172
172
172
172
173
173
173
173
173
173
174
174
174
174
174
174
174
174
174
175
177
177
177
177
177
180
180
181
181
181
181
181
181
181
181
181
181
181
181
181
182
182
182
182
182
182
182
182
182
183
183
183
183
183
183
183
183
183
183
183
183
183
183
183
183
183
183
183
183
183
183
183
183
183
183
184
184
184
185
185
185
185
185
185
185
185
185
185
185
185
185
186
187
187
187
187
187
187
187
187
188
188
188
188
188
188
188
188
188
189
189
189
189
189
189
189
189
189
189
189
189
189
190
190
190
190
190
190
190
191
191
191
191
191
191
191
191
192
192
192
192
192
192
192
192
192
193
193
193
193
193
193
193
193
193
193
193
193
193
194
194
194
194
194
194
194
195
195
195
197
197
197
197
197
197
197
197
197
198
200
200
200
201
203
203
203
203
203
203
203
203
203
203
203
203
203
203
203
203
203
203
203
203
203
203
203
203
203
203
204
204
204
204
205
205
205
205
205
208
208
209
209
209
209
209
209
209
209
210
210
210
210
210
210
210
210
211
211
211
211
211
211
212
212
212
212
212
212
212
212
212
213
215
215
215
215
215
218
218
219
219
219
219
219
219
219
219
219
219
219
219
219
220
220
220
220
220
220
220
220
220
221
221
221
221
221
221
221
221
221
221
221
221
221
221
221
221
221
221
221
221
221
221
221
221
221
221
222
222
222
223
223
223
223
223
223
223
223
223
223
223
223
223
224
225
225
225
225
225
225
225
225
226
226
226
226
226
226
226
226
226
227
227
227
227
227
227
227
227
227
227
227
227
227
228
228
228
228
228
228
228
229
229
229
229
229
229
229
229
230
230
230
230
230
230
230
230
230
231
231
231
231
231
231
231
231
231
231
231
231
231
232
232
232
232
232
232
232
233
233
233
235
235
235
235
235
235
235
235
235
236
238
238
238
239
241
242
