1
1
1
1
1
1
1
3
3
3
3
3
3
3
4
4
4
4
4
4
4
6
6
6
6
6
6
6
6
6
6
6
9
9
9
9
9
9
9
9
9
11
11
11
11
11
14
14
14
14
14
14
14
14
15
15
15
15
16
16
16
16
18
18
18
18
18
18
18
19
19
19
19
19
19
19
19
19
20
20
20
20
20
20
21
21
21
21
21
21
22
22
22
22
22
22
22
22
22
22
22
23
25
25
25
25
25
25
25
25
26
26
26
26
26
26
26
26
26
26
26
26
26
26
26
26
26
26
26
26
26
26
27
27
27
28
28
28
28
28
28
28
28
28
29
29
29
30
30
30
30
30
30
30
31
31
31
31
32
32
32
34
34
34
34
34
34
34
37
37
37
37
37
37
37
39
39
39
39
41
41
41
41
41
41
41
43
43
43
43
43
43
43
43
43
50
50
50
50
50
50
50
50
50
50
50
50
50
50
50
50
50
50
52
52
52
52
52
52
52
52
52
55
55
55
55
55
55
55
55
55
55
55
57
57
57
57
57
57
57
57
57
58
58
58
58
58
58
58
59
59
59
59
60
60
60
61
61
61
61
61
61
61
61
61
61
61
61
61
61
61
62
66
66
66
66
66
66
69
69
69
70
71
72
74
74
75
75
75
75
75
75
75
75
75
76
76
76
76
76
76
76
76
76
78
78
78
78
78
80
80
81
81
81
81
81
81
82
82
82
82
82
83
85
85
86
86
86
86
86
86
87
87
87
87
87
87
87
88
88
88
88
88
88
88
88
89
89
89
90
92
92
93
95
95
95
95
95
95
96
96
96
96
96
96
96
96
96
97
99
100
