18
18
18
18
18
18
18
18
18
18
18
20
20
20
20
20
20
20
21
21
21
21
21
21
21
22
22
22
22
22
22
22
23
23
23
23
23
23
23
24
24
24
24
24
24
24
24
24
25
25
25
25
25
25
25
27
27
27
27
27
27
27
28
28
28
28
28
28
28
28
28
29
29
29
29
29
29
29
29
29
31
31
31
31
31
31
31
31
31
31
31
31
31
40
40
40
40
40
41
45
45
45
46
48
48
50
50
52
52
54
54
56
56
63
63
63
63
63
63
63
63
63
63
64
65
65
65
65
65
65
65
65
65
65
65
65
66
66
66
67
68
68
68
68
68
68
68
68
68
68
68
68
69
69
69
70
71
71
71
71
71
71
71
71
71
71
71
71
72
72
72
73
74
74
74
74
74
74
74
74
74
74
74
74
75
75
75
76
77
77
77
77
77
77
77
77
77
77
77
77
78
78
78
79
80
80
80
81
82
88
88
88
88
89
90
98
98
98
98
98
98
98
98
98
98
98
99
100
100
100
100
100
100
100
101
107
107
107
107
107
107
107
107
108
108
108
108
108
109
117
117
117
117
117
117
117
117
117
117
117
118
119
119
119
119
119
119
119
120
129
129
129
129
129
129
129
129
129
129
129
129
129
129
129
130
131
131
131
131
131
131
131
131
131
132
140
140
140
140
140
140
140
140
140
140
140
140
141
141
141
141
141
141
141
141
141
142
170
170
170
170
170
170
170
170
170
170
171
171
171
171
171
171
171
171
172
172
172
172
172
173
173
173
174
175
175
175
175
175
175
175
175
175
175
175
175
175
176
176
176
176
176
176
176
176
176
176
177
177
177
178
180
180
180
180
180
180
180
180
180
180
180
181
183
183
183
183
183
183
183
184
184
184
184
184
184
184
184
184
184
184
184
184
184
184
184
184
184
184
184
184
185
185
185
186
187
187
187
187
187
187
187
187
187
187
187
188
190
190
190
190
190
190
190
190
190
190
190
190
190
190
190
190
190
190
190
190
190
190
190
190
192
192
192
192
192
192
192
192
192
192
192
193
193
193
193
193
193
193
193
193
193
193
193
193
193
193
193
193
193
193
193
195
195
195
195
195
195
195
195
195
195
195
195
195
195
195
195
195
195
195
195
195
195
195
197
197
197
197
197
197
197
197
197
197
197
197
197
197
197
198
198
198
198
198
198
198
198
198
198
198
198
198
198
198
198
198
198
198
198
199
199
199
199
199
199
199
199
199
199
199
199
199
199
199
199
199
200
200
200
200
200
200
200
200
200
201
201
201
201
201
201
201
201
201
201
201
201
201
201
201
201
201
201
201
201
201
203
203
203
203
203
203
203
204
204
204
204
204
204
204
204
204
205
206
206
206
206
206
206
206
206
206
206
206
207
210
210
210
210
210
210
210
210
210
211
211
211
211
211
211
211
211
211
211
211
211
211
211
211
211
211
212
212
212
213
214
214
214
214
214
214
214
215
215
215
215
215
215
215
215
215
215
215
215
215
215
215
215
216
217
217
217
217
217
217
217
217
217
217
217
217
217
217
217
217
217
217
217
217
218
219
219
219
219
219
219
219
220
220
220
220
220
220
220
220
220
220
220
220
220
221
221
221
222
223
223
223
224
234
234
234
234
234
234
234
234
234
234
235
236
236
236
236
236
236
236
236
236
236
236
236
236
236
237
237
237
237
237
237
237
237
238
239
239
239
239
239
239
239
239
239
239
239
240
240
240
240
240
240
240
241
242
242
242
242
242
242
242
242
242
242
242
242
242
242
243
244
244
244
244
244
244
244
245
261
261
261
261
261
261
261
261
261
261
262
263
263
263
263
263
263
263
263
263
263
264
280
280
280
280
280
280
280
281
282
282
282
282
283
283
283
283
285
285
285
285
285
285
286
286
286
286
286
286
286
286
288
288
288
288
288
288
288
289
289
289
290
292
292
292
292
292
292
292
292
292
292
292
293
310
310
310
310
310
310
310
310
310
310
311
312
312
312
312
312
312
312
312
312
312
312
313
320
320
320
320
320
320
320
321
322
322
322
322
322
322
322
322
322
322
322
322
322
323
323
323
323
323
323
323
323
323
323
323
323
323
323
323
323
323
323
323
323
323
323
323
323
323
324
324
324
324
324
324
324
324
324
324
324
324
324
324
325
325
325
325
325
325
325
325
325
325
325
325
325
325
325
325
325
325
325
326
326
326
327
328
331
