1
1
1
1
1
1
1
1
1
1
1
3
3
3
3
3
3
3
4
4
4
4
4
4
4
4
4
6
6
6
6
6
6
6
6
6
6
6
6
16
16
16
16
17
18
18
18
18
18
20
42
42
42
42
42
42
42
43
43
43
43
43
43
44
83
83
83
83
83
83
83
83
83
84
84
84
84
84
84
84
85
93
93
93
93
93
93
93
94
94
94
94
94
94
95
136
136
136
136
136
136
136
136
136
137
137
137
137
137
137
137
138
146
146
146
146
146
146
146
147
147
147
147
147
147
148
156
156
156
156
156
156
156
157
157
157
157
157
157
158
160
160
160
160
160
160
161
161
161
161
161
161
161
161
163
163
163
163
163
163
165
165
166
166
166
166
166
166
166
166
166
168
168
169
169
169
169
169
169
169
169
169
170
172
172
172
172
172
172
173
173
173
173
173
173
173
173
175
175
175
175
175
175
175
175
175
175
175
175
175
176
176
176
176
176
176
176
176
176
176
176
176
176
178
178
178
178
178
180
180
180
180
180
180
180
181
181
181
181
182
184
184
185
185
185
185
185
185
185
185
186
186
186
186
186
186
186
187
187
187
187
187
187
187
187
187
187
187
187
187
187
188
188
188
188
188
188
188
188
188
188
188
188
188
188
188
188
189
191
191
192
192
192
192
192
192
192
192
194
195
197
197
197
197
197
197
198
198
198
198
198
198
198
198
200
200
200
200
200
200
200
200
200
200
200
200
200
200
201
201
201
201
201
201
201
201
201
201
201
201
201
201
201
201
201
201
202
202
202
202
202
202
202
202
202
202
202
202
202
204
204
204
204
204
206
206
206
206
206
206
206
207
207
207
207
208
210
210
211
211
211
211
211
211
211
211
212
212
212
212
212
212
212
212
212
212
212
212
212
212
212
212
212
213
213
213
213
213
213
213
213
213
213
213
213
213
213
213
213
213
213
213
213
213
213
213
213
213
213
214
215
217
217
218
218
218
218
218
218
218
218
219
219
219
219
219
219
219
219
219
219
219
219
220
220
220
220
220
220
220
221
221
221
221
221
221
221
221
221
221
221
221
221
222
222
222
222
222
222
222
222
222
222
222
222
222
222
222
222
222
223
224
225
227
227
227
227
227
227
228
228
228
228
228
228
228
228
230
230
230
230
230
230
230
230
230
230
230
230
230
230
231
231
231
231
231
231
231
231
231
231
231
231
231
231
231
231
231
231
233
233
233
233
233
233
235
235
236
236
236
236
236
236
236
236
237
237
237
237
237
237
237
237
237
237
237
237
237
237
237
237
237
237
237
237
237
237
237
237
238
240
240
241
241
241
241
241
241
241
241
242
242
242
242
242
242
242
242
242
242
242
242
242
242
242
242
242
242
242
243
244
245
246
