19
19
19
19
19
19
19
19
19
19
19
21
21
21
21
21
21
21
22
22
22
22
22
22
22
23
23
23
23
23
23
23
24
24
24
24
24
24
24
26
26
26
26
26
26
26
26
26
26
26
26
26
27
27
27
27
27
27
27
27
27
27
27
27
27
34
34
34
34
34
34
34
34
34
34
34
34
34
36
36
36
36
36
38
38
38
38
40
40
40
40
42
42
42
42
42
42
42
42
42
43
43
43
43
43
43
43
44
52
52
52
52
52
52
52
52
52
52
52
52
52
53
53
53
53
53
53
53
53
53
53
53
53
54
54
54
54
54
54
54
54
55
55
55
55
55
55
55
56
56
56
56
56
56
56
57
58
60
60
61
61
61
61
61
61
62
62
62
62
62
62
62
63
63
63
63
63
63
63
63
63
63
63
64
65
65
65
65
65
66
68
68
69
69
69
69
69
69
69
69
69
70
70
70
71
73
73
74
74
74
74
74
74
74
74
75
75
75
75
75
75
75
76
76
76
76
76
76
76
76
76
76
76
77
78
78
78
78
78
78
79
79
79
79
79
79
79
80
80
80
80
80
80
81
82
82
83
83
83
83
83
83
83
83
84
84
84
84
84
84
84
85
85
85
85
85
85
85
86
87
87
87
87
87
87
87
87
88
88
88
88
89
89
89
89
89
89
89
90
91
91
91
92
94
94
95
95
95
95
95
95
96
96
96
96
96
96
97
98
99
