18
18
18
18
18
18
18
18
18
20
20
20
20
20
20
20
21
21
21
21
21
21
21
26
26
26
26
26
26
28
28
28
28
28
28
28
28
36
36
36
36
36
36
36
36
36
36
36
36
36
37
37
37
37
37
37
37
37
37
37
38
38
38
38
38
38
38
38
38
38
38
38
38
38
38
38
38
39
39
39
39
39
39
39
41
41
41
41
41
41
41
41
41
41
41
41
41
42
42
42
42
42
42
42
42
42
43
43
43
43
43
43
43
43
43
43
43
44
44
44
44
44
44
44
44
44
45
45
45
45
45
45
45
46
47
49
49
49
49
49
49
49
50
53
53
53
53
61
61
61
61
61
61
61
61
62
62
62
62
62
62
62
62
63
63
63
63
63
63
64
71
71
71
71
71
71
71
71
72
72
72
72
72
73
82
82
82
82
82
82
83
83
83
84
85
86
