17
17
17
17
17
17
17
17
17
17
17
17
17
17
17
19
19
19
19
19
19
19
20
20
20
20
20
20
20
22
22
22
22
22
22
22
22
22
22
22
23
23
23
23
23
23
23
23
23
23
23
24
24
24
24
24
24
24
24
24
24
24
25
25
25
25
25
25
25
25
25
25
25
25
25
25
25
26
26
26
26
26
26
26
26
26
26
26
26
26
31
31
31
31
31
31
32
32
32
32
32
32
32
32
32
34
34
34
34
34
34
34
34
34
34
34
36
36
36
36
37
37
37
37
37
38
38
38
38
38
38
39
39
39
39
39
39
40
40
40
40
40
40
40
41
41
41
41
41
41
41
42
42
42
42
42
49
49
49
49
49
49
49
49
49
49
49
49
50
50
50
50
50
51
51
51
51
51
51
52
58
58
59
59
59
59
59
59
60
60
60
61
63
63
64
64
64
64
64
64
65
65
65
65
65
65
65
65
65
66
66
66
67
68
68
68
68
68
68
68
69
75
75
76
76
76
76
76
76
76
76
77
77
77
77
77
77
77
78
78
78
78
78
78
78
78
78
78
79
79
79
79
79
79
79
79
79
79
80
80
80
80
80
80
80
80
80
80
80
80
80
80
80
80
80
81
81
81
81
81
81
81
81
81
81
81
81
81
81
82
83
84
84
84
85
91
91
92
92
92
92
92
92
92
92
92
93
93
93
93
93
94
94
94
94
94
94
95
101
101
102
102
102
102
102
102
102
102
102
103
103
103
103
103
103
103
104
104
104
104
104
104
104
105
105
105
105
106
106
106
106
107
107
107
107
108
108
108
108
109
110
116
116
117
117
117
117
117
117
118
118
118
118
118
118
118
119
119
119
119
119
119
119
119
120
120
120
120
120
120
120
121
121
121
122
123
123
123
123
123
123
123
123
123
123
123
123
123
124
125
125
125
126
128
128
129
129
129
129
129
129
129
129
129
130
130
130
130
130
130
130
130
130
131
131
132
135
135
135
135
135
135
135
136
136
136
136
137
137
137
137
137
137
138
138
138
138
138
138
138
139
139
139
139
140
141
150
150
151
151
151
151
151
151
152
152
152
152
152
152
152
153
153
153
153
153
153
153
154
154
154
154
154
154
154
154
154
154
154
155
156
156
157
157
157
157
157
157
157
157
158
158
158
158
158
158
158
159
159
159
159
160
161
161
162
162
162
162
162
162
162
162
162
162
162
162
162
162
162
163
164
165
166
166
166
167
169
169
170
170
170
170
170
170
171
171
171
171
171
171
171
172
174
174
175
175
175
175
175
175
176
176
176
176
176
176
176
176
177
177
177
177
177
177
177
178
178
178
179
181
181
181
181
181
181
181
182
182
182
183
185
185
185
185
185
185
185
185
185
185
185
185
185
185
185
186
186
186
186
186
186
186
186
187
187
187
188
189
189
189
189
189
189
189
190
190
190
191
193
193
193
193
193
193
193
193
194
194
194
194
194
194
194
194
194
194
194
194
195
202
202
203
203
203
203
203
203
204
204
204
204
204
204
204
204
205
205
205
205
205
205
205
206
206
206
207
209
209
209
209
209
209
209
210
210
210
210
210
211
211
211
211
212
212
212
212
212
212
213
215
215
215
215
215
215
215
215
215
215
215
215
215
215
215
216
216
216
216
216
216
216
216
217
217
217
218
219
219
219
219
219
219
219
220
228
228
229
229
229
229
229
229
229
229
229
230
230
230
230
230
230
230
230
231
231
231
231
231
231
231
232
232
232
232
233
233
233
233
233
233
233
233
233
234
236
236
236
236
236
236
236
237
237
237
237
237
237
237
237
237
237
237
237
237
238
239
239
240
240
240
240
240
240
240
240
240
240
240
240
240
240
240
241
242
242
242
242
242
242
243
245
245
246
246
246
246
246
246
246
246
246
247
247
247
247
247
247
247
247
247
248
248
248
248
248
248
248
249
249
249
249
250
250
250
250
251
252
252
252
253
255
255
256
256
256
256
256
256
257
257
257
257
257
257
257
258
258
258
258
258
259
260
260
260
260
260
260
260
260
261
261
261
261
261
261
261
261
262
262
262
262
262
262
262
262
262
262
262
262
262
262
262
263
263
263
263
263
263
263
264
264
264
264
264
264
264
264
264
264
264
264
264
264
264
265
266
267
267
267
267
267
267
267
267
268
268
268
268
269
269
269
269
269
270
271
277
277
278
278
278
278
278
278
279
279
279
279
279
279
279
280
280
280
280
280
280
280
280
281
281
281
281
281
281
281
282
282
282
282
282
282
282
282
283
284
285
285
285
285
285
285
285
285
285
286
293
293
293
293
293
293
294
294
294
294
294
294
294
295
295
295
295
295
295
295
295
296
296
296
296
296
296
296
297
297
298
298
298
298
298
298
298
299
300
300
301
301
301
301
301
301
302
302
302
302
303
303
303
303
303
303
303
303
303
303
303
303
303
304
304
304
304
304
304
304
305
306
306
307
307
307
307
308
309
310
311
311
311
312
318
318
318
318
318
318
318
318
318
319
319
319
319
319
319
319
320
320
320
320
320
320
320
320
321
322
322
322
323
324
325
