18
18
18
18
18
18
18
18
18
18
18
20
20
20
20
20
20
20
21
21
21
21
21
21
21
22
22
22
22
22
22
22
23
23
23
23
23
23
23
24
24
24
24
24
24
24
25
25
25
25
25
25
25
26
26
26
26
26
26
26
28
28
28
28
28
28
28
28
28
28
28
29
29
29
29
29
29
29
29
29
29
29
29
29
30
30
30
30
30
30
30
30
30
30
30
30
30
31
31
31
31
31
31
31
31
31
31
31
31
31
32
32
32
32
32
32
32
32
32
32
32
32
32
87
87
87
87
87
88
90
90
90
90
90
90
90
90
90
90
90
90
90
90
100
100
100
100
100
100
100
100
100
105
105
105
105
105
105
105
105
105
106
106
106
106
106
106
106
107
107
107
107
107
107
107
107
107
107
107
107
107
108
108
108
108
108
108
108
108
108
109
109
109
109
109
110
110
111
111
111
111
111
111
111
111
111
111
111
111
111
111
111
111
112
112
112
112
112
112
112
112
112
112
112
113
113
113
113
113
113
113
113
113
113
113
114
114
114
114
114
114
114
114
114
114
114
115
115
115
115
115
115
115
115
115
115
115
116
116
116
116
116
116
116
116
116
116
116
117
117
117
117
117
117
117
117
119
120
121
121
121
122
132
132
132
132
132
132
132
132
132
132
132
132
132
133
133
134
135
135
135
135
135
135
135
135
135
135
135
135
135
136
136
136
136
136
136
136
136
136
137
137
137
137
137
138
139
141
141
141
141
141
141
141
141
141
141
141
141
141
141
141
141
143
143
143
143
143
143
143
143
143
143
143
143
143
143
143
143
145
145
145
145
145
145
145
145
145
145
145
145
145
145
145
145
147
147
147
147
147
147
147
147
147
147
147
149
149
149
149
149
149
149
149
149
150
150
151
151
151
151
151
151
151
152
154
155
157
157
157
157
158
158
158
158
158
159
163
163
163
163
163
163
163
163
164
165
165
165
165
165
165
165
165
165
165
165
165
165
166
166
166
166
166
166
166
166
166
167
167
167
168
169
169
169
169
169
169
169
169
169
171
171
171
171
171
173
173
173
173
173
173
173
173
173
173
173
175
176
177
177
177
177
177
177
177
177
177
177
177
177
177
177
177
178
178
178
178
178
178
178
178
178
178
178
178
178
178
178
179
179
179
179
179
179
179
180
180
180
180
180
180
180
181
181
181
181
181
181
181
181
181
181
181
181
181
181
181
182
182
182
182
182
182
182
183
183
183
184
184
184
184
184
184
184
184
184
184
184
185
186
186
186
186
186
186
186
186
187
187
187
188
190
190
190
190
190
190
190
190
190
190
190
190
190
191
192
192
192
193
193
193
194
194
194
194
195
195
195
195
195
196
196
197
197
197
198
198
198
199
199
199
199
200
200
200
200
200
201
201
202
202
202
203
203
203
204
204
204
204
205
205
205
205
205
206
206
207
207
208
208
208
208
209
209
209
209
209
210
210
211
213
213
213
214
216
216
216
216
216
217
217
217
217
217
217
217
217
217
217
217
217
217
218
218
218
218
218
218
218
219
219
219
219
219
219
219
219
220
220
220
220
220
220
220
220
220
220
220
221
222
224
224
224
224
224
224
224
224
224
224
224
224
224
224
225
225
225
225
225
225
225
226
226
226
227
228
228
228
228
228
228
228
228
228
229
229
229
230
243
243
243
243
243
243
243
243
243
243
243
243
244
244
245
246
246
246
246
246
246
246
246
248
248
248
248
248
248
248
248
249
250
250
250
250
250
250
250
252
252
252
252
252
252
252
252
253
254
254
254
254
254
254
255
255
255
256
257
258
258
258
259
294
294
294
294
294
294
294
295
296
296
296
296
296
296
296
296
296
296
297
301
301
301
301
301
301
301
301
301
301
302
303
303
303
303
303
303
303
303
303
303
303
303
303
303
304
304
304
305
307
307
307
307
307
307
307
308
320
320
320
320
320
320
320
320
320
320
320
320
320
320
320
321
321
322
323
323
323
323
323
323
323
323
323
323
323
324
324
324
324
324
324
324
325
325
325
325
325
325
325
325
325
325
325
326
328
328
328
328
328
328
328
328
328
328
328
328
328
329
354
354
354
354
354
354
354
354
354
354
354
354
354
354
355
355
355
355
355
355
355
355
356
356
356
356
356
356
356
356
356
356
356
356
356
356
356
356
356
356
357
357
357
357
357
357
357
357
357
357
357
357
357
357
357
358
358
358
358
358
358
358
359
360
360
360
360
360
360
360
360
360
360
360
361
383
383
383
383
383
383
383
383
383
383
383
383
383
383
384
384
384
384
384
384
384
384
385
385
385
385
385
385
385
385
385
385
385
385
386
386
386
386
386
386
386
386
386
386
386
386
386
386
386
387
387
387
387
387
387
387
388
389
389
389
389
389
389
389
389
389
389
389
390
411
411
411
411
411
411
411
411
411
411
411
411
411
411
412
412
412
412
412
412
412
412
412
412
413
434
434
434
434
434
434
434
434
434
434
434
435
435
435
435
435
435
435
435
435
435
435
435
436
436
436
436
436
436
436
437
438
438
438
438
438
438
438
438
438
438
438
439
453
453
453
453
453
453
453
453
453
453
453
453
453
453
454
454
454
454
454
454
454
454
454
454
454
454
454
455
455
455
455
455
455
455
456
457
457
457
457
457
457
457
457
457
457
457
457
457
457
457
458
477
477
477
477
477
477
477
477
477
477
477
478
478
478
478
478
478
478
478
478
479
494
494
494
494
494
494
494
494
494
494
494
494
494
494
495
495
495
495
495
495
495
495
495
495
496
511
511
511
511
511
511
511
512
513
513
513
513
513
513
513
513
513
513
513
513
513
514
514
514
515
517
517
517
517
517
517
517
517
517
517
517
518
518
518
518
518
518
518
518
518
518
518
519
519
519
519
519
519
519
519
519
520
520
520
520
520
520
520
521
522
552
552
552
552
552
552
552
552
552
552
553
553
554
555
555
555
555
555
555
555
555
555
555
555
555
555
555
555
555
555
555
555
555
555
555
555
555
555
555
555
556
556
556
556
556
556
556
556
556
556
556
556
556
556
556
557
557
557
558
560
560
560
560
560
560
560
560
560
560
560
560
560
560
561
561
561
561
561
561
561
561
561
561
561
561
561
563
563
563
564
564
564
564
564
564
564
564
564
564
564
564
564
564
564
565
565
565
565
565
565
565
566
567
569
569
569
569
569
569
569
569
569
569
570
570
570
570
570
570
570
571
571
571
571
571
572
574
574
574
574
574
574
574
574
574
574
574
574
575
575
575
575
575
575
575
577
577
577
578
602
602
602
602
602
602
602
602
602
602
603
603
604
605
605
605
605
605
605
605
605
605
606
606
606
606
606
606
606
606
606
606
606
606
607
607
607
607
607
607
607
607
607
607
607
607
607
607
608
609
609
609
610
612
612
612
612
612
613
635
635
635
635
635
635
635
635
635
636
637
637
637
637
637
637
637
637
637
637
637
637
637
638
638
638
639
641
641
641
641
641
642
658
658
658
658
658
658
658
658
658
658
658
658
659
660
660
660
660
660
660
660
660
660
660
660
660
660
660
661
661
661
662
663
663
663
663
663
664
673
673
673
673
673
673
673
673
673
674
675
675
675
675
675
675
675
675
675
675
675
675
675
675
675
675
676
676
676
677
679
679
679
679
679
679
679
679
679
679
679
679
679
680
680
680
681
681
681
681
681
681
681
681
681
681
681
681
681
681
682
682
682
682
682
682
682
682
682
682
682
682
682
682
682
683
683
683
683
683
683
683
684
685
685
685
685
685
685
685
685
685
685
686
687
699
699
699
699
699
699
699
700
701
701
701
701
701
701
701
701
701
701
702
712
712
712
712
712
712
712
712
712
712
712
712
713
713
714
715
715
715
715
715
715
715
715
715
715
715
715
715
716
716
716
716
716
716
716
716
716
717
717
717
717
717
718
719
721
721
721
721
721
721
721
721
721
721
721
721
721
721
721
723
723
723
723
723
723
723
723
723
723
724
724
725
726
726
726
726
726
726
727
729
730
731
731
731
731
732
732
732
732
732
733
773
773
773
773
773
773
773
774
775
775
775
775
775
775
775
775
775
775
775
775
775
776
776
776
777
779
779
779
779
779
779
779
780
782
782
782
782
782
782
782
782
782
783
787
787
787
787
787
787
787
787
787
787
787
787
787
787
787
789
789
789
790
790
790
790
790
790
790
790
790
790
790
790
790
791
791
791
791
791
791
791
791
791
791
791
791
791
791
791
792
792
792
792
792
792
792
792
792
793
793
793
793
793
793
793
794
794
794
794
794
794
794
795
796
796
796
796
796
796
796
797
798
799
799
799
799
800
800
800
800
800
800
800
800
800
800
800
800
800
800
800
801
801
801
802
804
804
804
804
804
804
804
804
804
804
804
804
805
805
805
805
805
805
805
807
807
807
808
810
810
810
810
810
810
810
810
810
810
810
810
810
810
810
810
811
811
812
813
813
813
813
813
813
813
813
813
813
813
814
814
814
814
814
814
814
814
814
814
815
815
815
816
818
818
818
818
818
818
818
819
819
819
819
819
819
819
819
819
820
822
822
822
822
822
822
822
823
825
825
825
825
825
825
825
825
825
825
825
825
825
825
825
825
826
826
827
828
828
828
828
828
828
829
830
830
830
830
830
830
830
830
830
830
830
830
830
830
830
830
831
831
831
832
833
833
833
833
833
833
833
833
833
833
833
833
833
833
833
833
834
834
834
835
838
838
838
838
838
838
838
839
839
839
839
839
839
839
839
839
840
842
842
842
842
842
842
842
843
852
852
852
852
852
852
852
853
854
854
854
854
854
854
854
854
854
855
865
865
866
866
866
866
866
866
866
866
866
866
866
867
867
867
867
867
867
867
867
867
868
879
879
880
880
880
880
880
880
880
880
880
880
880
880
880
880
880
881
881
881
881
881
881
881
881
881
882
882
882
882
882
882
882
882
882
882
882
883
883
883
883
883
883
883
884
884
884
885
895
895
895
895
895
895
895
895
895
895
896
897
897
897
897
897
897
897
897
898
938
938
938
938
938
938
938
938
938
938
938
938
939
939
940
941
941
941
941
941
941
941
941
941
941
941
941
942
953
953
953
953
953
953
953
953
953
953
954
955
955
955
955
955
955
955
955
955
955
955
956
998
998
998
998
998
998
998
998
998
998
998
998
999
999
1000
1001
1001
1001
1001
1001
1001
1001
1001
1001
1001
1001
1001
1003
1014
1014
1015
1015
1015
1015
1015
1015
1015
1015
1015
1015
1015
1015
1015
1015
1015
1016
1016
1016
1016
1016
1016
1016
1016
1016
1017
1017
1017
1017
1017
1017
1017
1017
1017
1017
1017
1018
1018
1018
1018
1018
1018
1018
1019
1019
1019
1020
1029
1029
1029
1029
1029
1029
1029
1030
1031
1031
1031
1031
1031
1031
1032
1040
1040
1041
1041
1041
1041
1041
1041
1041
1041
1041
1041
1041
1042
1042
1042
1042
1042
1042
1042
1042
1042
1043
1052
1052
1053
1053
1053
1053
1053
1053
1053
1053
1053
1053
1053
1053
1053
1053
1053
1054
1054
1054
1054
1054
1054
1054
1054
1054
1055
1055
1055
1055
1055
1055
1055
1055
1055
1055
1055
1056
1056
1056
1056
1056
1056
1056
1057
1057
1057
1058
1067
1067
1067
1067
1067
1067
1067
1067
1067
1067
1068
1069
1069
1069
1069
1069
1069
1069
1069
1070
1110
1110
1110
1110
1110
1110
1110
1110
1111
1111
1111
1111
1112
1112
1113
1114
1114
1114
1114
1114
1114
1114
1114
1114
1114
1114
1114
1115
1125
1125
1125
1125
1125
1125
1125
1125
1125
1125
1126
1127
1127
1127
1127
1127
1127
1127
1127
1127
1127
1127
1128
1170
1170
1170
1170
1170
1170
1170
1170
1170
1170
1170
1170
1171
1171
1172
1173
1173
1173
1173
1173
1173
1173
1173
1173
1173
1173
1173
1175
1185
1185
1186
1186
1186
1186
1186
1186
1186
1186
1186
1186
1186
1186
1186
1186
1186
1187
1187
1187
1187
1187
1187
1187
1187
1187
1188
1188
1188
1188
1188
1188
1188
1188
1188
1188
1188
1189
1189
1189
1189
1189
1189
1189
1190
1190
1190
1191
1199
1199
1199
1199
1199
1199
1199
1200
1201
1201
1201
1201
1201
1201
1201
1201
1201
1202
1210
1210
1211
1211
1211
1211
1211
1211
1211
1211
1211
1211
1211
1212
1212
1212
1212
1212
1212
1212
1212
1212
1213
1222
1222
1223
1223
1223
1223
1223
1223
1223
1223
1223
1223
1223
1223
1223
1223
1223
1224
1224
1224
1224
1224
1224
1224
1224
1224
1225
1225
1225
1225
1225
1225
1225
1225
1225
1225
1225
1226
1226
1226
1226
1226
1226
1226
1227
1227
1227
1228
1237
1237
1237
1237
1237
1237
1237
1237
1237
1237
1238
1239
1239
1239
1239
1239
1239
1239
1239
1240
1281
1281
1281
1281
1281
1281
1281
1281
1282
1282
1282
1282
1283
1283
1284
1285
1285
1285
1285
1285
1285
1285
1285
1285
1285
1285
1285
1286
1296
1296
1296
1296
1296
1296
1296
1296
1296
1296
1297
1298
1298
1298
1298
1298
1298
1298
1298
1298
1298
1298
1299
1342
1342
1342
1342
1342
1342
1342
1342
1342
1342
1342
1342
1343
1343
1344
1345
1345
1345
1345
1345
1345
1345
1345
1345
1345
1345
1345
1347
1357
1357
1358
1358
1358
1358
1358
1358
1358
1358
1358
1358
1358
1358
1358
1358
1358
1359
1359
1359
1359
1359
1359
1359
1359
1359
1360
1360
1360
1360
1360
1360
1360
1360
1360
1360
1360
1361
1361
1361
1361
1361
1361
1361
1362
1362
1362
1363
1371
1371
1372
1372
1372
1372
1372
1372
1372
1372
1372
1372
1372
1373
1373
1373
1373
1373
1373
1373
1373
1373
1374
1383
1383
1384
1384
1384
1384
1384
1384
1384
1384
1384
1384
1384
1384
1384
1384
1384
1385
1385
1385
1385
1385
1385
1385
1385
1385
1385
1385
1385
1385
1385
1386
1395
1395
1395
1395
1395
1395
1395
1395
1395
1395
1396
1397
1397
1397
1397
1397
1397
1397
1397
1397
1397
1397
1398
1409
1409
1409
1409
1409
1409
1409
1409
1410
1410
1410
1410
1411
1411
1412
1413
1414
1414
1414
1414
1414
1414
1415
1415
1415
1416
1429
1429
1429
1429
1429
1429
1429
1429
1430
1430
1431
1432
1432
1432
1432
1432
1432
1432
1432
1432
1432
1432
1432
1432
1432
1433
1433
1433
1434
1436
1436
1436
1436
1436
1436
1436
1437
1446
1446
1447
1447
1447
1447
1447
1447
1447
1447
1447
1447
1447
1447
1447
1447
1447
1448
1448
1448
1448
1448
1448
1448
1448
1448
1448
1448
1449
1468
1468
1469
1469
1469
1469
1469
1469
1469
1469
1469
1469
1469
1469
1469
1469
1469
1469
1470
1470
1471
1472
1472
1472
1472
1472
1472
1472
1472
1472
1472
1472
1472
1472
1472
1472
1472
1473
1483
1483
1483
1483
1483
1483
1483
1483
1483
1483
1483
1483
1484
1484
1485
1486
1486
1486
1486
1486
1486
1486
1486
1486
1486
1486
1486
1486
1487
1499
1499
1499
1499
1499
1499
1499
1499
1499
1499
1499
1499
1500
1500
1500
1500
1501
1501
1502
1503
1504
1504
1504
1504
1504
1504
1504
1504
1504
1504
1504
1505
1519
1519
1519
1519
1519
1519
1519
1519
1519
1519
1519
1519
1520
1520
1521
1522
1522
1522
1522
1522
1522
1522
1522
1522
1522
1522
1522
1522
1522
1522
1522
1523
1523
1523
1524
1526
1526
1526
1526
1526
1526
1526
1527
1536
1536
1536
1536
1536
1536
1536
1536
1536
1536
1537
1538
1538
1538
1538
1538
1538
1538
1538
1539
1547
1547
1548
1548
1548
1548
1548
1548
1548
1548
1548
1548
1548
1549
1549
1549
1549
1549
1549
1549
1549
1549
1550
1550
1550
1550
1550
1550
1550
1550
1550
1551
1551
1551
1551
1551
1551
1551
1552
1552
1552
1554
1562
1562
1563
1563
1563
1563
1563
1563
1563
1563
1563
1563
1563
1564
1564
1564
1564
1564
1564
1564
1564
1564
1565
1574
1574
1575
1575
1575
1575
1575
1575
1575
1575
1575
1575
1575
1575
1575
1575
1575
1576
1576
1576
1576
1576
1576
1576
1576
1576
1577
1577
1577
1577
1577
1577
1577
1577
1577
1577
1577
1578
1578
1578
1578
1578
1578
1578
1579
1579
1579
1580
1586
1586
1586
1586
1586
1586
1586
1586
1586
1586
1587
1588
1588
1588
1588
1588
1588
1588
1588
1589
1616
1616
1616
1616
1616
1616
1616
1616
1616
1616
1616
1616
1617
1617
1618
1619
1619
1619
1619
1619
1619
1619
1619
1619
1619
1619
1619
1619
1619
1620
1620
1620
1621
1623
1623
1623
1623
1623
1623
1623
1624
1624
1624
1624
1624
1624
1624
1624
1624
1625
1627
1627
1627
1628
1636
1636
1636
1636
1636
1636
1636
1636
1636
1636
1637
1638
1638
1638
1638
1638
1638
1638
1638
1638
1638
1638
1639
1666
1666
1666
1666
1666
1666
1666
1666
1666
1666
1666
1666
1667
1667
1668
1669
1669
1669
1669
1669
1669
1669
1670
1670
1670
1670
1670
1670
1670
1670
1670
1670
1670
1670
1670
1670
1671
1671
1671
1672
1673
1673
1673
1673
1673
1673
1673
1673
1673
1673
1673
1673
1673
1673
1673
1674
1674
1674
1675
1677
1677
1677
1677
1677
1677
1677
1678
1678
1678
1678
1678
1678
1678
1678
1678
1679
1681
1681
1681
1682
1692
1692
1693
1693
1693
1693
1693
1693
1693
1693
1693
1693
1693
1693
1693
1693
1693
1694
1694
1694
1694
1694
1694
1694
1694
1694
1695
1695
1695
1695
1695
1695
1695
1695
1695
1695
1695
1696
1696
1696
1696
1696
1696
1696
1697
1697
1697
1699
1707
1707
1707
1707
1707
1707
1707
1707
1707
1707
1708
1709
1709
1709
1709
1709
1709
1709
1709
1710
1730
1730
1730
1730
1730
1730
1730
1730
1730
1730
1730
1730
1731
1731
1732
1733
1733
1733
1733
1733
1733
1733
1733
1733
1733
1733
1733
1733
1733
1734
1734
1734
1735
1737
1737
1737
1737
1737
1737
1737
1738
1738
1738
1738
1738
1738
1738
1738
1738
1739
1741
1741
1741
1742
1747
1747
1747
1747
1747
1747
1747
1748
1749
1749
1749
1749
1749
1749
1749
1749
1749
1750
1776
1776
1776
1776
1776
1776
1776
1776
1776
1776
1777
1778
1778
1778
1778
1778
1778
1778
1778
1778
1778
1778
1778
1778
1779
1779
1779
1780
1782
1782
1782
1782
1782
1782
1782
1783
1783
1783
1783
1783
1783
1783
1783
1783
1784
1786
1786
1786
1787
1795
1795
1796
1796
1796
1796
1796
1796
1796
1796
1796
1796
1796
1797
1797
1797
1797
1797
1797
1797
1797
1797
1798
1798
1798
1798
1798
1798
1798
1798
1798
1799
1799
1799
1799
1799
1799
1799
1800
1800
1800
1802
1807
1807
1807
1807
1807
1807
1807
1808
1809
1809
1809
1809
1809
1809
1809
1809
1809
1810
1838
1838
1838
1838
1838
1838
1838
1838
1839
1839
1840
1841
1841
1841
1841
1841
1841
1841
1841
1841
1841
1841
1841
1841
1842
1842
1842
1843
1845
1845
1845
1845
1845
1845
1845
1846
1846
1846
1846
1846
1846
1846
1846
1846
1847
1849
1849
1849
1850
1858
1858
1859
1859
1859
1859
1859
1859
1859
1859
1859
1859
1859
1860
1860
1860
1860
1860
1860
1860
1860
1860
1861
1861
1861
1861
1861
1861
1861
1861
1861
1862
1862
1862
1862
1862
1862
1862
1863
1863
1863
1864
1865
1866
