18
18
18
18
18
18
18
18
18
20
20
20
20
20
20
20
21
21
21
21
21
21
21
22
22
22
22
22
22
22
23
23
23
23
23
23
23
24
24
24
24
24
24
24
25
25
25
25
25
25
25
31
31
31
31
39
39
39
39
39
39
39
39
39
39
39
39
39
39
39
40
40
41
41
41
41
41
41
41
41
42
42
42
42
42
42
42
42
43
43
43
43
43
43
43
43
43
44
45
56
56
56
56
56
56
56
56
56
56
57
57
57
57
57
57
57
58
66
66
66
66
66
66
66
66
66
66
67
67
67
67
67
67
67
68
79
79
79
79
79
79
79
79
79
79
79
79
82
82
82
82
82
82
82
83
92
92
92
92
92
92
92
92
92
92
92
92
93
93
94
94
94
94
94
94
94
94
94
94
94
94
94
95
95
95
95
95
95
95
95
96
97
97
97
97
97
97
97
97
98
98
98
98
98
98
98
98
99
99
99
99
99
99
99
99
99
99
99
100
101
110
110
110
110
110
110
110
110
110
110
110
110
111
111
111
111
111
111
111
113
113
114
114
114
114
114
114
114
114
114
115
115
115
115
115
115
115
115
116
116
116
116
116
116
116
116
116
117
119
119
120
120
120
120
120
120
120
120
120
120
120
121
121
121
121
121
121
121
121
122
122
122
122
122
122
122
122
122
122
122
122
122
122
122
122
122
122
122
123
124
133
133
133
133
133
133
133
133
133
133
133
133
134
134
135
135
135
135
135
135
135
136
136
136
136
136
136
136
136
137
137
137
137
137
137
137
137
137
138
139
150
150
150
150
150
151
151
151
151
151
151
151
151
151
151
151
151
151
151
151
151
151
151
151
151
151
151
152
152
152
152
152
152
152
152
152
153
153
153
153
153
153
154
155
155
155
155
155
155
155
155
155
156
156
156
156
156
156
156
156
156
157
158
158
158
158
158
158
158
158
158
159
159
159
159
159
159
159
159
159
160
161
161
161
161
161
161
161
161
161
162
162
162
162
162
162
162
162
162
163
164
164
164
164
164
164
164
164
164
165
165
165
165
165
165
165
165
165
166
167
167
167
167
167
167
167
167
167
168
168
168
168
168
168
168
168
168
169
170
170
170
170
170
170
170
170
170
171
171
171
171
171
171
171
171
171
172
173
173
173
173
173
173
173
173
173
174
174
174
174
174
174
174
174
174
175
176
176
176
176
176
176
176
176
176
177
177
177
177
177
177
177
177
177
178
179
179
179
179
179
179
179
179
179
180
190
190
190
190
190
190
190
190
190
190
190
190
190
190
190
190
191
191
191
191
191
191
191
191
191
191
191
191
191
191
192
201
201
201
201
201
201
201
201
201
201
201
201
202
202
203
203
203
203
203
203
203
204
204
204
204
204
204
204
204
205
205
205
205
205
205
205
205
205
206
207
208
209
