18
18
18
18
18
18
18
18
18
18
18
24
24
24
24
24
25
29
29
29
29
29
29
29
29
34
34
34
34
34
34
39
39
39
39
39
39
48
48
48
49
49
49
49
50
50
50
51
51
52
52
53
53
53
53
54
54
55
55
56
56
57
58
58
60
60
60
60
61
61
61
61
62
77
77
77
78
78
78
78
79
79
79
79
80
80
80
80
81
81
81
81
82
82
82
82
83
83
83
84
84
85
85
86
86
86
86
87
87
88
88
89
89
90
91
91
93
93
93
93
94
94
94
94
95
103
103
104
104
104
104
104
104
104
105
106
106
106
106
106
106
106
106
106
106
107
107
107
107
107
108
108
108
109
109
109
110
110
110
112
112
112
112
112
112
112
112
112
113
113
113
113
114
116
116
116
116
116
116
116
116
116
117
117
117
117
118
120
120
120
120
120
120
120
120
120
121
121
121
121
122
124
124
124
124
124
124
124
124
124
125
125
125
125
126
131
131
131
131
131
131
131
131
131
131
131
131
141
141
141
141
141
141
141
143
143
144
144
144
144
144
144
144
144
145
145
145
145
146
146
146
146
146
146
147
147
148
148
148
148
149
149
149
149
150
150
150
150
150
150
150
150
150
150
150
150
150
150
150
152
152
152
152
152
152
152
152
152
152
153
153
153
154
154
154
154
154
154
154
155
156
158
158
158
159
161
162
