17
17
17
17
17
17
17
17
17
17
17
19
19
19
19
19
19
19
20
20
20
20
20
20
20
21
21
21
21
21
21
21
22
22
22
22
22
22
22
23
23
23
23
23
23
23
24
24
24
24
24
24
24
26
26
26
26
26
26
26
26
26
26
26
27
27
27
27
27
27
27
27
27
27
27
27
27
51
51
51
51
51
51
55
55
55
55
55
55
55
55
57
57
57
57
57
57
57
57
59
59
59
59
59
59
59
59
59
59
59
59
59
59
64
64
64
64
64
65
65
65
65
65
66
77
77
77
77
77
77
77
77
77
77
77
78
78
78
78
78
78
78
78
79
90
90
90
90
90
90
90
90
90
90
90
90
90
90
90
91
91
91
91
91
91
91
91
91
91
92
104
104
104
104
104
104
104
104
104
104
104
104
104
104
104
104
104
104
104
105
105
105
105
106
106
106
106
106
106
106
106
106
106
107
107
107
107
107
108
108
108
108
108
108
108
109
110
110
110
110
110
110
110
111
111
111
111
111
111
111
111
111
114
114
114
114
114
114
114
114
114
114
114
114
114
114
114
114
114
114
114
114
114
114
114
114
114
114
117
117
117
117
117
117
117
117
117
117
117
117
117
117
118
118
118
118
118
118
118
118
118
118
118
118
118
119
119
119
119
119
119
121
121
121
122
132
132
132
132
132
132
132
132
132
132
132
133
133
133
133
133
133
133
133
134
145
145
145
145
145
145
145
145
145
145
145
145
145
145
145
146
146
146
147
147
147
147
147
147
147
147
147
147
147
147
149
149
149
149
149
149
149
149
149
149
149
149
149
149
149
149
149
149
149
149
149
149
149
149
149
149
150
150
150
150
150
151
151
151
151
151
151
151
151
151
151
151
151
151
151
151
152
152
152
152
152
152
152
153
153
154
155
155
155
155
155
155
155
155
155
155
155
156
157
159
159
159
159
159
159
159
160
162
163
