18
18
18
18
18
18
18
18
18
18
18
18
18
20
20
20
20
20
20
20
22
22
22
22
22
22
22
22
22
22
22
22
22
23
23
23
23
23
23
23
23
23
23
23
23
23
23
23
38
38
38
38
38
40
40
40
40
40
40
40
40
40
40
40
40
41
41
41
41
42
42
42
42
43
43
43
43
44
44
44
44
45
45
45
45
47
47
47
47
47
47
47
47
47
48
48
48
48
48
48
48
48
48
49
49
49
49
49
49
49
50
50
51
53
53
53
53
53
53
53
55
55
55
55
55
55
55
56
56
56
56
56
56
56
57
57
57
57
57
57
57
58
58
58
58
58
58
58
60
60
61
61
61
61
61
61
61
62
62
62
62
62
62
62
62
63
63
63
63
63
63
63
63
63
64
64
64
64
64
64
65
65
65
65
65
65
65
66
68
68
69
69
69
69
69
69
69
69
69
69
69
70
70
70
70
70
70
70
70
71
71
72
72
72
72
72
72
73
73
73
73
73
73
73
73
74
75
75
75
75
75
75
76
76
76
76
76
76
76
76
76
77
77
77
77
77
77
77
78
80
80
80
80
80
80
80
80
80
80
80
80
80
80
80
80
80
80
80
80
80
80
80
80
80
82
82
83
83
83
83
83
83
84
84
84
84
84
84
84
84
85
85
85
85
85
85
86
86
86
86
86
86
86
87
89
89
89
89
89
89
89
90
92
93
