18
18
18
18
18
18
18
18
18
18
18
20
20
20
20
20
20
20
21
21
21
21
21
21
21
22
22
22
22
22
22
22
24
24
24
24
24
24
24
24
24
24
24
33
33
33
33
33
33
33
35
35
35
35
35
35
35
35
39
39
39
39
39
39
39
39
39
39
39
39
39
44
44
44
44
44
45
45
45
45
45
46
56
56
56
56
56
56
56
56
57
57
57
58
58
58
58
58
58
58
58
58
58
58
58
59
59
59
59
61
61
61
61
61
61
61
61
61
61
61
61
61
61
61
61
63
63
63
63
63
64
64
64
64
64
64
64
64
64
64
64
64
64
64
64
65
65
65
65
65
65
65
66
66
67
68
68
68
68
68
68
68
68
68
68
68
69
71
71
71
71
71
71
71
72
74
75
