18
18
18
18
18
18
18
18
18
18
18
20
20
20
20
20
20
20
21
21
21
21
21
21
21
22
22
22
22
22
22
22
24
24
24
24
24
24
24
24
24
24
24
41
41
41
41
41
41
42
44
44
44
44
44
44
44
44
46
46
46
46
46
46
46
46
46
46
46
46
46
48
48
48
48
48
48
48
48
48
48
48
48
48
55
55
55
55
55
55
55
55
55
55
56
57
57
57
57
57
57
57
57
58
69
69
69
69
69
69
69
69
69
69
69
69
69
69
70
71
71
71
71
72
72
72
72
74
74
75
75
75
75
75
75
75
75
75
75
75
75
75
75
76
76
76
76
76
76
76
76
76
76
76
76
78
78
78
78
78
78
78
79
79
79
79
79
79
79
81
81
81
81
81
81
81
81
81
81
81
81
81
81
81
81
81
81
81
81
81
81
81
82
84
86
