18
18
18
18
18
18
18
18
18
18
18
20
20
20
20
20
20
20
21
21
21
21
21
21
21
22
22
22
22
22
22
22
23
23
23
23
23
23
23
24
24
24
24
24
24
24
25
25
25
25
25
25
25
138
138
138
139
145
145
145
145
145
145
145
145
154
154
154
154
154
154
154
154
160
160
160
160
160
160
160
160
166
166
166
166
166
166
166
166
172
172
172
172
172
172
172
172
178
178
178
178
178
178
178
178
184
184
184
184
184
184
184
184
190
190
190
190
190
190
190
190
203
203
203
203
203
203
203
203
211
211
211
211
211
211
211
211
220
220
220
220
220
220
220
220
222
222
222
222
222
222
222
222
222
222
222
222
222
222
222
222
222
222
223
223
232
232
232
232
232
232
232
232
232
232
232
233
233
233
233
233
233
233
233
233
233
233
234
234
234
234
234
234
234
234
234
234
234
235
235
235
235
235
235
235
235
235
235
235
235
235
235
235
235
235
236
236
236
236
236
236
236
236
236
236
236
236
236
236
236
236
236
237
237
237
237
237
237
237
237
237
237
237
237
237
237
237
237
237
238
238
238
238
238
238
238
238
238
238
238
238
238
238
238
238
238
239
239
239
239
239
239
239
239
239
239
239
239
239
239
239
239
239
240
240
240
240
240
240
240
240
240
240
240
240
240
240
240
240
240
241
241
241
241
241
241
241
241
241
241
241
241
241
241
241
241
241
242
242
242
242
242
242
242
242
242
242
242
242
242
242
242
242
242
243
243
243
243
243
243
243
243
243
243
243
243
243
243
243
243
243
244
244
244
244
244
244
244
244
244
244
244
244
244
244
244
244
244
245
245
245
245
245
245
245
245
245
245
245
245
245
245
245
245
245
249
249
249
249
249
249
250
250
250
252
261
261
261
261
261
261
261
261
261
262
263
263
263
263
263
263
263
263
263
263
263
264
264
264
264
264
264
264
264
264
264
264
264
265
265
265
265
265
265
265
266
266
266
267
276
276
276
276
276
276
276
276
276
276
277
277
277
277
277
277
277
278
291
291
291
291
291
291
291
291
291
292
293
293
293
293
293
293
293
293
293
293
293
294
294
294
294
294
294
294
295
295
295
295
295
295
295
296
296
296
296
296
296
296
296
296
296
297
298
298
298
298
298
298
298
299
299
299
299
299
299
299
299
299
300
301
302
302
302
302
302
302
302
302
302
303
304
304
304
304
304
304
304
304
304
304
304
304
305
305
305
305
305
305
305
305
305
305
305
305
306
306
306
306
306
306
306
306
306
306
307
307
307
307
307
307
307
308
308
308
308
309
309
309
310
311
311
311
311
311
311
311
311
311
311
311
311
312
312
312
312
312
313
313
313
313
313
313
313
313
313
314
314
314
314
314
314
314
314
314
314
314
314
315
316
316
316
316
316
316
316
317
317
317
318
319
319
319
319
319
320
320
320
320
323
323
323
323
325
325
325
325
325
325
327
327
327
327
329
329
329
329
331
331
331
331
333
333
333
333
339
339
339
339
339
340
340
340
340
340
341
348
348
348
348
348
348
348
348
349
349
349
349
349
349
349
349
350
350
350
350
350
350
350
350
351
351
351
351
351
351
351
351
352
352
352
352
352
352
352
352
353
353
353
353
353
353
353
353
354
354
354
354
354
354
354
354
355
355
355
355
355
355
355
355
356
356
356
356
356
356
356
356
357
366
366
366
366
366
366
366
366
367
367
367
367
367
367
368
371
371
371
371
371
371
371
371
371
371
371
372
372
372
372
372
372
373
373
373
373
373
373
373
373
374
374
374
374
374
374
374
374
375
375
375
375
375
375
375
375
376
376
376
376
376
376
376
376
377
377
377
377
377
377
377
377
378
378
378
378
378
378
378
378
379
379
379
379
379
379
379
379
380
393
393
393
393
393
393
393
394
394
394
394
395
395
395
395
396
397
397
397
397
397
398
398
398
398
398
398
399
399
399
399
399
399
400
418
418
418
418
418
418
418
419
419
419
419
420
420
420
420
421
421
421
421
422
422
422
422
423
423
423
423
424
425
425
425
425
425
426
426
426
426
426
426
427
427
427
427
427
427
428
428
428
428
428
428
429
429
429
429
429
429
430
430
430
430
430
430
431
453
453
453
453
453
453
453
454
454
454
454
455
455
455
455
456
456
456
456
457
457
457
457
458
458
458
458
459
459
459
459
460
460
460
460
461
462
462
462
462
462
463
463
463
463
463
463
464
464
464
464
464
464
465
465
465
465
465
465
466
466
466
466
466
466
467
467
467
467
467
467
468
468
468
468
468
468
469
469
469
469
469
469
470
477
477
477
477
477
477
478
478
478
479
486
486
486
486
486
486
487
487
487
488
496
496
496
496
496
496
497
497
497
498
508
508
508
508
508
508
509
509
509
510
516
516
516
516
516
516
517
517
517
518
527
527
527
527
527
527
528
528
528
529
537
537
537
537
537
537
538
538
538
538
538
539
548
548
548
548
548
548
549
549
549
550
566
566
566
566
566
566
566
566
566
567
567
567
567
567
567
568
590
590
590
590
590
590
590
590
590
591
591
591
591
591
591
592
611
611
611
611
611
611
611
611
611
612
612
612
612
612
612
613
655
655
655
655
655
655
655
655
655
656
656
656
656
656
656
657
673
673
673
673
673
673
673
673
673
674
674
674
674
674
674
675
694
694
694
694
694
694
694
694
694
695
695
695
695
695
695
696
706
706
706
706
706
706
706
706
706
707
707
707
707
707
707
708
710
711
