18
18
18
18
18
18
18
18
18
18
18
18
18
20
20
20
20
20
20
20
21
21
21
21
21
21
21
23
23
23
23
23
23
23
23
23
23
23
24
24
24
24
24
24
24
24
24
24
24
24
24
37
37
37
37
37
39
39
39
39
39
39
39
39
39
39
39
39
39
39
40
40
40
40
40
40
40
40
40
41
41
41
41
41
41
41
41
41
42
42
42
42
42
42
42
42
42
43
43
43
43
43
43
43
44
46
46
46
46
46
46
46
46
46
46
46
46
46
46
49
49
49
49
49
49
49
49
49
49
49
49
49
49
49
52
52
52
52
52
52
52
52
52
52
52
52
52
52
52
54
54
55
55
55
55
55
55
55
57
57
57
57
57
57
59
59
59
59
59
59
59
61
61
61
61
61
61
61
63
63
63
63
63
63
63
63
63
63
63
63
63
63
63
65
65
65
65
65
65
65
65
65
67
67
67
67
67
67
67
67
68
68
68
68
68
68
68
68
68
68
68
68
68
69
69
69
69
69
69
70
70
70
70
70
70
70
71
71
72
72
72
73
73
73
73
73
73
74
74
74
74
74
74
75
76
77
80
