17
17
17
17
17
17
17
17
17
19
19
19
19
19
19
19
19
19
20
20
20
20
20
20
20
20
20
20
20
21
21
21
21
21
21
21
21
21
21
21
21
21
23
23
23
23
23
23
23
25
25
25
25
25
25
25
25
25
25
25
25
25
25
27
27
27
27
27
28
28
28
29
30
30
31
31
31
31
31
31
31
31
31
32
32
32
32
33
34
34
35
35
35
35
36
38
38
38
38
38
38
38
38
38
38
38
39
41
41
41
41
41
41
41
41
41
41
41
41
43
43
43
43
43
43
43
43
43
43
45
45
45
45
45
45
45
45
45
45
47
47
47
47
47
47
47
47
47
47
47
47
47
49
49
49
49
49
49
49
49
49
49
51
51
51
51
51
51
51
51
51
51
53
53
53
53
53
53
53
53
53
53
53
53
53
55
55
55
55
55
55
55
55
55
55
55
55
55
55
55
55
57
57
57
57
57
57
57
57
57
57
57
57
57
57
57
58
58
58
58
58
58
58
58
58
58
60
60
60
60
60
60
60
60
60
60
60
60
60
62
62
62
62
62
62
62
62
62
62
62
62
62
62
62
62
64
64
64
64
64
64
64
64
64
64
66
66
66
66
66
66
66
66
66
66
66
66
66
66
66
66
68
68
68
68
68
68
68
68
68
68
68
68
68
68
68
68
70
70
70
70
70
70
70
70
72
72
72
72
72
72
72
72
72
72
72
72
72
74
74
74
74
74
74
74
74
74
74
74
74
74
74
74
74
76
76
76
76
76
76
76
76
76
76
76
76
76
78
78
78
78
78
78
78
78
78
78
78
78
78
82
82
82
82
82
83
84
84
84
84
84
84
84
84
86
86
86
86
86
86
86
86
86
86
86
87
89
89
89
89
89
89
89
89
89
89
89
89
89
89
89
89
89
89
89
89
89
91
91
91
91
91
91
91
91
92
92
92
92
92
92
92
92
94
94
94
94
94
94
97
97
97
97
97
97
97
97
98
98
98
98
98
98
98
98
99
99
99
99
99
99
99
99
102
102
102
102
102
102
102
102
105
105
105
105
105
105
105
105
106
106
106
106
106
106
106
106
109
109
109
109
109
109
109
109
110
110
110
110
110
110
110
110
111
111
111
111
111
111
111
111
112
112
112
112
112
112
112
112
114
114
114
114
114
114
114
114
114
114
114
114
114
117
117
117
117
117
117
117
117
118
119
119
119
119
119
119
119
119
119
119
119
119
119
119
120
123
123
123
123
123
123
123
123
124
125
125
125
125
125
125
125
125
125
126
129
129
129
129
129
129
129
129
130
131
131
131
131
131
131
132
135
135
135
135
135
135
135
135
136
137
137
137
137
137
137
137
137
137
137
137
138
141
141
141
141
141
141
141
141
142
143
143
143
143
143
143
143
143
143
143
143
143
143
143
143
143
143
143
143
143
143
143
143
143
143
144
147
147
147
147
147
147
147
147
148
149
149
149
149
149
149
149
149
150
152
152
152
152
152
152
152
152
152
152
152
153
154
154
154
154
154
154
154
154
154
154
154
154
154
154
155
157
157
157
157
157
157
157
157
158
159
159
159
159
159
159
159
159
159
159
159
159
160
162
162
162
162
162
163
164
164
164
164
164
164
164
165
166
167
