20
20
20
20
20
20
20
20
20
22
22
22
22
22
22
22
23
23
23
23
23
23
23
25
25
25
25
25
25
25
25
25
26
26
26
26
26
26
26
26
26
26
26
27
27
27
27
27
27
27
27
27
27
27
33
33
33
33
33
34
34
34
35
36
36
36
36
36
37
37
37
37
37
38
38
38
38
38
40
40
40
40
40
41
41
41
41
41
42
42
42
42
42
43
43
43
43
43
44
44
44
44
44
46
46
46
46
46
47
47
47
47
47
48
48
48
48
48
49
49
49
49
49
51
51
51
51
51
52
52
52
52
52
54
54
54
54
54
56
56
56
56
56
57
57
57
57
57
59
59
59
59
59
61
61
61
61
61
61
61
61
61
61
61
63
63
63
63
64
65
65
65
65
65
65
65
65
65
65
65
65
65
65
65
65
65
65
65
65
65
67
67
67
67
68
69
71
71
71
71
71
71
72
73
73
73
73
73
74
76
76
77
77
77
77
77
77
77
77
77
77
78
79
79
79
79
79
79
79
80
80
80
81
83
83
83
83
83
83
83
83
84
84
84
84
84
84
84
84
84
84
85
85
85
86
87
87
87
87
87
87
87
88
89
91
91
91
91
92
93
93
93
93
93
93
93
93
95
95
95
95
96
97
97
97
97
97
98
100
100
100
100
100
100
101
102
102
102
102
102
102
102
102
102
103
104
106
106
106
106
107
108
108
108
108
108
108
108
108
110
110
110
110
111
112
112
112
112
112
113
115
115
115
115
115
115
116
117
117
117
117
117
117
117
117
117
118
119
121
121
121
121
122
123
123
123
123
124
125
125
125
125
125
126
128
128
128
128
128
128
129
130
130
130
130
130
130
130
130
130
130
130
131
132
134
134
134
134
135
136
136
136
136
137
138
138
138
138
138
138
138
138
138
139
141
141
141
141
141
141
142
143
143
143
143
143
143
143
144
144
144
144
144
145
147
147
147
147
147
147
147
148
149
149
149
149
149
149
149
149
149
150
150
150
150
150
150
150
150
150
150
150
150
150
150
150
151
152
152
153
153
153
153
153
153
153
153
153
153
153
153
153
153
153
154
155
157
157
157
157
157
158
159
159
159
159
159
159
159
159
159
159
159
159
159
159
159
159
159
159
159
159
159
159
159
159
159
159
159
159
159
160
161
163
163
163
163
164
165
165
165
165
166
166
166
166
167
167
167
167
169
169
170
170
170
170
170
170
170
170
171
172
172
172
172
172
172
172
172
172
172
172
172
173
174
176
176
176
176
177
178
178
178
178
179
179
179
179
180
180
180
180
181
181
181
181
182
182
182
182
183
183
183
183
184
184
184
184
185
185
185
185
186
186
186
186
187
187
187
187
188
188
188
188
189
189
189
189
190
190
190
190
191
191
191
191
192
192
192
192
193
193
193
193
194
194
194
194
195
195
195
195
197
197
197
197
198
199
199
199
199
199
199
199
199
199
199
200
202
202
203
203
203
203
203
203
203
203
204
205
205
205
205
205
205
205
205
205
205
205
205
205
205
205
205
205
205
205
205
205
206
206
206
206
206
206
206
206
206
206
206
206
207
207
207
207
207
207
207
207
207
208
209
211
211
211
211
212
213
213
213
213
214
214
214
214
215
215
215
215
216
216
216
216
218
218
219
219
219
219
219
219
219
219
220
221
221
221
221
221
221
221
221
221
221
221
221
221
221
222
223
224
225
