6
6
6
6
6
6
6
6
6
8
8
8
8
8
8
8
8
8
8
8
8
8
8
9
9
9
9
9
9
9
9
9
9
9
10
10
10
10
10
10
10
11
11
11
11
11
11
11
13
13
13
13
13
13
13
14
14
14
14
14
14
14
15
15
15
15
15
15
15
16
16
16
16
16
16
16
17
17
17
17
17
17
17
18
18
18
18
18
18
18
20
20
20
20
21
22
22
22
22
22
22
22
22
22
22
22
22
22
22
22
22
22
24
24
24
24
24
24
24
24
24
24
24
24
24
24
24
26
26
26
26
26
26
26
26
26
26
26
26
27
28
28
28
28
28
28
28
28
28
28
29
31
31
31
31
32
33
35
35
35
35
35
35
35
35
35
35
35
35
36
37
37
37
37
38
39
39
39
39
39
39
39
40
41
41
41
41
41
41
41
41
41
42
43
45
45
45
45
45
45
45
45
46
48
48
48
48
48
48
48
48
48
48
48
48
48
49
50
50
50
50
51
52
52
52
52
52
52
52
52
52
53
55
55
55
55
55
55
55
55
55
55
55
55
56
58
58
58
58
58
58
58
58
58
58
58
58
58
58
58
58
59
60
60
60
60
60
60
60
60
60
60
60
60
61
63
63
63
63
63
63
63
63
63
64
65
65
65
65
65
65
65
65
65
65
67
67
67
67
67
67
67
67
67
67
67
67
67
67
69
69
69
69
69
69
69
69
70
72
72
72
72
72
72
73
74
74
74
74
74
74
75
76
77
78
78
78
78
78
78
79
80
80
80
80
80
81
82
82
82
82
82
82
82
82
82
83
84
85
85
85
85
86
87
88
