18
18
18
18
18
18
18
18
18
18
18
18
18
20
20
20
20
20
20
20
21
21
21
21
21
21
21
22
22
22
22
22
22
22
23
23
23
23
23
23
23
24
24
24
24
24
24
24
26
26
26
26
26
26
26
26
26
26
26
26
26
27
27
27
27
27
27
27
27
27
27
27
27
27
28
28
28
28
28
28
28
28
28
28
28
28
28
29
29
29
29
29
29
29
29
29
29
29
29
29
30
30
30
30
30
30
30
30
30
30
30
30
30
48
48
48
48
49
51
51
51
51
51
51
51
51
51
51
51
51
51
51
51
51
53
53
53
53
53
53
53
53
53
53
53
54
55
55
55
55
55
55
55
55
55
56
56
56
56
56
56
56
56
56
57
57
57
57
57
57
57
58
60
60
60
60
60
60
60
60
60
62
62
62
62
62
62
62
63
63
64
64
64
64
64
64
65
65
65
65
65
65
65
65
66
67
67
67
67
67
67
67
67
68
68
69
69
69
69
69
69
69
69
69
69
69
70
70
70
70
70
70
70
70
70
70
70
70
70
70
70
70
70
70
70
70
70
70
70
71
71
71
71
71
71
71
71
71
71
71
72
72
72
72
72
73
73
73
73
73
73
73
73
74
74
74
74
74
74
75
76
77
77
77
77
77
77
77
77
78
78
78
78
78
78
79
81
81
81
81
81
81
82
88
88
88
88
88
88
88
88
88
89
90
90
90
90
90
90
90
90
90
90
91
91
91
91
91
91
91
91
91
91
92
92
92
92
93
93
93
93
93
93
93
94
94
94
94
95
95
95
95
95
95
95
95
95
96
96
96
96
97
97
97
98
98
98
98
99
101
101
101
101
101
101
101
101
101
101
101
101
101
101
101
102
102
102
102
102
102
102
102
102
102
103
103
103
103
103
103
103
103
103
103
104
104
104
104
104
104
104
104
104
104
104
105
105
105
105
105
105
105
105
105
105
105
105
107
107
107
107
107
107
107
107
107
107
107
107
107
107
107
107
107
107
107
107
107
107
107
107
107
108
108
108
108
108
108
108
108
108
108
110
110
110
110
110
110
110
110
110
110
110
110
110
110
110
110
110
110
110
110
110
110
110
110
110
110
110
111
111
111
111
111
111
111
111
111
111
112
112
112
112
112
112
112
112
112
112
113
113
113
113
113
113
113
113
113
113
113
113
113
113
113
113
113
113
114
114
114
114
114
114
114
114
114
114
114
116
116
116
116
116
116
116
116
116
116
117
117
117
117
117
117
117
117
117
117
118
118
118
118
118
119
119
119
119
119
119
119
120
120
120
120
120
120
120
120
120
120
121
121
121
121
122
122
122
122
122
122
122
122
122
126
126
126
126
126
126
126
126
126
126
126
127
127
128
128
128
128
128
128
128
128
128
128
128
129
129
129
129
129
129
129
129
129
129
130
130
130
130
130
130
130
130
130
130
130
130
130
130
130
131
131
131
131
132
133
133
133
133
133
133
133
133
137
137
137
137
137
137
137
137
137
138
139
140
140
140
140
140
140
140
140
140
140
140
140
140
140
140
140
140
140
140
141
141
141
141
141
141
141
141
141
143
145
146
146
146
146
146
146
146
146
146
146
146
146
146
146
146
147
147
147
147
147
147
147
147
148
149
149
149
149
149
149
149
149
149
149
149
151
151
151
151
151
151
151
151
151
151
152
152
152
152
152
152
152
152
152
152
152
152
152
152
152
152
152
152
152
155
155
155
155
155
155
155
155
155
155
156
156
156
156
156
156
156
156
156
156
156
156
156
156
156
156
156
156
156
158
158
158
158
158
158
158
158
158
158
160
160
160
160
160
160
160
160
160
160
161
161
161
161
161
161
161
161
161
161
161
161
161
161
161
161
161
161
161
164
164
164
164
164
164
164
164
164
164
165
165
165
165
165
165
165
165
165
165
165
165
165
165
165
165
165
165
165
168
168
168
168
168
168
168
168
168
168
168
169
169
169
169
169
169
169
169
169
169
169
169
169
169
169
169
169
169
169
171
171
171
171
171
171
172
172
172
172
172
172
172
172
172
172
173
173
173
173
173
173
173
173
173
173
174
174
174
174
174
174
174
174
174
174
174
174
174
174
174
174
175
175
175
175
175
175
175
175
175
175
175
175
175
175
175
175
177
177
177
177
177
177
177
177
177
178
178
178
178
178
178
179
181
182
