18
18
18
18
18
18
18
18
18
18
18
18
18
19
19
19
19
19
19
19
20
20
20
20
20
20
20
22
22
22
22
22
22
22
22
22
22
22
22
22
23
23
23
23
23
23
23
23
23
23
23
23
23
34
34
34
34
34
35
37
37
37
37
38
38
38
40
40
40
40
41
41
41
43
43
43
43
44
44
44
47
47
47
47
47
47
47
47
48
48
48
48
48
48
48
48
49
49
49
49
49
49
49
49
51
51
51
51
51
52
52
52
52
52
52
52
52
52
52
52
52
52
52
52
54
54
54
54
54
55
55
55
55
55
55
55
55
55
55
55
69
69
69
69
69
69
70
70
70
71
71
71
71
72
72
73
73
73
100
100
100
100
100
100
101
102
102
104
104
106
106
108
108
110
110
111
111
112
112
114
114
126
126
126
127
127
128
128
129
129
130
130
130
130
130
130
130
130
130
130
131
133
133
140
140
140
140
140
140
142
142
144
144
144
149
149
149
149
159
159
159
159
160
161
161
161
161
161
162
176
176
176
176
176
176
176
177
178
178
178
178
178
178
178
179
194
194
194
194
194
194
194
194
194
194
194
195
196
196
196
196
196
197
197
197
197
197
198
198
198
198
198
198
199
207
207
208
208
208
208
208
208
209
209
209
209
210
210
210
210
211
211
212
212
212
213
225
225
226
226
226
226
226
226
226
226
226
227
227
227
227
227
227
227
227
227
228
228
228
228
228
228
228
229
229
229
229
230
230
230
230
230
232
232
232
232
232
232
232
233
234
234
234
234
234
234
234
234
234
235
235
235
235
235
235
235
235
235
236
236
236
236
236
236
236
236
236
237
237
237
237
237
237
237
237
237
238
238
238
238
238
238
238
238
238
239
239
239
239
239
239
239
239
239
239
239
239
239
239
239
239
240
240
240
240
240
240
240
240
241
241
241
241
241
242
242
242
242
242
242
242
242
242
242
242
243
245
246
247
247
247
247
247
247
247
247
247
247
247
247
247
248
248
248
248
248
248
248
248
248
249
249
249
249
249
249
249
250
250
250
250
250
250
250
250
250
250
251
251
251
251
251
251
251
251
251
251
251
251
252
252
252
253
253
253
253
253
253
253
253
253
253
253
253
254
255
256
256
256
256
256
256
257
259
265
265
265
265
265
265
265
265
265
266
267
267
267
268
268
268
268
268
268
269
269
270
270
270
271
271
271
271
271
271
272
272
273
273
273
274
274
274
274
274
274
275
275
276
276
276
277
277
277
278
278
278
278
279
279
279
279
279
279
280
280
281
281
281
282
282
282
283
283
283
283
283
283
284
284
285
285
286
286
286
286
286
286
287
289
289
289
289
289
289
289
291
291
291
291
291
292
292
292
292
292
292
292
292
292
292
292
292
292
292
292
292
292
292
293
295
295
295
295
295
295
295
295
295
295
296
296
296
296
296
296
296
296
296
296
296
296
297
297
297
297
297
297
297
297
297
297
298
298
298
298
298
298
298
298
298
298
298
298
298
298
300
300
300
300
300
300
300
300
300
300
300
301
301
301
301
301
301
301
301
301
301
301
301
301
301
301
301
301
302
302
302
302
302
302
302
302
302
302
302
302
302
302
302
303
305
305
305
305
305
306
307
308
309
309
309
309
309
309
309
309
309
309
309
309
310
311
311
311
311
311
311
312
314
315
317
317
317
317
317
317
317
318
318
318
318
318
318
318
320
321
322
322
322
322
322
322
322
322
322
322
322
322
323
324
324
324
324
324
324
325
327
331
331
331
331
331
331
331
331
332
334
334
334
334
334
334
334
334
334
334
334
336
336
336
336
336
336
336
337
338
338
338
338
338
338
338
339
340
341
342
342
342
342
342
342
342
342
342
342
342
342
342
342
343
343
343
343
343
343
343
343
343
343
343
343
343
343
344
346
347
348
349
349
349
349
349
349
349
350
351
351
351
352
353
353
353
354
359
359
360
360
360
360
360
360
360
360
360
360
360
360
360
360
360
362
362
362
362
362
362
362
362
362
362
362
362
362
362
363
363
363
364
366
367
