18
18
18
18
18
18
18
18
18
18
18
20
20
20
20
20
20
20
21
21
21
21
21
21
21
22
22
22
22
22
22
22
23
23
23
23
23
23
23
25
25
25
25
25
25
25
25
25
26
26
26
26
26
26
26
26
26
27
27
27
27
27
27
27
27
27
28
28
28
28
28
28
28
28
28
29
29
29
29
29
29
29
29
29
30
30
30
30
30
30
30
30
30
31
31
31
31
31
31
31
31
31
32
32
32
32
32
32
32
32
32
34
34
34
34
34
34
34
34
34
34
34
34
34
35
35
35
35
35
35
35
35
35
35
35
35
35
36
36
36
36
36
36
36
36
36
36
36
36
36
65
65
65
65
65
66
68
68
68
68
68
68
68
68
71
71
71
71
71
71
71
71
74
74
74
74
74
76
76
76
76
76
78
78
78
78
81
81
81
81
81
81
83
83
83
83
83
84
87
87
87
87
90
90
90
90
93
93
93
93
96
96
96
96
102
102
102
102
103
104
104
104
104
104
104
104
105
111
111
111
111
111
111
111
112
113
113
113
113
113
113
113
114
121
121
121
121
121
121
121
121
121
121
121
122
123
123
123
123
123
123
123
123
123
124
130
130
130
130
130
130
130
131
132
132
132
132
132
132
132
133
139
139
139
139
139
139
139
140
141
141
141
141
141
141
141
142
149
149
149
149
149
149
149
149
149
149
149
150
151
151
151
151
151
151
151
151
151
152
160
160
160
160
160
160
160
160
160
160
160
160
160
160
160
161
162
162
162
162
162
163
163
163
163
164
164
164
164
165
165
165
165
166
176
176
177
177
177
177
177
177
177
178
180
180
180
180
180
181
181
181
181
182
183
183
183
183
183
183
185
194
194
194
194
194
194
194
194
194
195
196
196
196
196
196
196
196
196
196
196
196
196
196
196
196
196
196
196
197
198
198
198
200
201
201
201
201
202
202
202
203
211
211
211
211
211
211
211
212
213
213
213
213
213
213
214
215
215
215
215
215
215
215
215
215
215
215
215
216
217
217
217
218
226
226
226
226
226
226
226
227
228
228
228
228
228
228
229
230
230
230
230
230
230
230
230
230
230
230
230
231
232
232
232
233
240
240
240
240
240
241
242
242
242
243
249
249
249
249
249
250
251
251
251
252
258
258
258
258
258
259
260
260
260
261
267
267
267
267
267
267
267
268
269
269
269
269
269
269
270
271
271
271
271
271
271
271
271
271
271
271
271
271
271
271
271
271
272
273
282
282
282
282
282
283
284
284
284
285
292
292
292
292
292
292
292
293
294
294
294
294
296
296
296
296
296
296
296
296
296
296
297
297
297
297
297
297
297
297
297
297
297
297
297
297
297
297
297
297
298
298
298
298
298
298
298
298
299
299
299
299
300
300
300
300
300
300
300
300
300
300
300
300
300
300
300
300
301
301
301
301
301
301
301
302
302
302
302
302
302
302
304
304
304
304
304
305
305
305
305
305
305
305
306
308
308
308
308
308
308
308
309
309
309
309
309
309
309
310
311
311
311
311
311
311
311
312
312
312
312
312
312
312
313
314
314
314
314
314
314
317
317
317
317
318
318
318
318
318
318
318
318
319
319
319
319
319
319
319
319
320
320
321
321
321
321
321
321
321
321
322
322
322
322
323
323
324
324
324
324
324
324
324
324
325
325
325
325
327
327
327
327
327
327
327
327
327
327
327
327
327
327
327
327
327
327
327
327
327
328
328
328
328
328
328
328
329
330
337
337
337
337
337
337
337
337
337
337
338
339
339
339
339
339
339
339
339
340
347
347
347
347
347
347
347
347
347
347
348
349
349
349
349
349
349
349
349
350
359
359
359
359
359
359
359
359
360
361
361
361
361
362
369
369
369
369
369
369
369
369
370
371
371
371
371
372
379
379
379
379
379
379
379
379
380
381
381
381
381
382
389
389
389
389
389
389
389
389
390
391
391
391
391
392
393
395
