18
18
18
18
18
18
18
18
18
18
18
18
18
20
20
20
20
20
20
20
21
21
21
21
21
21
21
22
22
22
22
22
22
22
24
24
24
24
24
24
24
24
24
24
24
24
24
25
25
25
25
25
25
25
25
25
25
25
25
25
234
234
234
234
234
235
236
236
236
236
236
237
237
237
241
241
241
241
241
241
242
243
243
244
244
245
245
246
246
246
257
257
257
257
258
259
259
259
259
259
260
274
274
274
274
274
274
274
275
276
276
276
276
276
277
277
277
277
277
278
287
287
288
288
288
288
288
288
289
289
289
289
290
290
290
290
291
291
292
292
292
293
302
302
302
302
302
302
302
302
302
303
303
303
303
303
303
303
303
303
303
303
304
306
306
307
307
307
307
307
307
307
307
308
310
310
310
310
310
310
310
310
310
311
311
311
311
311
311
311
312
312
312
312
314
314
314
314
314
314
314
315
316
316
316
316
316
316
316
316
316
317
317
317
317
317
317
317
317
317
318
318
318
318
318
319
319
319
319
319
319
319
319
319
319
319
319
319
319
319
319
319
319
319
319
320
321
321
321
321
321
321
321
321
321
321
321
321
321
321
322
323
323
323
323
323
323
323
323
323
324
324
324
324
324
324
324
324
326
326
326
326
326
328
329
330
330
330
330
330
330
330
330
330
330
330
330
331
332
332
332
332
332
332
333
335
338
338
338
338
338
338
338
338
338
339
340
340
340
340
340
340
341
341
341
341
341
341
341
341
341
341
341
341
342
343
343
343
344
345
346
346
346
346
346
346
346
346
346
346
347
348
348
348
348
348
348
349
349
349
349
349
349
349
349
349
349
349
349
350
351
351
351
352
353
354
354
354
354
354
354
354
354
354
354
355
363
363
363
363
363
363
363
363
363
363
363
363
363
363
363
363
363
363
363
363
363
363
363
363
364
364
364
365
366
366
366
366
367
367
367
367
367
367
368
369
369
369
369
369
369
369
369
369
369
370
371
371
371
371
372
372
372
372
372
372
374
374
374
374
374
374
374
375
376
376
376
377
378
378
378
378
378
378
378
378
378
378
378
378
378
378
378
379
380
380
380
381
388
388
388
388
388
388
388
388
388
388
388
388
388
389
390
391
392
392
392
392
392
392
393
395
395
395
395
395
395
395
397
397
397
397
397
397
397
399
400
401
401
401
401
401
401
401
401
401
401
401
401
402
403
403
403
403
403
403
404
406
408
408
408
408
408
408
408
408
408
409
410
410
410
410
410
410
410
410
410
410
410
410
410
410
410
410
410
411
412
412
412
412
413
414
414
414
414
414
414
414
414
414
414
414
415
415
415
415
415
415
415
416
417
417
417
417
417
417
417
417
417
417
417
418
419
421
421
421
421
421
421
421
423
423
423
424
425
425
425
426
428
429
