17
17
17
17
17
17
17
17
17
17
17
17
17
17
17
19
19
19
19
19
19
19
21
21
21
21
21
21
21
21
21
21
21
22
22
22
22
22
22
22
22
22
22
22
22
22
23
23
23
23
23
23
23
23
23
23
23
23
23
23
23
24
24
24
24
24
24
24
24
24
24
24
24
24
24
24
25
25
25
25
25
25
25
25
25
25
25
25
25
25
25
26
26
26
26
26
26
26
26
26
26
26
26
26
33
33
33
33
33
33
34
34
34
34
35
35
35
35
37
37
37
37
37
37
37
37
44
44
44
44
44
44
44
44
44
44
45
45
45
45
45
45
45
46
46
46
46
46
46
47
54
54
54
54
54
54
54
54
54
54
55
55
55
55
55
56
56
56
56
56
56
57
63
63
63
63
63
63
64
64
64
65
67
67
67
67
67
67
68
68
68
69
71
71
71
71
71
71
72
72
72
73
75
75
75
75
75
75
76
76
76
76
76
76
76
77
77
77
77
77
77
77
77
77
77
77
77
78
80
80
80
80
80
80
81
81
81
81
81
81
81
82
82
82
82
82
82
82
82
82
82
82
82
82
82
83
85
85
85
85
85
85
86
86
86
86
86
86
86
86
86
87
89
89
89
89
89
89
90
90
90
90
90
90
90
91
91
91
91
91
91
91
92
92
92
92
92
92
92
92
92
92
92
92
92
92
92
92
92
92
92
92
92
92
93
94
94
94
94
94
94
94
94
95
97
97
97
97
97
97
97
97
99
99
99
99
99
99
99
100
102
102
102
102
102
102
103
103
103
103
103
103
103
104
104
104
104
104
104
104
105
105
105
105
105
105
105
105
105
105
105
105
105
105
105
106
107
107
107
108
110
110
110
110
110
110
111
111
111
111
111
111
111
111
111
111
112
114
114
114
114
114
114
114
114
115
115
115
115
115
115
115
116
116
116
117
119
119
119
119
119
119
119
119
119
119
120
120
120
121
123
123
123
123
123
123
123
123
124
124
124
124
124
124
124
124
124
124
124
124
124
125
127
127
127
127
128
128
128
129
129
129
130
130
130
130
131
131
131
131
131
131
131
131
131
131
131
131
131
131
132
134
134
134
134
134
134
134
134
135
135
135
135
135
135
135
135
135
135
136
138
138
138
138
138
138
139
139
139
139
139
139
139
139
139
140
142
142
142
142
142
142
142
142
143
143
143
143
143
143
143
143
143
143
144
146
146
146
146
146
146
146
146
147
147
147
147
147
147
147
147
147
147
148
150
150
150
150
151
151
151
152
152
152
152
153
153
153
153
153
153
153
153
153
153
153
153
153
154
156
156
156
156
156
156
156
156
157
157
157
157
157
157
157
157
157
157
158
160
160
160
160
160
160
161
161
161
161
161
161
161
161
161
161
161
161
161
162
163
164
