17
17
17
17
17
17
17
17
17
17
17
17
17
19
19
19
19
19
19
19
19
19
19
19
20
20
20
20
20
20
20
20
20
20
20
20
20
21
21
21
21
21
21
21
21
21
21
21
21
21
21
21
28
28
28
28
28
28
29
29
29
29
29
29
30
30
30
30
31
31
31
31
31
37
37
37
37
37
37
37
37
38
38
38
38
38
39
39
40
40
40
40
40
40
40
40
40
40
40
40
40
41
41
41
41
41
41
41
42
42
43
43
43
43
43
43
43
43
43
43
44
45
47
47
48
48
48
48
48
48
49
49
49
50
52
52
53
53
53
53
53
53
54
54
54
55
57
57
58
58
58
58
58
58
59
59
59
59
59
59
59
60
62
62
63
63
63
63
63
63
64
64
64
64
64
64
64
64
65
67
67
68
68
68
68
68
68
68
68
68
69
69
69
69
69
69
70
70
70
70
70
71
71
71
71
71
71
71
71
71
71
71
71
71
71
71
72
72
72
72
72
72
72
72
72
73
73
73
74
75
75
75
76
77
77
77
77
77
78
80
80
81
81
81
81
81
81
82
82
82
82
82
83
83
83
84
85
85
85
85
86
86
86
87
88
89
