17
17
17
17
17
17
17
17
17
17
17
17
17
17
17
19
19
19
19
19
19
19
20
20
20
20
20
20
20
22
22
22
22
22
22
22
22
22
22
22
23
23
23
23
23
23
23
23
23
23
23
24
24
24
24
24
24
24
24
24
24
24
25
25
25
25
25
25
25
25
25
25
25
25
25
26
26
26
26
26
26
26
26
26
26
26
26
26
27
27
27
27
27
27
27
27
27
27
27
27
27
28
28
28
28
28
28
28
28
28
28
28
28
28
28
28
29
29
29
29
29
29
29
29
29
29
29
29
29
29
29
30
30
30
30
30
30
30
30
30
30
30
30
30
30
30
31
31
31
31
31
31
31
31
31
31
31
31
31
31
31
32
32
32
32
32
32
32
32
32
32
32
32
32
32
32
33
33
33
33
33
33
33
33
33
33
33
33
33
33
33
34
34
34
34
34
34
34
34
34
34
34
34
34
35
35
35
35
35
35
35
36
36
36
36
36
36
36
37
37
37
37
37
37
37
38
38
38
38
38
38
38
39
39
39
39
39
39
39
40
40
40
40
40
40
40
41
41
41
41
41
41
41
42
42
42
42
42
42
42
47
47
47
47
47
47
48
48
48
48
48
48
48
48
48
50
50
50
50
51
51
51
51
52
52
52
52
55
55
55
55
55
55
56
56
59
59
59
59
59
59
60
60
67
67
67
67
67
67
67
67
67
67
68
68
68
68
68
68
68
69
69
69
69
69
69
70
78
78
78
78
78
78
78
78
78
78
78
78
78
79
79
79
79
79
79
79
80
80
80
80
80
80
81
81
81
81
81
81
82
89
89
89
89
89
89
89
89
89
89
90
90
90
90
90
91
91
91
91
91
91
92
94
94
94
94
95
95
95
96
96
96
97
97
97
97
98
98
98
98
98
98
98
98
98
98
98
98
98
99
101
101
101
101
101
101
101
101
102
102
102
102
102
102
102
102
102
103
105
105
105
105
105
105
106
106
106
106
106
106
106
107
109
109
109
109
109
109
109
109
110
110
110
110
110
110
110
110
110
111
113
113
113
113
113
113
114
114
114
114
114
114
115
122
122
122
122
122
122
122
122
122
123
123
123
123
123
123
123
124
124
124
124
124
124
124
124
125
125
125
125
125
125
125
125
125
126
126
126
126
126
126
126
126
126
126
127
127
127
127
128
129
129
129
130
131
131
131
132
134
134
134
134
134
134
134
135
135
135
135
135
135
135
136
136
136
136
136
136
136
136
136
136
136
136
137
137
137
137
137
137
137
138
139
139
139
140
142
142
142
142
142
142
142
142
143
143
143
143
143
143
143
143
143
143
144
144
144
144
144
144
144
144
144
145
146
146
146
146
146
147
147
147
147
147
147
147
148
148
148
148
148
148
148
148
148
148
148
148
148
149
150
150
150
150
150
150
150
151
151
151
151
151
151
151
152
153
153
153
153
153
153
153
154
154
154
155
156
156
156
156
156
156
156
156
156
156
157
157
157
157
157
157
157
157
157
157
157
157
157
158
160
160
160
160
161
161
161
162
162
162
162
163
163
163
163
163
163
163
163
163
164
164
164
164
164
164
164
164
164
165
165
165
165
165
165
165
166
166
166
167
169
169
169
169
169
169
169
169
169
169
169
169
169
169
169
169
170
170
170
170
171
172
172
173
173
173
173
173
173
173
173
173
173
173
173
173
173
174
174
174
175
176
176
177
177
177
177
177
177
177
177
177
177
177
177
177
178
178
178
178
178
178
178
178
178
178
178
178
178
178
178
178
179
179
179
179
179
179
179
179
179
180
180
180
180
180
180
180
180
180
180
180
180
180
180
180
181
181
181
181
181
181
181
181
181
181
182
182
182
182
182
182
182
183
183
183
183
184
185
185
185
185
185
185
185
185
186
186
186
187
188
189
189
189
190
192
192
192
192
192
192
192
192
192
192
193
193
193
193
194
195
195
196
196
196
196
197
199
199
199
199
199
199
199
199
199
199
199
199
199
199
200
200
200
200
200
200
200
200
200
201
201
201
201
201
201
201
201
201
201
201
201
201
201
201
202
202
202
202
202
202
202
202
202
202
203
203
203
203
203
203
203
204
204
204
204
205
206
206
206
206
206
206
206
207
207
207
208
209
211
211
211
212
214
214
214
214
214
214
215
215
215
216
218
218
218
218
218
218
219
219
219
220
222
222
222
222
222
222
223
223
223
224
226
226
226
226
226
226
227
227
227
227
227
227
227
228
228
228
228
228
228
228
228
228
228
228
228
228
228
228
228
228
228
229
230
230
230
230
230
230
230
231
231
231
231
231
231
231
231
231
231
231
231
231
231
231
231
231
231
232
233
233
233
234
236
236
236
236
236
236
237
237
237
237
237
238
238
238
238
238
239
239
239
239
239
239
239
240
240
240
240
240
240
240
240
240
240
240
240
240
241
241
241
241
241
241
241
241
241
241
241
241
241
241
242
242
242
242
243
244
244
244
244
244
244
244
244
244
244
244
244
244
245
246
246
246
246
246
246
246
246
247
247
247
247
247
247
247
247
247
247
247
247
247
248
249
249
249
249
249
249
249
249
249
250
252
252
252
252
252
252
253
253
253
254
256
256
256
256
256
256
257
257
257
257
257
257
257
258
258
258
258
258
258
258
258
259
259
259
259
259
259
259
259
259
259
259
259
259
259
259
259
259
259
259
259
259
259
259
259
259
259
259
259
259
260
260
260
260
260
260
260
260
260
261
261
261
261
261
261
261
261
261
261
261
261
261
261
261
261
261
261
261
262
262
262
262
262
262
262
262
262
262
262
263
264
265
265
265
265
265
265
265
266
267
267
267
267
267
267
267
268
268
268
268
268
268
268
268
268
268
268
268
268
268
269
269
269
269
269
269
269
270
270
270
270
270
270
270
270
271
272
272
272
273
274
274
274
274
274
275
275
275
275
275
275
275
276
276
276
276
276
276
276
276
276
276
276
276
276
277
278
278
278
278
278
278
278
279
279
279
279
279
279
279
279
279
279
279
279
279
280
281
281
281
281
281
281
281
281
281
281
281
281
281
281
281
281
281
281
281
281
282
282
282
282
282
282
282
282
282
282
282
282
282
282
282
283
285
285
285
285
285
285
285
285
286
286
286
286
286
286
286
287
287
287
287
287
287
287
287
287
287
287
287
287
287
287
287
287
288
288
288
288
288
288
288
288
288
288
288
288
288
288
288
289
289
289
289
289
289
289
289
289
289
289
289
290
291
291
292
292
292
292
292
292
292
292
292
292
292
292
292
293
294
295
295
296
296
296
296
296
296
296
296
297
297
297
297
297
297
297
297
297
297
299
299
299
299
299
299
299
300
300
300
300
300
300
300
300
301
301
301
301
301
301
301
301
301
302
303
303
303
303
303
303
303
303
304
304
304
304
304
304
304
304
305
305
305
305
305
305
305
305
305
306
307
307
307
307
307
307
307
307
307
307
307
307
308
308
308
308
308
308
308
308
308
308
308
308
308
308
309
309
309
309
309
309
309
309
309
309
309
310
311
311
311
311
311
311
311
311
312
312
312
313
313
313
313
313
313
313
313
313
314
314
314
314
314
315
315
315
315
315
315
315
316
317
317
317
317
317
317
317
317
318
318
318
318
318
318
318
318
318
318
318
318
318
318
318
318
318
319
319
319
319
319
319
319
320
321
321
322
322
322
322
322
322
322
322
322
322
322
322
322
322
322
322
322
323
323
323
323
323
323
323
323
323
323
323
323
323
323
323
324
324
324
324
324
324
324
324
324
324
324
325
326
327
328
334
334
334
334
334
334
334
334
335
335
335
335
335
335
335
335
336
336
336
336
336
336
336
336
336
338
338
338
338
338
338
338
338
338
338
338
338
338
338
338
339
339
339
339
339
339
339
339
339
339
340
340
340
340
340
340
340
341
341
341
341
341
341
341
341
341
341
341
341
341
342
342
342
342
342
342
342
342
342
342
343
344
344
344
344
344
344
344
344
345
345
345
345
345
345
345
345
345
345
345
345
345
346
346
346
346
346
346
346
346
346
346
347
348
348
348
348
348
348
348
348
349
349
349
349
349
349
349
349
349
349
349
349
349
350
350
350
350
350
350
350
350
350
350
351
352
352
352
352
352
352
352
352
353
353
353
353
353
353
353
353
353
353
353
353
353
354
354
354
354
354
354
354
354
354
354
355
356
356
356
356
356
356
356
356
357
357
357
357
357
357
357
357
357
357
357
357
357
358
358
358
358
358
358
358
358
358
358
359
360
361
363
363
363
363
363
363
363
363
364
364
364
364
364
364
364
364
364
364
365
374
374
374
374
374
375
375
375
376
376
376
377
377
377
377
378
378
378
378
378
378
378
379
379
379
380
381
381
381
381
381
381
381
382
382
382
382
382
382
382
382
382
382
383
383
383
384
386
386
386
386
386
386
386
386
387
387
387
387
387
387
387
387
387
388
388
388
388
388
388
388
388
388
389
389
389
389
389
389
389
389
389
390
390
390
390
390
390
390
390
390
391
391
391
391
391
391
391
391
391
392
392
392
393
394
394
394
395
395
395
395
395
395
396
396
396
396
396
396
396
396
396
396
396
396
397
397
397
397
397
397
397
397
397
397
398
398
398
398
398
398
398
398
398
398
398
399
399
399
399
399
399
399
399
399
399
399
400
401
401
401
402
403
403
403
403
403
403
403
404
404
404
404
404
404
404
404
404
404
404
404
404
404
405
405
405
405
405
406
406
406
407
407
407
407
407
408
408
408
408
408
408
408
408
408
408
408
408
408
409
409
409
409
409
410
410
410
410
410
411
411
411
411
411
412
412
412
412
412
413
413
414
414
414
415
416
417
417
417
417
417
417
417
417
417
417
417
418
418
418
418
418
418
418
418
418
418
418
418
418
418
419
419
419
419
419
419
419
419
419
419
419
419
419
419
420
420
420
420
420
420
420
420
421
422
422
422
423
431
431
431
431
431
431
431
431
431
431
431
431
432
432
432
432
432
432
432
433
433
433
434
435
435
435
435
435
435
435
435
435
435
435
435
435
435
436
436
436
436
436
436
436
436
436
436
436
436
436
436
437
437
437
437
437
437
437
437
438
445
445
445
445
445
445
445
445
445
446
446
446
446
446
446
446
447
447
447
447
447
447
447
447
447
447
447
447
447
447
448
448
448
448
448
448
448
448
448
448
448
448
448
448
448
448
448
448
449
450
450
450
450
450
450
450
451
451
451
451
451
451
451
451
451
451
451
451
451
451
452
452
452
452
452
452
452
452
452
452
452
452
452
452
452
452
452
452
453
454
454
454
455
462
462
462
462
462
462
462
462
462
463
463
463
463
463
463
463
464
464
464
464
464
464
464
464
464
464
464
464
465
466
466
466
466
466
466
466
467
467
467
467
467
467
467
467
467
467
467
467
468
469
469
469
470
479
479
479
479
479
479
479
479
480
480
480
480
480
480
480
481
481
481
481
481
481
481
481
481
481
481
481
481
481
481
481
482
482
482
482
482
482
482
482
482
482
482
482
482
482
482
482
482
483
489
489
489
489
489
489
490
490
490
490
490
490
490
490
490
490
490
490
491
501
501
501
501
501
501
501
501
501
501
501
501
501
501
501
502
502
502
502
502
502
502
503
503
503
503
503
503
503
504
504
504
504
504
504
504
504
505
505
505
505
505
505
505
505
505
505
505
505
506
506
506
506
506
506
506
506
506
506
506
506
506
506
506
507
507
507
508
509
510
510
510
510
510
510
510
511
512
512
512
513
520
520
520
520
520
520
520
520
520
521
521
521
521
521
521
521
522
522
522
522
522
522
522
522
522
522
522
522
522
522
523
523
523
523
523
523
523
523
523
523
523
523
524
525
525
525
525
525
525
525
526
526
526
526
526
526
526
526
526
526
526
526
526
526
526
527
528
528
528
528
528
528
528
529
529
529
529
529
529
529
529
529
529
529
529
529
529
529
530
531
531
531
531
531
531
531
532
532
532
532
532
532
532
532
532
532
532
532
532
532
532
533
534
534
534
534
534
534
534
535
535
535
535
535
535
535
535
535
535
535
535
535
535
535
536
537
537
537
538
540
540
540
540
541
541
541
542
542
542
543
543
543
543
544
544
544
544
544
544
544
545
545
545
545
546
547
547
547
548
548
548
548
548
548
548
549
549
550
550
551
551
552
552
552
552
552
552
553
553
553
554
554
554
554
554
555
555
555
556
556
556
556
556
556
556
556
556
557
557
557
557
557
557
557
557
557
557
558
558
558
558
558
558
559
559
559
559
559
559
559
559
559
559
561
561
561
562
562
562
562
562
562
562
562
562
563
563
563
563
563
563
563
563
563
563
563
563
563
563
563
563
564
564
564
564
564
564
564
565
566
567
567
567
567
567
568
568
568
568
568
568
568
568
568
568
568
568
569
569
569
569
569
569
569
569
569
569
570
572
572
572
572
573
573
573
573
573
573
573
573
573
573
573
573
573
574
574
574
574
574
574
574
574
574
574
574
574
575
575
575
575
575
575
575
576
576
576
577
579
579
579
579
579
579
579
579
579
579
579
580
580
580
580
580
580
580
580
580
580
581
581
581
581
581
581
581
581
581
581
582
584
584
584
584
584
584
584
584
585
585
585
585
585
585
585
585
585
586
586
586
586
586
586
586
587
587
587
587
587
587
587
587
587
587
587
587
588
588
588
588
588
588
588
589
589
589
589
590
590
590
590
590
591
592
592
592
592
592
592
592
592
592
592
592
592
593
593
593
593
593
593
593
593
593
593
593
593
593
593
593
593
594
594
594
594
594
594
594
595
595
595
595
595
595
595
595
595
595
595
595
595
595
595
596
597
598
598
599
599
599
599
599
599
599
599
599
599
599
599
599
599
600
600
600
600
600
600
600
601
601
601
601
601
601
601
601
601
601
601
601
601
602
603
604
604
604
604
604
604
604
604
605
605
605
605
605
605
605
606
606
606
606
606
606
606
607
609
609
609
609
609
609
610
610
610
610
610
610
610
610
611
611
611
611
611
611
611
612
612
612
612
612
612
612
613
614
614
614
614
614
614
614
614
614
614
614
615
617
617
617
617
617
617
618
618
618
618
618
618
618
619
619
619
619
619
619
619
619
619
619
620
622
622
622
622
622
622
622
622
623
623
623
623
623
623
623
624
624
624
624
624
624
624
624
624
624
624
625
626
626
626
626
626
626
626
630
630
630
630
630
630
630
631
631
631
631
631
631
631
631
631
632
632
632
632
632
632
632
632
632
632
632
632
632
632
632
632
632
633
633
633
633
633
633
633
634
635
635
635
635
635
635
635
636
636
636
636
636
636
636
636
636
636
638
638
638
638
638
638
638
639
639
639
639
639
639
639
640
640
640
640
640
640
640
641
641
641
641
641
641
641
641
641
641
641
641
641
641
642
643
643
644
644
644
644
644
644
644
644
644
644
644
644
645
645
645
645
645
645
645
646
646
646
646
646
646
646
647
647
647
647
647
647
647
648
648
648
648
648
648
648
649
649
649
649
649
649
649
650
650
650
650
650
650
650
650
650
651
651
651
651
651
651
651
652
653
653
654
654
654
654
654
654
654
655
655
655
655
655
655
655
656
656
656
656
656
656
656
656
656
657
657
657
657
657
657
657
658
659
661
662
663
663
663
663
663
663
663
663
663
663
663
663
664
664
664
664
664
664
664
665
665
665
665
665
665
665
665
665
665
665
665
665
665
665
665
666
666
666
667
668
668
668
668
668
668
668
668
669
669
669
669
669
669
669
669
669
669
669
669
669
669
669
669
669
669
669
669
669
669
669
670
670
670
671
671
671
671
671
671
671
671
671
671
671
671
671
671
671
671
672
672
672
673
674
674
674
674
674
674
674
675
681
681
681
681
681
681
682
682
682
682
682
682
682
683
683
683
683
683
683
683
683
683
683
683
683
683
683
684
684
684
684
684
684
684
684
684
684
685
685
685
686
688
688
688
688
688
688
688
688
688
688
688
688
688
688
689
689
689
689
689
690
690
690
690
690
690
690
690
690
690
690
690
690
690
690
690
690
690
690
691
691
691
691
691
691
691
691
691
691
692
692
692
692
692
692
692
692
692
692
692
692
692
692
692
692
692
693
693
693
694
695
695
695
695
695
695
695
696
696
697
698
699
699
699
700
701
701
701
702
704
704
704
704
704
704
704
704
705
705
705
705
705
705
705
705
705
706
706
706
706
706
706
706
706
707
707
707
707
707
707
707
707
707
707
707
707
707
707
707
707
707
708
708
708
709
710
711
711
711
711
711
711
711
711
711
711
711
711
711
711
711
711
711
711
711
711
711
712
718
718
718
718
718
718
719
719
719
719
719
719
719
719
719
719
719
719
719
719
720
720
720
720
720
720
720
721
721
721
722
723
723
723
724
724
724
724
724
724
724
725
725
725
725
725
725
725
725
725
725
725
725
725
726
727
727
728
728
728
728
728
728
728
728
728
728
728
728
728
729
730
730
730
730
730
731
731
731
731
731
731
731
731
731
731
731
731
731
731
731
731
731
731
731
732
732
732
732
732
732
732
732
732
732
733
733
733
733
733
733
733
734
734
734
735
736
736
736
736
736
736
736
737
737
738
739
740
740
740
741
747
747
747
747
747
747
748
748
748
749
749
749
749
749
749
749
750
750
750
750
750
750
750
750
750
750
750
750
750
750
750
750
751
752
752
753
753
753
753
753
753
753
753
753
753
753
753
753
753
753
753
754
755
755
755
755
755
755
755
756
756
756
757
758
758
758
758
758
758
758
758
758
759
759
759
759
759
760
760
760
760
760
760
760
760
760
760
760
760
760
760
760
760
760
760
760
761
761
761
761
761
761
761
761
761
761
762
762
762
762
762
762
762
762
762
762
762
763
763
763
764
765
765
765
765
765
765
765
766
766
767
768
769
769
769
770
776
776
776
776
776
776
777
777
777
777
777
777
777
777
777
777
777
777
777
777
778
778
778
778
778
778
778
778
778
778
778
778
778
778
778
778
778
779
779
779
779
779
779
779
780
780
780
781
782
782
782
782
782
782
782
782
782
783
783
783
783
783
784
784
784
784
784
784
784
784
784
784
784
784
784
784
784
784
784
784
784
785
785
785
785
785
785
785
785
785
785
786
786
786
786
786
787
787
787
787
787
788
788
788
788
788
789
789
789
789
789
789
789
789
789
789
789
789
789
789
790
790
790
791
792
792
792
792
792
792
792
793
793
794
795
796
796
796
797
799
799
799
799
799
799
800
800
800
800
800
800
800
801
803
803
803
803
803
803
803
803
804
804
804
804
804
804
804
805
805
805
806
808
808
808
808
808
808
808
808
808
808
809
809
809
810
812
812
812
812
812
812
812
812
813
813
813
813
813
813
813
814
816
817
