6
6
6
6
6
6
6
6
6
6
6
8
8
8
8
8
8
8
9
9
9
9
9
9
9
10
10
10
10
10
10
10
11
11
11
11
11
11
11
11
11
12
12
12
12
12
12
12
12
12
13
13
13
13
13
13
13
14
14
14
14
14
14
14
15
15
15
15
15
15
15
16
16
16
16
16
16
16
18
18
18
18
18
18
18
18
18
18
18
19
19
19
19
19
19
19
19
19
19
19
21
21
21
21
21
21
21
22
23
23
23
23
25
25
25
25
25
25
25
27
27
27
27
27
27
27
27
28
29
29
29
29
31
31
31
31
31
31
31
31
31
31
31
31
31
33
33
33
33
33
33
33
33
33
33
33
33
33
34
35
35
35
35
35
35
35
35
35
36
38
38
38
38
38
38
38
38
39
41
41
42
42
42
42
42
42
42
42
42
42
42
42
42
42
42
42
42
42
42
42
42
42
42
42
42
42
42
42
42
42
43
43
44
45
45
45
45
45
45
45
45
45
45
45
45
45
47
47
47
47
47
47
47
47
47
47
47
49
49
49
49
49
49
49
49
49
49
49
49
49
52
52
52
52
52
52
52
52
52
52
52
52
52
52
52
52
52
52
52
52
52
52
52
52
52
54
54
54
54
54
54
54
56
56
56
56
56
56
56
56
56
56
57
58
58
58
58
58
58
58
60
60
60
60
60
60
60
60
60
60
61
63
63
63
63
63
63
63
64
65
65
65
65
65
65
65
65
65
65
65
66
68
68
68
68
68
68
68
68
68
68
69
70
71
