6
6
6
6
6
6
6
6
6
8
8
8
8
8
8
8
8
8
8
8
8
8
8
9
9
9
9
9
9
9
9
9
9
9
9
9
9
10
10
10
10
10
10
10
10
10
10
10
10
10
10
11
11
11
11
11
11
11
11
11
11
11
11
11
11
12
12
12
12
12
12
12
12
12
12
12
12
12
12
13
13
13
13
13
13
13
13
13
13
13
13
13
13
14
14
14
14
14
14
14
14
14
14
14
14
14
14
16
16
16
16
16
16
16
17
17
17
17
17
17
17
18
18
18
18
18
18
18
19
19
19
19
19
19
19
20
20
20
20
20
20
20
21
21
21
21
21
21
21
22
22
22
22
22
22
22
23
23
23
23
23
23
23
23
23
24
24
24
24
24
24
24
24
24
26
26
26
26
26
26
26
26
26
26
26
26
26
27
27
27
27
27
27
27
27
27
27
27
27
27
28
28
28
28
28
28
28
28
28
28
28
28
28
29
29
29
29
29
29
29
29
29
29
29
29
29
30
30
30
30
30
30
30
30
30
30
30
30
30
31
31
31
31
31
31
31
31
31
31
31
31
31
32
32
32
32
32
32
32
32
32
32
32
32
32
33
33
33
33
33
33
33
33
33
33
33
33
33
34
34
34
34
34
34
34
34
34
34
34
34
34
35
35
35
35
35
35
35
35
35
35
35
36
36
36
36
36
36
36
36
36
36
36
36
36
37
37
37
37
37
37
37
37
37
37
37
37
37
39
39
39
40
41
41
41
41
41
41
42
42
42
42
42
42
44
44
44
44
44
44
46
46
46
46
46
46
47
47
47
47
48
48
48
48
48
48
48
48
48
48
48
48
48
48
50
50
50
50
50
50
51
52
52
52
52
52
52
52
53
55
55
55
55
55
55
55
55
55
56
57
57
57
57
57
57
59
59
59
59
59
59
60
62
62
62
62
62
63
64
64
64
64
64
64
64
64
64
64
64
66
66
66
66
66
66
66
66
66
68
69
70
70
70
70
70
70
70
71
71
71
71
71
71
72
72
72
72
72
72
73
74
74
74
74
74
75
76
76
76
76
76
76
77
78
80
80
80
80
80
80
80
80
80
81
82
82
82
82
82
82
82
82
82
82
82
82
82
84
84
84
84
84
84
84
84
84
84
84
86
86
86
86
86
86
86
86
86
86
86
87
88
88
88
88
88
89
89
89
89
89
89
89
89
89
89
89
89
89
89
89
89
89
89
91
91
91
91
91
91
91
91
92
93
93
93
93
93
93
93
93
93
95
95
95
95
95
95
95
95
95
97
97
97
97
97
97
97
97
97
98
99
99
99
99
99
99
99
99
99
99
99
99
99
99
99
99
99
99
99
99
99
99
99
99
99
99
99
99
99
101
101
101
101
101
101
101
102
103
104
105
107
107
107
107
107
107
107
107
107
107
107
107
108
109
109
109
109
109
109
109
109
109
109
109
109
109
109
109
111
111
111
111
111
111
111
111
111
111
111
111
111
113
113
113
113
113
113
113
113
113
113
113
115
115
115
115
115
115
115
115
115
115
115
117
117
117
117
117
117
117
118
119
119
119
119
119
119
119
119
119
121
121
121
121
121
121
121
121
121
121
121
121
121
121
121
123
123
123
123
123
123
123
123
123
123
123
123
123
123
123
124
125
125
125
125
125
125
125
125
125
125
125
125
125
125
125
125
125
125
125
125
125
125
125
125
125
125
125
125
125
127
127
127
127
127
127
127
128
129
129
129
129
129
129
129
129
129
130
131
131
131
131
131
131
131
132
133
134
136
136
136
136
136
136
136
137
138
138
138
138
138
138
138
139
141
141
141
141
141
141
141
142
143
143
143
143
143
145
145
145
145
145
145
145
145
146
147
147
147
147
148
149
150
151
151
151
151
151
151
151
152
153
153
153
153
153
153
153
153
153
154
155
155
155
155
156
156
157
158
159
161
161
161
162
164
164
164
164
164
164
164
164
164
164
164
164
164
165
166
166
166
166
166
166
166
166
167
168
168
169
171
171
171
171
172
173
173
173
173
174
175
175
175
176
176
177
178
179
180
180
180
180
180
180
180
180
180
180
180
180
180
180
180
180
180
180
180
180
180
180
180
180
181
182
184
184
184
184
184
186
186
186
186
186
186
186
186
186
186
186
186
186
186
188
188
188
188
188
188
189
190
190
190
190
190
190
190
190
190
190
190
191
192
193
194
194
194
194
195
196
196
196
197
197
197
197
197
197
197
197
197
197
197
197
197
197
197
197
198
200
200
200
200
200
200
200
200
200
201
202
202
202
202
202
203
204
204
204
204
204
204
205
205
205
205
205
205
205
205
205
205
205
205
205
205
205
205
205
206
206
206
206
206
206
206
206
206
206
206
206
206
207
207
207
207
207
207
208
208
208
208
208
208
208
208
209
210
211
212
213
214
214
214
214
214
214
214
214
214
214
214
215
216
218
218
218
218
218
218
219
220
220
220
220
220
220
220
220
222
222
222
222
222
224
224
224
224
224
224
224
224
224
224
224
224
225
225
225
225
225
225
225
225
225
225
225
225
226
226
226
226
226
226
226
226
226
226
226
226
227
227
227
227
227
227
227
227
227
227
227
227
228
228
228
228
228
228
228
228
228
228
228
228
230
230
230
230
230
230
230
230
230
230
230
230
231
231
231
231
231
231
232
232
232
232
232
232
233
233
233
233
233
233
233
233
233
233
233
233
234
234
234
234
234
234
234
234
234
234
234
234
235
235
235
235
235
235
235
235
235
235
235
235
236
236
236
236
236
236
236
236
236
236
236
236
237
237
237
237
237
237
237
237
237
237
237
237
238
238
238
238
238
238
238
238
238
238
238
238
239
239
239
239
239
239
239
239
239
239
239
239
240
240
240
240
240
240
240
240
240
240
240
240
241
241
241
241
241
241
241
241
241
241
241
241
242
242
242
242
242
242
242
242
242
242
242
242
243
243
243
243
243
243
243
243
243
243
243
243
244
244
244
244
244
244
244
244
244
244
244
244
245
245
245
245
245
245
246
246
246
246
246
246
247
247
247
247
247
247
247
247
247
247
247
247
248
248
248
248
248
248
248
248
248
248
248
248
249
249
249
249
249
249
249
249
249
249
249
249
250
250
250
250
250
250
250
250
250
250
250
250
251
251
251
251
251
251
251
251
251
251
251
251
252
252
252
252
252
252
252
252
252
252
252
252
253
253
253
253
253
253
253
253
253
253
253
253
254
254
254
254
254
254
254
254
254
254
254
254
255
255
255
255
255
255
255
255
255
255
255
255
256
256
256
256
256
256
256
256
256
256
256
256
257
257
257
257
257
257
257
257
257
257
257
257
258
258
258
258
258
258
258
258
258
258
258
258
259
259
259
259
259
259
259
259
259
259
259
259
260
260
260
260
260
260
260
260
260
260
260
260
261
261
261
261
261
261
261
261
261
261
261
261
262
262
262
262
262
262
262
262
262
262
262
262
264
264
264
264
264
264
264
264
264
264
264
264
264
265
267
267
267
267
267
267
267
267
268
268
268
268
268
268
268
268
269
269
269
269
269
269
269
269
270
270
270
270
270
270
270
270
271
271
271
271
271
271
271
271
272
272
272
272
272
272
272
272
274
274
274
274
274
274
274
274
274
274
274
274
274
274
274
274
275
276
276
276
278
278
278
278
278
279
280
280
280
280
281
282
283
284
284
284
284
284
285
287
287
287
287
287
287
287
288
289
289
289
289
289
289
289
289
289
290
291
291
291
291
291
291
291
291
291
291
291
291
291
291
291
291
291
291
291
291
293
294
295
295
295
295
295
295
295
295
295
296
297
297
297
297
297
298
299
299
299
299
299
299
299
299
299
299
299
299
299
299
299
300
302
302
303
304
306
306
306
307
309
309
309
309
309
309
309
309
309
309
309
309
309
310
311
311
311
311
311
313
313
313
313
313
313
313
314
315
315
315
315
315
315
315
315
315
316
317
317
317
317
317
317
317
317
317
317
317
317
317
317
317
317
317
317
317
318
318
319
320
322
322
322
323
325
325
325
325
325
325
325
325
325
325
326
327
327
327
327
327
329
329
329
329
329
329
329
329
329
329
331
331
331
331
331
331
332
333
333
333
333
333
333
333
333
333
335
335
335
335
336
337
337
337
338
339
339
339
339
339
339
339
339
339
339
339
339
341
341
341
341
341
341
342
343
343
343
343
343
343
343
343
344
345
345
346
347
347
347
348
349
349
349
349
349
349
349
349
349
349
349
349
351
351
351
351
351
351
352
353
353
353
353
353
353
353
353
354
355
355
356
357
357
357
358
359
359
359
359
359
359
359
359
359
359
359
359
361
361
361
361
361
361
362
363
363
363
363
363
363
363
363
364
365
365
366
367
367
367
368
369
369
369
369
369
369
369
369
369
369
369
369
371
371
371
371
371
371
372
373
373
373
373
373
373
373
373
374
375
376
376
377
377
377
378
379
379
379
379
379
379
379
379
379
379
379
379
380
380
380
380
380
380
381
382
382
382
382
382
382
382
382
383
384
384
385
386
386
386
387
388
388
388
388
388
388
388
388
388
388
388
388
390
390
390
390
390
390
391
392
392
392
392
392
392
392
392
393
394
394
395
396
396
396
397
398
398
398
398
398
398
398
398
398
398
400
400
400
400
400
400
401
402
402
402
402
402
402
402
402
403
404
404
405
406
406
406
407
408
408
408
408
408
408
408
409
409
410
411
411
411
412
413
413
413
413
413
413
413
413
413
413
413
413
415
415
415
415
415
415
416
417
417
417
417
417
417
417
417
418
419
419
420
421
422
424
424
424
425
427
427
427
427
427
427
427
427
427
427
427
427
427
427
428
429
429
429
429
429
429
431
431
431
431
431
431
431
432
433
433
433
433
433
433
433
433
433
434
435
435
436
438
438
438
438
438
438
438
438
438
440
440
440
440
440
440
440
440
441
442
442
442
442
442
442
442
442
443
444
444
444
444
444
445
446
446
446
446
446
446
446
446
446
447
448
448
448
448
448
448
448
449
450
451
452
453
453
453
453
453
453
453
453
453
453
453
453
453
453
453
454
455
456
458
458
458
458
458
458
458
458
458
458
458
458
459
460
460
460
460
460
460
460
460
462
462
462
462
462
462
463
464
464
464
464
465
465
465
465
465
465
465
465
466
468
468
468
468
468
468
468
468
468
468
468
468
470
470
470
470
470
470
470
470
470
470
470
472
472
472
472
472
472
472
472
472
472
474
474
474
474
474
474
475
476
476
476
476
476
476
476
476
476
476
476
476
478
478
478
478
478
478
478
479
480
480
480
480
480
480
480
480
480
480
480
481
481
481
481
481
481
481
482
483
485
485
485
485
486
487
487
487
487
487
487
487
487
487
488
490
490
490
490
490
490
490
490
490
492
492
492
492
492
492
493
494
495
