6
6
6
6
6
6
6
6
6
6
6
6
6
8
8
8
8
8
8
8
8
8
8
8
8
8
8
9
9
9
9
9
9
9
9
9
9
9
9
9
9
10
10
10
10
10
10
10
10
10
10
10
10
10
10
11
11
11
11
11
11
11
11
11
11
11
11
11
11
12
12
12
12
12
12
12
12
12
12
12
12
12
12
13
13
13
13
13
13
13
13
13
13
13
13
13
13
14
14
14
14
14
14
14
14
14
14
14
14
14
14
15
15
15
15
15
15
15
15
15
15
15
15
15
15
16
16
16
16
16
16
16
16
16
16
16
16
16
16
17
17
17
17
17
17
17
17
17
17
17
17
17
17
19
19
19
19
19
19
19
20
20
20
20
20
20
20
21
21
21
21
21
21
21
21
21
22
22
22
22
22
22
22
22
22
24
24
24
24
24
24
24
24
24
24
24
24
24
25
25
25
25
25
25
25
25
25
25
25
25
25
26
26
26
26
26
26
26
26
26
26
26
26
26
27
27
27
27
27
27
27
27
27
27
27
27
27
28
28
28
28
28
28
28
28
28
28
28
28
28
30
30
30
30
30
31
32
32
32
32
32
32
32
32
32
32
32
32
33
33
33
33
33
33
33
33
34
34
34
34
34
34
34
34
36
36
36
36
36
36
36
37
37
37
37
37
37
39
39
39
39
39
39
39
40
40
40
40
40
40
40
40
40
40
40
40
40
40
42
42
42
42
42
42
43
44
44
44
44
44
45
47
47
48
48
48
48
48
48
48
48
48
48
48
48
49
50
50
50
50
51
52
52
52
52
52
52
52
52
52
53
55
55
55
55
55
57
57
57
57
57
59
59
59
59
59
61
61
61
61
61
61
61
61
61
61
62
63
63
63
63
63
63
63
63
63
63
63
63
65
65
65
65
65
65
65
66
67
67
67
67
67
67
67
67
67
67
67
67
67
68
68
68
68
68
68
68
68
68
68
68
69
70
72
72
72
72
72
72
72
72
72
72
74
74
74
74
74
74
74
74
75
76
76
76
76
77
78
78
78
78
78
78
78
78
78
78
78
78
78
78
78
78
78
78
79
80
80
80
80
80
80
80
80
80
80
80
80
80
80
80
80
81
82
84
84
84
84
84
84
84
84
84
84
85
86
86
86
86
86
86
86
86
86
86
87
87
87
87
87
87
87
87
87
87
88
88
88
88
88
88
88
88
88
88
90
90
90
90
91
92
92
92
92
92
92
92
92
92
93
93
93
93
93
93
93
93
93
94
94
94
94
94
94
94
94
94
95
95
95
95
95
95
95
95
95
96
98
98
98
98
98
98
98
98
98
98
100
100
100
100
100
100
100
100
100
100
100
100
100
100
100
100
100
100
101
102
102
102
102
102
102
102
102
102
102
102
102
102
102
102
103
103
103
103
103
103
103
104
105
106
108
108
108
109
111
111
112
112
112
112
112
112
112
112
112
112
112
112
112
112
112
112
113
113
113
114
115
115
115
115
115
115
115
115
115
115
115
115
115
115
115
117
117
117
117
117
117
117
117
117
119
119
119
119
119
121
121
121
121
121
123
123
123
123
123
123
123
123
123
123
123
123
123
124
124
124
124
124
124
124
124
124
124
124
124
124
126
126
126
126
126
126
126
126
128
128
128
128
128
128
128
128
128
128
128
128
128
128
129
130
130
130
130
130
130
130
130
130
130
132
132
132
132
132
132
132
132
132
132
133
134
134
134
134
135
136
136
136
136
136
136
136
136
136
136
136
137
138
138
138
138
139
141
141
141
141
141
141
141
141
141
141
142
144
144
144
144
144
144
144
144
144
146
146
146
146
146
146
146
146
146
146
146
146
146
148
148
148
148
149
150
150
150
150
150
150
150
150
150
151
153
153
153
153
153
153
154
155
155
155
155
155
155
155
155
155
155
155
155
155
155
155
155
155
155
155
155
155
155
155
155
155
155
155
155
155
156
156
156
156
156
156
156
156
157
158
158
158
158
158
158
158
159
160
161
162
162
162
162
163
163
163
163
164
165
165
165
165
165
165
165
165
165
166
167
168
169
170
170
170
170
170
170
170
170
170
170
171
172
172
172
172
172
172
172
172
172
173
173
173
173
173
173
173
173
173
173
173
173
173
174
174
174
174
174
174
174
176
176
176
176
177
178
178
178
178
178
178
178
178
178
179
180
181
182
183
183
183
183
183
183
183
184
185
187
187
187
187
187
187
187
187
187
187
188
189
189
189
189
189
189
189
189
189
190
190
190
190
190
190
190
190
190
190
190
190
190
190
190
192
192
192
192
192
192
193
194
194
194
194
195
195
195
195
196
197
197
197
197
197
197
197
197
197
198
199
200
201
202
202
202
202
202
202
202
203
203
203
203
204
205
205
205
205
205
205
205
205
205
206
207
208
210
210
210
210
210
210
210
210
210
210
210
210
210
210
210
210
210
210
210
211
213
213
214
214
214
214
214
214
214
214
214
214
215
216
216
216
216
216
216
216
216
216
216
216
216
216
216
216
216
216
216
217
219
219
220
220
220
220
220
220
220
220
220
220
221
222
222
222
223
225
225
226
226
226
226
226
226
226
227
228
228
228
228
228
230
230
230
230
230
230
231
232
232
232
232
232
232
232
232
232
232
232
232
232
232
232
232
232
232
232
232
232
232
232
232
233
235
235
235
236
238
238
239
239
239
239
239
239
239
240
241
241
241
242
243
243
