6
6
6
6
6
6
6
6
6
6
6
8
8
8
8
8
8
8
8
8
8
8
8
8
8
10
10
10
10
10
10
10
11
11
11
11
11
11
11
12
12
12
12
12
12
12
13
13
13
13
13
13
13
13
13
14
14
14
14
14
14
14
14
14
15
15
15
15
15
15
15
16
16
16
16
16
16
16
17
17
17
17
17
17
17
18
18
18
18
18
18
18
20
20
20
20
20
20
20
20
20
20
20
21
21
21
21
21
21
21
21
21
21
21
23
23
23
23
23
23
23
24
28
28
28
28
30
30
30
30
30
30
30
30
30
30
30
30
30
30
30
30
30
32
32
32
32
32
32
32
32
33
34
34
34
34
36
36
36
36
36
36
36
36
36
36
36
36
36
38
38
38
38
38
38
38
38
38
38
38
38
38
39
40
40
40
40
40
40
40
40
40
41
43
43
43
43
43
43
43
43
44
46
46
47
47
47
47
47
47
47
47
47
47
47
47
47
47
47
47
47
47
47
47
47
47
48
48
49
50
50
50
50
50
50
50
50
50
50
50
50
50
52
52
52
52
52
52
52
52
52
52
52
52
52
54
54
54
54
54
54
54
54
54
54
54
54
54
54
55
55
55
55
55
55
55
57
57
57
57
57
57
57
57
57
57
57
65
65
65
65
65
65
65
65
65
65
66
67
67
67
67
67
67
67
69
69
69
69
69
69
69
69
69
69
70
72
72
72
72
72
72
72
73
74
74
74
74
74
74
74
74
74
74
74
75
77
77
77
77
77
77
77
77
78
79
79
