6
6
6
6
6
6
6
6
6
8
8
8
8
8
8
8
8
8
8
8
8
8
8
9
9
9
9
9
9
9
9
9
9
9
9
9
9
10
10
10
10
10
10
10
10
10
10
10
10
10
10
11
11
11
11
11
11
11
11
11
11
11
11
11
11
13
13
13
13
13
13
13
14
14
14
14
14
14
14
15
15
15
15
15
15
15
15
15
16
16
16
16
16
16
16
16
16
17
17
17
17
17
17
17
19
19
19
19
19
19
19
19
19
19
19
20
20
20
20
20
20
20
20
20
20
20
21
21
21
21
21
21
21
21
21
21
21
22
22
22
22
22
22
22
22
22
22
22
23
23
23
23
23
23
23
23
23
23
23
24
24
24
24
24
24
24
24
24
24
24
25
25
25
25
25
25
25
25
25
25
25
26
26
26
26
26
26
26
26
26
26
26
27
27
27
27
27
27
27
27
27
27
27
28
28
28
28
28
28
28
28
28
28
28
29
29
29
29
29
29
29
29
29
29
29
29
29
30
30
30
30
30
30
30
30
30
30
30
30
30
31
31
31
31
31
31
31
31
31
31
31
32
32
32
32
32
32
32
32
32
32
32
33
33
33
33
33
33
33
33
33
33
33
35
35
35
35
35
35
35
36
37
37
37
37
38
38
38
38
39
39
39
39
40
40
40
40
41
41
41
41
42
42
42
42
43
43
43
43
45
45
45
45
46
46
46
46
48
48
48
48
48
48
48
48
48
49
49
49
49
49
49
49
49
49
51
51
51
51
51
51
51
51
51
51
52
53
53
53
53
53
53
53
53
53
53
53
53
55
55
55
55
55
57
57
57
57
57
57
57
57
57
57
57
57
58
58
58
58
58
58
58
58
58
58
58
58
59
59
59
59
59
59
59
59
59
59
59
59
60
60
60
60
60
60
60
60
60
60
60
60
62
62
62
62
62
62
62
64
64
64
64
64
64
64
64
64
64
64
64
64
64
64
64
64
64
66
66
66
66
66
66
66
66
66
66
68
68
68
68
68
68
68
68
68
68
68
70
70
70
70
70
70
70
72
72
72
72
72
72
72
72
72
72
72
72
72
73
75
75
76
76
76
76
76
76
76
77
78
80
80
81
81
81
81
81
81
81
82
83
83
83
83
84
85
85
85
85
85
85
85
85
85
85
85
85
86
87
89
89
90
90
90
90
90
90
90
91
92
92
92
92
93
94
94
94
94
94
94
94
94
94
94
94
94
94
94
94
94
94
94
94
94
94
94
94
95
95
95
95
95
95
95
95
95
95
95
95
95
95
95
95
95
95
95
95
96
96
96
96
96
96
96
96
96
96
96
96
96
96
96
96
96
96
96
96
96
96
96
96
97
97
97
97
97
97
97
97
97
97
97
97
97
97
97
97
97
97
97
97
97
97
97
98
99
101
101
102
102
102
102
102
103
104
106
106
107
107
107
107
107
107
107
107
107
107
108
109
109
109
109
110
111
111
111
111
111
111
111
111
111
111
111
111
111
111
111
111
111
111
111
111
111
111
112
113
115
115
115
115
115
115
115
115
115
115
115
115
116
117
117
117
117
117
117
117
117
118
119
119
119
119
119
119
119
119
119
120
120
120
120
120
120
120
120
120
121
121
121
121
121
121
121
121
121
122
122
122
122
122
122
122
122
122
123
123
123
123
123
123
123
123
123
124
124
124
124
124
124
124
124
124
125
125
125
125
125
125
125
125
125
126
126
126
126
126
126
126
126
126
127
127
127
127
127
127
127
127
127
130
130
130
130
130
130
130
130
131
133
133
133
133
133
133
134
136
136
136
136
136
136
136
136
136
137
138
138
138
138
138
138
138
138
138
138
138
138
138
138
138
138
138
138
139
140
140
140
140
140
140
140
140
142
142
142
142
143
144
144
144
145
145
145
145
146
146
148
148
148
149
149
149
149
150
150
152
152
152
153
153
153
153
154
154
156
156
156
157
157
157
157
158
158
160
160
160
161
161
161
161
162
162
164
164
164
165
165
165
165
166
166
168
168
168
169
169
169
169
170
170
175
176
177
179
179
180
180
180
180
180
181
182
182
182
182
182
182
182
182
184
184
184
184
185
186
186
186
186
186
186
186
186
186
186
186
186
186
186
186
186
187
189
189
189
189
190
191
191
191
191
191
191
191
191
191
191
191
191
191
191
191
191
192
194
194
194
194
195
196
196
196
196
196
196
196
196
196
198
198
198
198
198
198
198
198
198
198
198
198
200
200
200
200
200
200
200
200
200
200
200
200
201
203
203
203
203
204
205
205
205
205
205
205
205
205
205
205
205
205
205
207
207
207
207
207
207
207
207
207
207
207
207
207
207
207
207
209
209
209
209
209
209
209
209
209
209
210
212
212
212
212
213
214
214
214
214
214
214
214
214
214
214
214
214
214
216
217
218
218
218
218
218
218
218
218
218
218
218
218
218
218
218
218
218
218
218
218
218
218
220
220
220
220
220
220
220
220
220
221
222
222
222
222
222
223
224
224
224
224
224
224
225
226
227
228
229
229
229
229
229
229
229
229
229
229
229
229
229
230
232
232
232
232
233
234
234
234
234
234
234
234
234
234
234
234
234
234
235
235
235
235
235
235
235
235
235
235
235
235
235
236
236
236
236
236
236
236
236
236
237
251
253
253
253
253
253
253
253
253
253
253
254
255
255
255
255
255
255
255
255
257
257
257
257
257
257
257
257
257
257
257
257
258
258
258
258
258
258
258
258
258
258
258
258
259
259
259
259
259
259
259
259
259
259
259
259
260
260
260
260
260
260
260
260
260
260
260
260
261
261
261
261
261
261
261
261
261
261
261
261
262
262
262
262
262
262
262
262
262
262
262
262
264
264
264
264
264
264
264
265
266
266
266
267
267
267
269
269
269
269
269
269
269
269
269
269
270
271
271
271
271
271
271
271
271
271
271
271
271
271
271
271
271
272
272
272
272
272
272
272
272
272
272
272
272
272
272
272
273
274
275
276
276
276
276
277
277
277
277
278
280
280
280
280
280
280
280
280
280
280
280
280
280
280
280
280
282
282
282
282
282
282
282
282
282
282
282
282
282
282
282
282
283
283
283
283
283
283
283
283
283
283
283
283
283
283
283
283
284
284
284
284
284
284
284
284
284
284
284
284
285
285
285
285
285
285
285
285
285
285
285
285
286
286
286
286
286
286
286
286
286
286
286
286
286
286
286
286
287
287
287
287
287
287
287
287
287
287
287
287
288
290
290
290
290
290
290
290
291
318
318
