6
6
6
6
6
6
6
6
6
8
8
8
8
8
8
8
8
8
8
8
8
8
10
10
10
10
10
10
10
10
10
10
10
10
10
10
12
12
12
12
12
13
14
14
14
14
14
14
14
14
16
16
16
16
17
17
17
17
19
19
19
19
19
19
19
19
19
19
19
19
20
21
21
21
21
21
22
22
22
22
22
22
23
23
23
23
23
23
24
26
26
26
26
26
27
28
28
28
29
31
31
31
31
31
32
33
33
33
34
36
36
37
37
37
37
37
38
39
39
39
39
39
39
39
39
41
41
41
41
41
41
41
41
41
41
41
42
42
42
42
42
42
42
42
42
42
42
42
42
42
42
42
42
43
43
43
43
43
43
43
45
45
45
45
45
45
45
45
45
45
45
45
45
45
46
47
47
47
47
47
47
47
47
47
47
47
47
47
47
47
48
49
50
51
51
51
51
51
51
51
52
54
54
54
54
54
54
54
55
56
57
