6
6
6
6
6
6
6
6
6
8
8
8
8
8
8
8
8
8
8
8
8
8
8
9
9
9
9
9
9
9
9
9
9
9
9
9
9
10
10
10
10
10
10
10
10
10
10
10
10
10
10
11
11
11
11
11
11
11
11
11
11
11
11
11
11
12
12
12
12
12
12
12
12
12
12
12
12
12
12
13
13
13
13
13
13
13
13
13
13
13
13
13
13
14
14
14
14
14
14
14
14
14
14
14
14
14
14
16
16
16
16
16
16
16
17
17
17
17
17
17
17
18
18
18
18
18
18
18
19
19
19
19
19
19
19
20
20
20
20
20
20
20
21
21
21
21
21
21
21
22
22
22
22
22
22
22
23
23
23
23
23
23
23
24
24
24
24
24
24
24
25
25
25
25
25
25
25
26
26
26
26
26
26
26
28
28
28
28
28
28
28
28
28
28
28
29
29
29
29
29
29
29
29
29
29
29
30
30
30
30
30
30
30
30
30
31
31
31
31
31
31
31
31
31
33
33
33
34
35
35
35
36
37
37
37
37
37
37
38
40
40
40
41
42
42
42
42
42
42
43
45
45
45
46
47
47
47
47
47
47
48
50
50
50
51
52
52
52
52
52
52
53
55
55
55
55
55
55
55
55
55
55
55
55
55
55
55
57
57
57
57
57
57
57
57
59
59
59
59
59
59
59
59
60
60
60
60
60
60
60
60
62
62
62
62
62
62
62
62
64
64
64
64
64
64
64
64
65
65
65
65
65
65
65
65
66
66
66
66
66
66
66
66
67
67
67
67
67
67
67
67
68
68
68
68
68
68
68
68
69
69
69
69
69
69
69
69
71
71
71
71
71
71
71
71
72
72
72
72
72
72
72
72
74
74
74
74
74
74
74
74
75
75
75
75
75
75
75
75
75
75
76
76
76
76
76
76
76
76
76
76
77
77
77
77
77
77
77
77
77
77
78
78
78
78
78
78
78
78
78
78
79
79
79
79
79
79
79
79
79
79
80
80
80
80
80
80
80
80
80
80
81
81
81
81
81
81
81
81
81
81
82
82
82
82
82
82
82
82
82
82
83
83
83
83
83
83
83
83
83
83
84
84
84
84
84
84
84
84
84
84
85
85
85
85
85
85
85
85
85
85
87
87
87
87
87
87
87
87
88
88
88
88
88
88
88
88
88
88
90
90
90
90
90
90
90
90
90
90
90
90
90
90
91
91
91
91
91
91
91
91
91
91
91
91
91
91
92
92
92
92
92
92
92
92
92
92
92
92
92
92
94
94
94
94
94
94
95
95
95
95
95
95
96
96
96
96
96
96
97
97
97
97
97
97
98
98
98
98
98
98
99
99
99
99
99
99
101
101
101
101
101
101
102
102
102
102
102
102
104
104
104
104
105
105
105
105
106
106
106
106
107
107
107
107
109
109
109
109
110
110
110
110
111
111
111
111
112
112
112
112
112
112
114
114
114
114
115
115
115
115
117
117
117
117
117
117
119
119
119
119
119
119
119
119
119
119
119
119
119
119
121
121
121
121
121
121
121
121
121
121
122
122
122
122
122
122
123
123
123
123
123
123
123
123
123
123
123
123
123
125
125
125
125
127
127
127
127
127
127
129
129
129
129
129
129
131
131
131
131
131
131
131
131
131
133
133
133
133
134
135
135
135
135
136
138
138
138
138
138
138
139
140
140
140
140
140
140
141
141
141
141
142
144
144
144
144
144
145
146
146
146
146
147
148
148
148
148
148
148
148
148
148
149
151
151
151
151
151
151
151
152
152
152
152
153
155
155
155
155
155
156
157
157
157
157
158
159
159
159
159
159
159
159
160
162
162
162
162
163
163
163
163
163
164
166
166
166
166
166
167
168
168
168
168
169
170
170
170
170
170
170
170
171
173
173
173
173
173
174
176
176
176
176
176
177
178
178
178
179
181
181
181
181
181
181
181
182
183
183
183
183
184
185
185
185
185
185
185
185
186
188
188
188
188
188
188
188
188
190
190
190
190
192
192
192
192
194
194
194
194
194
194
196
196
196
197
199
199
199
199
199
199
199
200
201
201
201
201
201
201
203
203
203
203
204
205
205
205
205
205
205
205
205
205
206
208
208
208
208
210
210
210
210
212
212
212
212
213
215
215
215
215
215
216
217
217
217
218
220
220
220
220
220
220
220
221
222
222
222
222
223
224
224
224
224
224
224
224
224
224
225
227
227
227
227
227
227
227
227
227
227
227
227
228
229
229
229
229
229
229
229
229
229
229
229
229
229
229
229
229
230
230
230
230
230
232
232
232
232
232
232
232
233
234
234
234
234
234
234
234
234
234
236
236
236
236
236
236
236
237
239
239
239
239
239
240
241
243
243
243
243
243
243
243
244
245
245
245
245
245
245
245
245
245
245
245
245
245
245
245
246
248
248
248
248
248
248
248
248
249
250
250
250
250
250
250
250
250
250
250
250
250
250
252
252
252
252
252
252
252
253
253
253
253
253
253
253
255
255
255
255
255
255
256
257
257
257
257
257
257
257
258
260
260
260
260
260
260
260
260
260
260
260
261
262
262
262
262
262
262
262
262
262
264
264
264
264
264
264
264
264
264
265
266
266
266
266
266
266
266
266
266
266
266
266
266
266
267
268
268
268
268
268
268
268
268
268
268
268
268
268
268
268
268
270
270
270
270
270
270
270
271
272
273
275
275
275
276
278
278
278
278
278
279
280
280
280
280
281
282
282
282
282
282
282
282
282
282
283
285
285
285
285
285
285
285
285
285
285
285
286
287
287
287
287
287
287
287
288
289
289
289
289
289
290
291
291
291
291
292
293
293
293
293
293
293
293
293
293
293
293
293
293
294
295
296
296
296
296
296
297
298
298
298
298
298
298
298
298
298
299
301
301
301
301
301
301
301
301
301
301
301
303
303
303
303
303
303
303
303
303
304
305
305
305
305
306
307
307
307
307
307
307
307
308
310
310
310
310
311
313
313
313
313
314
316
316
316
316
316
317
318
318
318
318
319
320
320
320
320
320
320
320
320
320
321
323
323
323
323
323
323
323
323
323
324
324
324
324
324
324
324
324
324
325
325
325
325
325
325
325
325
325
327
327
327
327
327
327
327
327
327
327
327
328
328
328
328
328
328
328
328
328
328
328
329
329
329
329
329
329
329
329
329
329
329
330
330
330
330
330
330
330
330
330
330
330
332
332
332
332
332
332
332
332
332
334
334
334
334
334
334
334
334
334
334
334
336
336
336
336
336
336
336
336
336
336
336
337
337
337
337
337
337
337
337
337
337
337
339
339
339
339
341
341
341
341
343
343
343
343
345
345
345
345
347
347
347
347
347
347
347
347
347
347
347
347
347
349
349
349
349
349
349
349
349
349
349
349
349
349
351
351
351
351
351
351
351
351
351
351
351
352
352
352
352
352
352
352
352
352
352
352
354
354
354
354
354
354
354
354
355
355
355
355
355
357
357
357
357
357
357
357
357
357
357
357
357
357
359
359
359
359
359
359
359
359
359
359
359
360
362
362
362
362
362
363
364
364
364
364
364
364
364
364
364
364
364
364
364
364
364
364
364
366
366
366
366
367
368
368
368
369
369
369
369
369
369
370
370
371
371
371
372
372
372
372
372
372
373
373
374
374
374
375
375
375
375
375
375
376
376
377
378
380
380
380
380
380
381
382
382
382
382
382
382
382
382
382
382
382
382
382
382
382
382
382
384
384
384
384
385
386
386
386
387
387
387
387
387
387
388
388
389
389
389
390
390
390
390
390
390
391
391
392
392
392
393
393
393
393
393
393
394
394
395
396
398
398
398
398
398
399
400
400
400
400
400
400
400
400
400
400
400
400
400
400
400
400
400
402
402
402
402
403
404
404
404
405
405
405
405
405
405
406
406
407
407
407
408
408
408
408
408
408
409
409
410
410
410
411
411
411
411
411
411
412
412
413
414
416
416
416
416
416
417
418
418
418
418
418
418
418
418
418
418
418
418
418
418
418
418
418
420
420
420
420
421
422
422
422
423
423
423
423
423
423
424
424
425
425
425
426
426
426
426
426
426
427
427
428
428
428
429
429
429
429
429
429
430
430
431
432
434
434
434
434
434
435
436
436
436
436
437
438
438
438
439
439
439
439
439
439
439
439
439
440
440
441
441
441
442
442
442
442
442
442
442
442
442
443
443
444
444
444
445
445
445
445
445
445
445
445
445
446
446
447
448
450
450
450
450
450
451
452
452
452
452
453
454
454
454
455
455
455
455
455
455
455
455
455
456
456
457
457
457
458
458
458
458
458
458
458
458
458
459
459
460
460
460
461
461
461
461
461
461
461
461
461
462
462
463
464
466
466
466
466
466
467
468
468
468
468
469
470
470
470
471
471
471
471
471
471
471
471
471
472
472
473
473
473
474
474
474
474
474
474
474
474
474
475
475
476
476
476
477
477
477
477
477
477
477
477
477
478
478
479
480
482
482
482
482
482
483
484
484
484
484
485
486
486
486
487
487
487
487
487
487
487
487
487
488
488
489
489
489
490
490
490
490
490
490
490
490
490
491
491
492
492
492
493
493
493
493
493
493
493
493
493
494
494
495
496
498
498
498
498
498
498
498
498
498
498
498
498
498
499
500
500
500
500
500
500
500
500
500
500
500
500
500
500
500
500
500
500
500
500
501
503
503
503
503
503
503
503
503
503
503
503
503
503
504
505
505
505
505
505
505
505
505
505
505
505
505
505
505
505
505
505
505
505
505
506
508
508
508
508
508
508
508
508
508
508
508
508
508
509
510
510
510
510
510
510
510
510
510
510
512
512
512
512
512
512
514
514
514
514
514
514
514
514
514
514
514
514
514
514
514
514
514
514
515
516
516
516
516
516
516
516
516
516
516
516
517
518
519
520
520
520
520
520
520
520
520
520
521
523
523
523
524
526
526
526
526
526
526
526
526
526
526
527
528
528
528
528
528
528
528
528
528
528
529
531
531
531
531
531
531
531
531
531
531
531
531
531
532
533
533
533
533
533
533
533
533
535
535
535
535
535
535
535
535
535
535
536
538
538
538
538
538
538
538
538
538
538
538
538
538
539
540
540
540
540
540
540
540
540
542
542
542
542
542
542
542
542
542
543
545
545
545
545
545
545
545
545
546
547
547
547
547
547
549
549
549
549
549
549
549
549
550
551
551
551
551
551
551
551
551
551
551
551
551
551
551
551
551
551
551
551
551
551
551
552
553
553
553
553
553
553
553
553
554
555
557
557
557
558
560
560
560
560
560
560
560
561
562
562
562
562
562
562
562
562
563
565
565
565
565
565
566
567
567
567
567
568
569
569
569
569
569
569
569
570
572
572
572
572
573
573
573
573
574
576
576
576
576
576
577
578
578
578
578
579
580
580
580
580
580
580
580
580
580
581
583
583
583
583
583
583
583
583
583
585
585
585
585
585
585
585
585
585
585
585
585
585
585
585
585
586
586
586
586
586
586
586
586
586
586
586
586
586
586
586
586
587
587
587
587
587
587
587
587
587
587
587
587
587
587
587
587
589
589
589
589
589
589
589
589
589
589
589
589
589
589
590
590
590
590
590
590
590
590
590
590
590
590
590
590
591
591
591
591
591
591
591
591
591
591
591
591
591
591
592
592
592
592
592
592
592
592
592
592
592
592
592
592
593
593
593
593
593
593
593
593
593
593
593
593
593
593
594
594
594
594
594
594
594
594
594
594
594
594
594
594
595
595
595
595
595
595
595
595
595
595
595
595
595
595
597
597
597
597
599
599
599
599
601
601
601
601
603
603
603
603
605
605
605
605
605
605
606
607
607
607
607
607
607
607
607
607
608
610
610
610
610
610
610
610
610
610
610
610
610
610
610
612
612
612
612
612
612
612
612
612
612
612
612
612
612
614
614
614
614
614
614
614
614
614
614
614
614
614
614
616
616
616
616
616
616
616
616
616
616
616
616
616
616
618
618
618
618
618
618
618
618
618
618
618
618
618
618
620
620
620
620
620
620
620
620
620
622
622
622
622
622
622
622
622
622
622
622
622
622
622
623
625
625
625
625
625
626
627
627
627
627
628
629
629
629
629
629
629
629
629
629
630
632
632
632
632
632
632
632
632
632
632
632
633
634
634
634
634
634
634
634
634
634
635
636
636
636
636
636
637
638
638
638
638
638
638
638
638
638
639
640
642
642
642
642
642
642
642
642
643
644
644
644
644
644
644
644
644
645
647
647
647
647
647
647
647
647
648
649
649
649
649
649
649
649
651
651
651
651
651
651
651
651
651
651
651
651
651
651
653
653
653
653
653
653
653
653
653
653
653
654
655
655
655
655
655
655
655
655
655
655
656
657
657
657
657
657
657
657
658
659
661
661
661
662
664
664
664
664
664
664
664
664
665
666
666
666
666
666
666
666
666
667
669
669
669
669
669
669
669
669
670
671
671
671
671
671
671
671
671
672
674
674
674
674
674
674
674
675
676
676
676
676
676
676
677
678
678
678
678
678
678
678
678
678
680
680
680
680
680
680
680
680
680
680
681
682
682
682
682
682
682
682
683
684
685
686
687
687
687
687
687
687
687
688
689
691
691
691
691
691
691
691
691
691
691
692
693
693
693
693
693
693
694
696
696
696
696
696
696
696
696
696
696
697
698
698
698
698
698
698
699
701
701
701
701
701
701
701
701
701
701
702
703
703
703
703
703
703
704
706
706
706
706
706
707
708
708
708
709
711
711
711
711
711
711
711
712
713
713
713
713
713
713
714
716
716
716
716
716
717
718
718
718
719
721
721
721
721
721
721
721
722
723
723
723
723
723
723
724
726
726
726
726
726
727
728
728
728
729
731
731
731
731
731
731
731
732
733
733
733
733
733
733
734
736
736
736
736
736
737
738
738
738
739
741
741
741
741
741
741
741
742
743
743
743
743
743
743
744
746
746
746
746
746
747
748
748
748
749
751
751
751
751
751
751
751
752
753
753
753
753
753
753
754
756
756
756
756
756
757
758
758
758
759
761
761
761
761
761
761
761
762
763
763
763
763
763
763
764
766
766
766
766
766
767
768
768
768
769
771
771
771
771
771
771
771
772
773
773
773
773
773
773
774
776
776
776
776
776
777
778
778
778
779
781
781
781
781
781
781
781
782
783
783
783
783
783
783
784
786
786
786
786
786
787
788
788
788
789
791
791
791
791
791
791
791
792
793
793
793
793
793
793
794
796
796
796
796
796
797
798
798
798
799
801
801
801
801
801
801
801
802
803
803
803
803
803
803
804
806
806
806
806
806
807
808
808
808
809
811
811
811
811
811
811
811
812
813
813
813
813
813
813
814
816
816
816
816
816
817
818
818
818
819
821
821
821
821
821
821
821
822
823
823
823
823
823
823
824
826
826
826
826
826
827
828
828
828
829
831
831
831
831
831
831
831
832
833
833
833
833
833
833
834
836
836
836
836
836
837
838
838
838
839
841
841
841
841
841
841
841
842
843
843
843
843
843
843
844
846
846
846
846
846
847
848
848
848
849
851
851
851
851
851
851
851
852
853
853
853
853
853
853
854
856
856
856
856
856
857
858
858
858
859
861
861
861
861
861
861
861
862
863
863
863
863
863
863
864
866
866
866
866
866
866
866
866
866
866
867
868
868
868
868
868
868
868
868
868
870
870
870
870
870
870
870
870
870
871
873
873
873
873
873
873
873
874
875
875
875
875
875
877
877
877
877
877
877
877
877
877
879
879
879
879
879
879
879
879
879
880
881
881
881
881
881
881
881
881
881
882
884
884
884
885
887
887
887
887
887
887
887
887
888
889
889
889
889
889
889
889
889
889
889
889
889
889
891
891
891
891
891
891
891
891
891
891
891
892
893
893
893
893
893
893
893
893
893
895
895
895
895
895
895
895
895
895
896
897
897
897
897
897
897
897
897
897
897
897
897
897
897
898
899
899
899
899
899
899
899
899
899
899
899
899
899
899
899
899
901
901
901
901
901
901
901
902
903
904
906
906
906
907
909
909
909
909
909
910
911
911
911
912
914
914
914
914
914
914
914
915
916
916
916
916
916
916
917
919
919
919
919
919
920
921
921
921
922
924
924
924
924
924
924
924
925
926
926
926
926
926
926
927
929
929
929
929
929
930
931
931
931
932
934
934
934
934
934
934
934
935
936
936
936
936
936
936
937
938
938
