6
6
6
6
6
6
6
6
6
6
6
8
8
8
8
8
8
8
8
8
8
8
8
8
8
9
9
9
9
9
9
9
9
9
9
9
9
9
9
10
10
10
10
10
10
10
10
10
10
10
10
10
10
12
12
12
12
12
12
12
13
13
13
13
13
13
13
14
14
14
14
14
14
14
15
15
15
15
15
15
15
16
16
16
16
16
16
16
17
17
17
17
17
17
17
19
19
19
19
19
19
19
19
19
19
19
20
20
20
20
20
20
20
20
20
20
20
21
21
21
21
21
21
21
21
21
21
21
21
21
22
22
22
22
22
22
22
22
22
22
22
22
22
24
24
24
24
24
25
26
26
26
26
26
26
26
26
26
26
26
26
26
26
26
26
28
28
28
28
29
30
32
32
33
33
33
33
33
34
35
35
35
35
35
35
35
35
35
35
35
35
35
35
35
35
35
35
35
35
35
35
35
35
35
37
37
37
37
37
37
37
37
37
37
37
37
37
37
37
37
37
37
37
37
38
39
39
40
40
40
40
40
40
40
40
40
40
40
40
40
40
40
40
40
40
40
40
40
40
40
40
41
42
42
42
42
42
42
42
42
42
42
42
42
42
42
42
42
43
44
44
44
46
46
46
46
46
46
46
46
48
48
48
48
48
48
48
48
48
48
48
48
48
48
49
50
50
50
50
50
50
50
50
50
51
51
51
51
51
51
51
51
51
53
53
53
53
53
53
53
54
54
54
54
54
54
54
55
55
55
55
55
55
55
56
56
56
56
56
56
56
57
59
59
59
59
59
59
59
60
62
62
63
63
63
63
63
63
63
63
63
63
64
65
65
65
65
65
65
65
65
65
65
65
65
67
67
67
67
67
67
67
67
67
67
67
67
67
67
68
69
69
69
69
69
69
69
69
69
69
69
69
69
69
69
69
72
72
72
72
72
72
72
72
72
72
72
74
74
74
74
74
74
74
74
74
76
76
76
76
76
76
76
76
76
76
76
76
76
76
77
78
78
78
78
78
78
78
78
78
78
80
80
80
80
80
80
81
82
82
82
82
82
82
82
82
82
83
84
85
86
86
86
86
86
86
86
86
86
86
86
87
88
89
90
91
92
