18
18
18
18
18
18
18
18
18
18
18
20
20
20
20
20
20
20
21
21
21
21
21
21
21
22
22
22
22
22
22
22
23
23
23
23
23
23
23
25
25
25
25
25
25
25
25
27
27
27
27
27
27
27
27
27
30
30
30
30
30
30
30
30
30
33
33
33
33
33
33
33
33
33
33
33
33
33
33
33
33
33
33
33
33
33
33
33
33
33
33
33
33
33
33
33
33
33
33
33
33
33
33
33
34
34
34
34
36
36
36
36
37
37
37
37
37
38
38
38
38
39
39
39
39
39
39
39
39
39
39
40
40
40
40
40
40
40
41
41
41
41
41
42
42
42
42
42
43
43
43
43
46
46
46
46
46
46
46
47
47
47
47
50
50
50
50
50
52
52
52
52
52
52
52
52
52
52
52
53
53
53
53
53
53
53
53
53
54
56
56
56
56
56
56
56
56
56
56
56
56
56
56
56
57
57
57
57
57
58
58
58
58
58
58
59
59
59
59
59
59
60
60
60
60
60
60
61
61
61
61
61
61
64
64
64
64
64
64
64
64
64
64
65
65
65
65
65
65
66
66
66
66
66
66
67
67
67
67
67
67
67
67
67
67
67
67
68
68
68
68
68
68
69
69
69
69
69
69
70
70
70
70
70
70
71
71
71
71
71
71
72
72
72
72
72
73
73
73
73
73
73
73
73
73
73
74
74
74
75
75
75
75
75
75
76
77
79
79
80
80
80
80
80
80
80
80
82
82
82
82
82
83
83
83
83
83
84
84
84
85
86
86
86
86
86
86
86
86
86
87
88
92
92
93
93
93
93
93
93
93
93
98
98
98
98
98
98
100
100
100
100
100
101
101
101
101
102
102
102
102
104
104
104
104
104
104
104
104
104
104
104
104
104
105
105
105
105
105
105
106
108
108
108
108
108
108
109
111
114
114
115
115
115
115
115
115
116
116
116
117
123
123
123
123
123
123
123
123
123
123
123
126
126
126
126
127
127
127
127
127
128
128
128
128
128
128
129
129
129
129
129
129
129
129
129
129
129
132
132
132
132
132
132
135
135
135
135
135
135
135
136
137
137
137
137
137
137
138
138
139
139
139
139
139
139
140
140
140
140
140
140
140
140
141
141
141
142
143
146
146
146
146
146
146
146
147
147
147
147
147
147
148
150
150
150
150
150
150
150
151
151
151
153
153
153
153
153
153
153
153
153
153
154
154
154
154
155
156
157
157
157
158
160
160
161
161
161
161
161
161
161
161
165
165
165
165
165
167
167
167
167
167
168
168
168
168
168
168
168
169
169
169
169
170
170
170
170
171
171
171
171
172
172
172
173
175
175
175
175
175
175
175
177
177
177
177
177
178
178
178
179
182
182
182
182
182
183
183
183
183
183
183
184
184
185
185
185
185
186
186
186
186
186
186
187
187
187
187
188
188
188
188
188
188
188
188
189
189
189
189
189
189
189
190
191
191
191
193
193
193
193
194
194
194
195
195
195
195
195
197
197
198
198
199
199
199
199
199
199
199
199
199
199
199
199
199
199
200
200
200
200
200
200
200
201
201
201
202
203
204
204
204
204
204
204
204
204
205
205
205
205
205
206
206
206
206
207
207
207
207
207
207
208
208
209
209
209
209
209
209
209
210
210
210
210
210
210
210
210
212
213
214
214
214
215
217
217
218
218
218
218
218
218
218
219
219
219
219
219
220
221
221
221
221
221
221
221
221
222
222
222
222
222
223
223
223
224
225
229
229
229
229
231
233
233
233
233
233
233
233
233
233
233
233
233
233
233
233
233
233
233
233
235
235
235
235
236
237
237
238
239
239
239
239
241
241
241
241
241
241
241
243
243
243
243
243
243
243
243
243
243
244
244
244
244
245
247
247
247
250
250
250
250
250
250
250
250
250
251
251
251
251
251
251
252
254
254
254
255
256
257
269
269
269
269
269
269
269
269
269
269
269
270
270
270
272
272
272
272
272
276
276
276
276
276
276
276
276
276
276
276
276
276
276
277
277
277
278
281
281
281
281
281
281
281
281
281
281
281
281
281
281
281
282
282
282
283
285
285
285
285
285
285
288
288
288
288
288
289
289
289
289
289
289
290
294
294
294
294
294
294
294
297
297
297
297
297
299
299
299
300
300
300
300
300
300
300
302
302
303
310
310
310
311
311
311
311
311
311
311
311
311
312
312
312
312
313
313
314
316
316
316
316
316
316
316
317
317
317
317
317
318
318
318
318
318
318
318
318
318
318
318
318
319
319
319
319
320
320
320
321
321
321
321
322
323
324
324
324
325
325
325
325
326
327
327
329
329
329
330
330
330
330
330
331
331
331
331
331
332
332
332
332
333
333
334
334
334
334
334
335
335
335
335
336
336
337
337
337
337
337
338
338
338
338
339
339
340
340
340
340
340
341
341
341
341
342
342
344
344
344
344
344
345
345
345
345
346
346
346
346
347
347
349
349
349
349
349
350
350
350
350
351
351
352
352
352
352
352
353
353
353
353
354
354
355
355
356
356
356
356
357
357
357
357
357
357
357
358
358
359
360
360
361
361
361
362
362
362
362
362
363
363
363
363
363
363
363
364
364
364
364
364
364
365
366
366
366
366
367
367
368
368
368
369
369
369
369
369
370
370
370
370
370
370
370
371
371
371
371
371
371
372
373
373
373
373
374
374
375
375
375
376
376
376
376
376
377
377
377
377
377
377
377
378
378
378
378
378
378
379
380
380
380
380
381
381
382
382
382
383
383
383
383
383
384
384
384
384
384
384
384
385
385
385
385
385
385
386
387
387
387
387
388
388
390
390
390
391
391
391
391
391
392
392
392
392
392
393
393
393
393
394
394
395
395
397
397
397
397
397
397
397
397
397
398
398
398
398
398
398
398
398
399
400
400
401
402
402
402
402
403
403
404
404
404
405
405
405
405
405
406
406
406
406
406
407
407
407
407
407
408
408
408
408
408
408
408
408
408
409
409
409
409
409
409
410
411
411
411
411
412
412
413
413
413
413
413
414
414
414
414
414
414
414
414
414
415
415
415
415
415
415
415
415
416
417
417
418
418
419
419
420
421
421
421
421
422
422
424
426
426
427
429
429
429
430
440
440
441
441
441
441
441
441
441
441
441
441
441
441
441
442
442
442
442
442
442
442
442
442
442
442
442
443
456
456
457
457
457
457
457
457
457
457
457
457
457
457
457
457
457
457
457
457
457
458
458
458
459
459
459
459
461
461
461
461
461
461
461
462
462
462
463
466
466
466
466
466
467
467
467
467
467
467
467
468
468
468
468
469
470
472
472
472
472
472
472
472
472
472
472
472
472
472
473
473
473
474
476
476
476
476
478
478
479
479
479
479
479
479
479
479
479
479
479
480
480
480
480
480
480
480
480
480
480
480
480
480
480
480
480
480
480
480
483
483
483
483
483
484
486
486
487
487
487
487
487
487
488
488
488
490
490
491
491
491
491
491
491
491
491
492
492
493
493
493
493
493
493
493
493
493
493
493
493
493
493
494
494
495
496
496
496
496
496
496
496
496
497
497
497
497
497
498
498
498
498
499
499
499
499
499
499
500
500
501
501
501
501
501
501
501
502
502
502
502
502
502
502
502
503
503
503
503
503
504
504
504
505
506
507
507
508
509
509
509
509
509
509
509
509
513
513
513
513
513
513
516
516
516
517
520
520
520
520
520
521
521
522
522
522
522
522
522
522
523
523
523
523
523
523
523
523
524
524
524
524
524
525
525
525
526
527
530
530
530
530
530
531
531
531
531
531
531
532
533
534
534
534
534
534
534
534
534
535
535
535
535
535
536
536
536
536
537
538
538
538
538
538
538
539
541
541
541
541
541
542
542
542
542
543
543
543
543
544
544
544
544
544
544
545
547
547
547
547
548
550
550
550
550
550
551
551
551
551
551
551
551
552
552
553
555
555
555
556
556
556
556
561
561
561
561
561
561
561
561
561
561
561
561
561
561
562
562
562
562
562
562
562
562
562
563
563
563
563
563
563
564
565
565
565
565
565
565
565
566
566
566
566
566
566
566
567
567
567
567
567
567
568
568
568
568
569
570
571
