18
18
18
18
18
18
18
18
18
18
18
23
23
23
23
23
23
27
27
27
27
27
27
27
27
32
32
32
32
32
32
32
32
37
37
37
37
37
37
37
37
42
42
42
42
42
50
50
50
50
50
50
50
50
51
51
51
51
51
51
51
51
51
51
51
51
51
51
51
52
52
52
52
53
66
66
66
66
66
66
66
66
66
66
66
66
66
66
66
66
66
66
66
67
67
67
67
67
68
68
68
68
68
68
68
68
68
68
68
68
68
68
68
69
69
69
69
70
81
81
82
82
82
82
82
82
82
82
82
82
82
82
82
82
82
82
82
83
83
83
83
83
83
83
83
83
83
83
83
83
83
83
83
83
83
83
83
83
84
84
84
84
84
84
84
84
84
84
84
84
84
84
84
84
84
84
84
84
84
85
85
85
85
85
85
85
85
85
85
85
85
85
85
85
85
85
85
87
87
87
87
87
87
87
88
88
88
88
88
88
88
90
90
90
90
90
90
90
90
90
90
90
90
90
90
90
90
90
90
90
91
91
91
91
91
91
91
91
91
91
91
91
91
91
92
94
94
94
95
96
97
97
97
98
99
100
