18
18
18
18
18
18
18
18
18
20
20
20
20
20
20
20
20
20
20
20
20
20
20
22
22
22
22
22
22
22
23
23
23
23
23
23
23
24
24
24
24
24
24
24
25
25
25
25
25
25
25
43
43
43
43
43
43
43
43
57
57
57
57
57
57
60
60
60
60
63
63
63
63
66
66
66
66
69
69
69
69
72
72
72
72
75
75
75
75
78
78
78
78
78
78
81
81
81
81
81
81
81
81
81
81
81
84
84
84
84
92
92
92
92
92
92
92
92
92
92
93
93
93
93
93
94
102
102
102
102
102
102
102
102
102
103
103
103
103
103
103
104
104
104
105
113
113
113
113
113
113
114
114
114
114
114
114
114
114
114
114
114
115
115
115
115
115
115
115
116
117
117
117
117
117
117
117
118
126
126
126
126
126
126
126
126
126
127
127
127
127
127
127
128
128
128
129
136
136
136
136
136
136
137
137
137
137
137
137
138
146
146
146
146
146
146
146
146
146
148
148
148
148
148
148
148
148
148
148
149
149
149
150
157
157
157
157
157
157
158
158
158
158
158
158
159
159
159
160
168
168
168
168
168
168
168
168
168
169
169
169
169
169
169
170
170
170
171
179
179
179
179
179
179
179
179
179
180
180
180
180
180
180
181
181
181
182
192
192
192
192
192
192
192
192
192
192
192
193
193
193
193
193
193
193
193
193
193
193
194
194
194
195
203
203
203
203
203
203
203
203
203
204
204
204
204
204
204
204
204
204
204
205
205
205
205
205
205
206
206
206
207
214
214
214
214
214
214
215
215
215
215
215
215
216
224
224
224
224
224
224
224
224
224
225
225
225
225
225
225
226
226
226
227
235
235
235
235
235
235
235
235
235
235
235
235
236
236
236
236
236
236
237
237
237
238
245
245
245
245
245
245
246
246
246
246
246
246
247
269
269
269
269
269
269
269
269
269
270
270
270
270
270
270
271
271
271
272
273
276
276
276
276
276
276
276
276
276
279
279
279
279
279
279
279
279
279
282
282
282
282
282
282
282
282
285
285
285
285
285
285
285
285
285
285
293
293
293
293
293
293
293
294
294
294
294
294
294
295
305
305
305
305
305
305
305
305
305
305
306
306
306
306
306
306
306
307
310
310
310
310
310
313
313
313
313
316
316
316
316
319
319
319
319
322
322
322
322
325
325
325
325
328
328
328
328
328
328
331
331
331
331
331
331
331
331
331
331
331
334
334
334
334
334
334
334
334
334
334
334
334
334
334
337
337
337
337
344
344
344
344
344
344
344
344
345
345
345
345
345
345
345
345
346
346
346
346
346
346
346
346
347
347
347
347
347
347
347
347
348
348
348
348
348
348
348
348
349
349
349
349
349
349
349
349
350
350
350
350
350
350
350
350
351
351
351
351
351
351
351
351
352
352
352
352
352
352
352
352
353
353
353
353
353
353
353
353
354
365
365
365
365
365
365
365
365
365
365
365
365
365
365
365
365
365
365
366
366
366
366
366
366
366
366
366
366
366
367
377
377
377
377
377
377
377
377
377
377
377
377
377
377
378
378
378
378
378
378
378
378
378
378
378
379
391
391
391
391
391
391
391
391
391
391
391
391
391
391
391
391
391
391
391
391
391
391
393
393
393
393
393
393
393
393
393
393
393
394
394
394
394
394
394
397
397
397
397
397
398
398
398
398
398
398
399
401
401
401
401
401
401
402
410
410
410
410
410
411
411
411
411
411
411
411
411
411
411
411
411
411
411
411
411
411
411
411
411
411
411
411
411
411
411
411
411
411
412
422
422
422
422
422
422
422
422
422
423
423
423
423
423
423
423
423
424
424
424
424
424
424
424
425
428
428
428
428
428
428
428
429
440
440
441
441
441
441
441
441
441
441
441
442
442
442
442
443
443
443
443
443
444
451
451
451
451
451
451
451
451
452
452
452
452
452
452
452
453
453
453
453
453
453
453
454
455
455
455
455
455
456
464
464
464
464
464
465
465
465
465
465
465
466
477
477
478
478
478
478
478
478
479
479
480
480
480
480
480
480
480
480
480
480
480
480
480
481
481
481
481
481
481
481
481
481
481
481
481
482
482
482
483
483
483
483
483
483
483
483
484
484
484
484
484
484
484
484
484
484
484
484
484
485
486
488
488
489
489
489
489
489
489
489
489
489
490
490
490
490
490
490
490
491
491
491
492
493
493
493
493
493
493
493
493
493
493
494
494
494
495
496
496
496
496
496
496
496
496
496
497
497
497
497
497
497
497
497
497
497
497
497
497
497
497
497
497
497
497
497
497
497
497
498
505
505
505
505
505
505
506
506
506
507
522
522
522
522
522
522
523
523
523
524
531
531
531
531
531
531
532
532
532
533
541
541
541
541
541
541
542
542
542
542
542
542
542
542
542
542
543
550
550
550
550
550
552
552
552
552
552
552
552
552
552
553
560
560
560
560
560
560
561
561
561
562
572
572
572
572
572
572
573
573
573
574
581
581
581
581
581
581
582
582
582
583
590
590
590
590
590
590
591
591
591
591
591
591
591
591
591
591
591
591
591
591
592
603
603
603
603
603
603
603
603
603
603
603
604
604
604
604
604
604
604
604
604
604
604
604
604
604
605
614
614
614
614
614
614
614
614
614
615
615
615
615
615
615
615
615
617
617
617
617
617
617
617
617
617
618
625
625
625
625
625
625
625
625
626
626
626
626
626
626
626
626
626
626
626
626
626
626
627
634
634
634
634
634
634
635
635
635
636
643
643
643
643
643
643
643
643
643
644
644
644
645
652
652
652
652
652
652
653
653
653
653
653
653
653
653
653
654
661
661
661
661
661
661
662
662
662
662
662
662
662
662
662
662
662
662
663
670
670
670
670
670
670
671
671
671
671
671
671
671
671
671
672
674
674
675
675
675
675
675
675
676
676
676
676
676
676
676
676
676
676
677
684
684
684
684
684
684
685
685
685
685
685
686
693
693
693
693
693
693
694
694
694
694
694
694
694
695
700
700
700
700
700
700
701
701
701
702
710
710
710
710
710
710
711
711
711
711
711
712
719
719
719
719
719
719
720
720
720
721
732
732
732
732
732
732
732
732
734
734
734
734
734
734
734
736
736
736
736
736
736
736
736
739
739
739
739
739
739
739
739
739
739
742
742
742
742
742
742
742
742
744
744
744
744
744
744
744
744
744
744
744
744
744
745
745
746
749
749
749
749
749
749
749
749
749
749
749
749
752
752
752
752
752
752
752
752
752
752
752
755
755
755
755
755
755
755
755
755
756
757
760
760
760
760
760
761
769
769
769
769
769
770
770
770
770
770
771
771
771
772
773
773
773
773
773
773
773
774
774
774
774
774
774
774
775
776
776
776
776
776
777
784
784
784
784
784
784
784
784
784
785
785
785
785
785
785
786
793
793
793
793
793
793
793
793
793
794
794
794
794
794
794
795
803
803
803
803
803
803
803
803
803
804
804
804
804
804
804
805
812
812
812
812
812
812
812
812
812
813
813
813
813
813
813
814
821
821
821
821
821
821
821
821
821
822
822
822
822
822
822
823
830
830
830
830
830
830
830
830
830
831
831
831
831
831
831
832
840
840
840
840
840
840
840
840
840
840
840
840
841
841
841
841
841
841
842
854
854
855
855
855
855
855
855
855
855
855
856
856
856
856
856
856
856
856
856
856
856
857
864
864
864
864
864
864
864
864
864
865
865
865
865
865
865
866
873
873
874
874
874
874
874
874
875
875
875
875
875
875
875
875
875
875
875
875
875
875
877
877
877
877
877
877
877
879
879
879
879
879
879
879
880
880
880
880
880
880
880
880
880
880
880
880
881
883
883
883
883
883
883
883
885
885
885
885
885
885
885
886
886
886
886
886
886
886
887
887
887
887
887
887
887
887
887
888
888
888
888
888
888
888
889
891
891
891
891
891
891
891
891
891
891
891
891
893
893
893
893
893
893
893
894
894
894
894
894
894
894
894
894
894
894
894
895
897
897
897
897
897
897
897
899
899
899
899
899
899
899
900
901
902
