17
17
17
17
17
17
17
17
17
19
19
19
19
19
19
19
19
19
20
20
20
20
20
20
20
20
20
21
21
21
21
21
21
21
21
21
22
22
22
22
22
22
22
22
22
23
23
23
23
23
23
23
23
23
23
23
24
24
24
24
24
24
24
24
24
25
25
25
25
25
25
25
25
25
26
26
26
26
26
26
26
26
26
26
26
27
27
27
27
27
27
27
27
27
27
27
28
28
28
28
28
28
28
28
28
28
28
29
29
29
29
29
29
29
29
29
29
29
29
29
31
31
31
31
31
31
31
31
31
32
32
32
32
32
32
32
33
33
33
33
33
33
33
33
33
38
38
38
38
39
40
40
41
41
41
41
41
41
41
41
41
41
41
41
41
41
41
41
41
42
42
42
42
42
42
42
42
42
42
43
46
46
46
46
46
46
46
46
46
46
46
46
46
47
49
49
49
49
49
49
50
50
50
50
50
51
53
53
54
54
54
54
54
54
54
54
54
54
54
54
54
54
54
54
54
54
54
55
55
55
55
57
57
57
57
57
57
57
57
57
57
57
57
57
57
57
57
59
59
59
59
59
59
59
60
60
60
60
60
60
60
62
62
63
63
63
63
63
63
63
63
63
63
63
63
63
63
63
63
65
65
65
65
65
65
65
65
66
66
66
67
69
69
69
69
69
69
69
71
71
71
71
73
73
73
73
75
75
75
75
77
77
77
77
78
79
79
79
79
79
79
81
81
81
81
81
81
81
81
81
81
81
81
81
82
82
82
82
82
82
82
83
83
83
84
85
85
86
86
86
86
86
86
86
87
87
87
87
87
87
87
90
90
90
90
91
93
93
93
94
96
96
97
97
97
97
97
97
97
97
97
97
97
97
97
97
97
97
97
97
98
99
99
99
99
101
101
101
101
101
101
101
101
101
101
101
101
101
101
101
101
103
103
103
103
103
103
103
104
104
104
104
104
104
104
106
106
107
107
107
107
107
107
107
107
107
107
107
107
107
107
107
107
109
109
109
109
109
109
109
109
110
110
111
113
113
113
113
113
113
113
115
115
115
115
117
117
117
117
117
117
117
117
117
117
117
119
119
119
119
121
121
121
121
123
123
123
123
123
123
124
125
125
125
125
125
125
127
127
127
127
127
127
127
127
127
127
127
127
127
128
128
128
128
128
128
128
129
130
130
131
131
131
131
131
131
131
132
132
132
132
132
132
132
135
135
135
135
136
137
139
139
139
139
139
139
139
139
139
139
139
139
139
139
139
139
139
140
140
140
140
140
140
141
142
142
142
142
142
142
142
142
142
142
143
143
143
143
143
143
143
145
145
145
145
145
145
145
145
145
145
145
145
145
145
145
145
145
145
145
145
147
147
147
147
147
147
147
147
148
148
148
148
148
148
148
148
148
149
149
149
149
149
149
149
149
149
150
150
150
150
150
150
150
151
151
151
151
151
151
151
151
151
151
151
151
151
151
151
151
151
151
151
151
151
151
152
153
153
154
154
154
154
154
154
154
154
154
154
154
154
154
154
154
154
154
154
154
154
154
154
155
157
157
157
157
157
157
157
157
159
159
159
159
161
161
161
162
164
164
164
164
164
165
166
166
166
166
166
166
166
167
167
167
167
167
167
167
168
168
168
168
168
168
168
169
171
171
171
171
171
171
171
171
172
172
172
172
173
173
173
173
174
174
174
174
175
175
175
175
176
176
176
176
177
177
177
177
178
179
179
179
179
179
180
180
180
180
180
180
180
180
180
180
181
181
181
181
181
181
181
181
181
182
182
182
182
182
182
182
182
182
183
183
183
183
183
183
183
183
183
183
183
183
183
184
184
184
184
184
184
184
184
184
184
184
184
184
184
184
184
185
185
185
185
185
185
185
187
187
188
188
188
188
188
188
188
188
188
188
188
188
188
188
188
188
188
188
189
190
190
191
191
191
191
191
191
191
191
191
191
191
191
191
191
191
192
192
192
192
192
192
192
192
192
192
192
192
193
193
193
193
193
193
193
194
195
197
197
197
197
197
198
200
200
200
200
200
200
200
200
200
200
200
201
203
203
203
203
203
204
205
205
205
207
207
207
207
207
207
207
209
209
210
210
210
210
210
210
210
210
210
213
213
213
213
213
213
213
213
213
214
214
214
214
214
214
214
217
217
217
217
217
217
217
217
217
217
217
217
217
218
218
218
218
218
218
218
220
220
220
220
220
220
220
220
220
220
220
220
220
220
221
221
221
221
221
221
221
224
224
224
224
224
224
224
224
224
224
224
224
224
225
225
225
225
225
225
225
227
227
227
227
227
227
227
227
227
227
227
227
227
227
228
228
228
228
228
228
228
231
231
231
231
231
231
231
231
231
231
231
231
231
232
232
232
232
232
232
232
234
234
234
234
234
234
234
234
234
234
234
234
234
234
235
235
235
235
235
235
235
237
237
237
238
239
239
239
239
239
239
240
240
240
240
240
240
240
240
240
240
240
240
240
241
241
241
241
241
241
241
242
242
242
243
244
246
246
246
246
246
247
248
248
248
248
248
248
248
248
248
249
251
251
251
251
251
252
253
253
253
253
253
253
253
253
253
254
255
256
