6
6
6
6
6
6
6
6
6
8
8
8
8
8
8
8
9
9
9
9
9
9
9
11
11
11
11
11
11
11
11
11
11
11
12
12
12
12
12
12
12
12
12
12
12
13
13
13
13
13
13
13
13
13
13
13
14
14
14
14
14
14
14
14
14
14
14
15
15
15
15
15
15
15
15
15
15
15
17
17
17
17
17
17
17
17
17
17
17
17
17
17
19
19
19
20
21
21
21
21
21
21
23
23
23
23
23
23
25
25
25
25
27
27
27
27
27
27
27
29
29
29
29
29
29
31
31
31
31
31
31
33
33
33
33
35
35
35
35
37
37
37
37
39
39
39
39
39
39
39
39
39
39
39
39
39
39
39
39
39
40
41
41
41
41
41
41
41
41
41
42
42
42
42
42
42
43
43
43
43
43
43
44
44
44
44
44
44
46
46
46
47
49
49
49
49
49
50
51
51
51
52
54
54
54
54
54
54
55
56
56
56
56
56
56
58
58
58
58
58
58
58
58
58
59
61
61
61
61
61
62
63
63
63
64
66
66
66
66
66
66
66
67
68
68
68
68
68
68
69
71
71
71
71
71
72
73
73
73
74
76
76
76
76
76
77
78
78
78
79
81
81
81
81
81
81
81
82
83
83
83
83
83
83
84
86
86
86
86
86
87
88
88
88
88
88
90
90
90
90
90
90
90
92
92
92
92
92
92
93
94
94
94
94
94
94
94
94
95
97
97
97
98
100
100
100
100
100
100
100
101
102
102
102
102
102
102
103
103
103
103
103
103
103
104
106
106
106
106
106
106
106
106
107
108
108
108
109
111
111
111
111
111
112
113
113
113
114
116
116
116
116
116
116
116
117
118
118
118
118
118
118
119
122
122
122
122
122
123
124
124
124
125
127
127
128
128
128
128
128
129
130
130
130
130
130
130
130
130
132
132
132
132
132
132
132
132
132
134
134
134
134
134
134
134
135
137
137
137
137
137
138
139
139
139
139
139
139
140
141
141
141
142
143
144
145
145
145
145
145
145
145
145
145
146
147
149
149
149
149
149
150
151
151
151
151
151
151
151
153
153
153
153
153
153
153
153
153
153
153
153
153
153
153
153
154
156
156
156
156
156
157
158
158
158
158
158
158
158
160
160
160
160
160
160
160
160
160
160
160
160
161
163
163
163
163
163
163
163
163
163
163
163
163
163
164
165
165
165
165
165
165
166
167
167
167
167
167
167
167
167
167
167
167
167
167
167
168
169
169
169
169
169
169
169
170
172
172
172
172
172
172
172
174
174
174
174
174
174
174
174
174
174
174
176
176
176
176
176
176
176
178
178
178
178
178
178
178
178
179
180
180
180
180
180
180
180
181
183
183
183
183
183
183
183
183
184
185
185
185
185
185
185
185
186
188
188
188
188
188
188
188
190
190
190
190
190
190
191
192
192
192
192
192
192
192
193
194
196
196
196
196
196
196
196
196
196
196
196
197
198
198
198
198
198
198
198
198
198
198
198
199
201
201
201
201
201
201
201
201
201
201
201
201
202
203
203
203
203
203
203
203
204
205
206
207
