18
18
18
18
18
18
18
18
18
18
18
23
23
23
24
30
30
30
30
30
31
31
31
31
31
32
32
32
32
32
35
35
35
35
35
36
36
36
36
36
37
37
37
37
37
39
39
39
39
39
42
42
42
42
42
43
43
43
43
43
44
44
44
44
44
45
45
45
45
45
46
46
46
46
46
47
47
47
47
47
48
48
48
48
48
49
49
49
49
49
50
50
50
50
50
51
51
51
51
51
52
52
52
52
52
52
52
55
55
55
55
55
56
56
56
56
56
57
57
57
57
57
58
58
58
58
58
58
58
58
58
59
59
59
59
59
60
60
60
60
60
61
61
61
61
61
62
62
62
62
62
62
62
62
62
63
71
71
71
71
71
71
71
71
71
71
71
72
72
72
72
72
72
72
73
75
75
75
75
75
76
76
76
76
76
77
77
77
77
77
79
79
79
79
79
80
80
80
80
80
82
82
82
82
83
83
83
83
83
84
86
86
86
86
86
86
86
87
87
87
87
87
87
87
87
87
88
90
90
90
90
90
90
90
90
90
90
90
91
91
91
91
91
91
91
91
91
92
94
94
94
94
94
94
94
95
95
95
95
95
95
95
96
98
98
98
98
98
98
98
98
98
98
98
99
99
99
99
99
99
99
99
99
100
102
102
102
102
102
102
102
102
102
102
102
102
102
102
102
103
103
103
103
103
103
104
104
104
104
104
104
105
105
105
105
105
105
106
113
113
113
113
113
113
114
114
114
114
114
114
114
114
114
114
114
115
117
120
