18
18
18
18
18
18
18
18
18
18
18
20
20
20
20
20
20
20
21
21
21
21
21
21
21
22
22
22
22
22
22
22
23
23
23
23
23
23
23
24
24
24
24
24
24
24
25
25
25
25
25
25
25
26
26
26
26
26
26
26
27
27
27
27
27
27
27
28
28
28
28
28
28
28
29
29
29
29
29
29
29
30
30
30
30
30
30
30
31
31
31
31
31
31
31
32
32
32
32
32
32
32
33
33
33
33
33
33
33
34
34
34
34
34
34
34
36
36
36
36
36
36
36
36
36
36
36
36
36
37
37
37
37
37
37
37
37
37
37
37
37
37
83
83
83
83
83
84
85
85
85
85
85
85
85
85
85
85
89
89
89
89
89
90
91
91
91
91
91
93
93
93
93
95
95
95
97
97
97
97
97
97
97
98
99
99
99
99
100
106
106
106
106
106
106
106
106
106
106
106
106
106
106
106
106
107
107
108
109
109
109
109
109
109
109
109
109
109
109
110
110
110
110
110
110
110
110
112
112
112
112
112
112
112
112
112
112
113
114
114
114
114
114
114
114
115
118
118
118
118
119
120
120
120
120
120
120
120
120
120
121
123
123
123
124
129
129
129
129
129
129
129
129
129
129
130
131
131
131
131
131
131
131
131
131
131
132
132
132
132
132
132
133
134
134
134
134
134
134
134
135
136
136
136
136
136
136
136
136
136
137
139
139
139
139
139
140
142
142
142
142
142
142
142
142
142
142
143
143
143
143
144
144
144
145
146
146
146
146
146
146
146
146
147
148
148
149
150
150
150
150
150
150
150
150
150
150
151
151
151
151
151
152
153
153
153
153
153
153
153
154
155
160
160
160
160
160
160
160
160
160
160
160
160
161
162
162
162
162
162
163
164
165
165
165
165
165
165
165
165
166
167
167
167
167
167
167
167
167
167
167
167
167
167
167
168
168
168
168
168
168
168
168
168
169
169
169
169
170
170
171
173
174
175
175
175
175
175
175
175
175
175
175
176
176
176
176
176
176
176
176
176
176
176
176
176
177
178
178
178
178
178
178
179
180
180
180
180
180
180
180
180
180
180
180
180
180
180
181
181
181
181
181
181
181
181
181
181
181
181
181
181
181
181
181
182
182
183
184
184
184
184
184
184
185
186
186
186
186
186
186
186
186
186
186
186
186
186
186
187
187
187
187
187
187
187
187
187
187
187
187
187
187
187
187
187
188
188
189
191
191
191
191
191
191
191
191
191
191
191
191
192
193
193
193
193
193
193
193
193
194
196
196
196
196
196
196
196
196
196
196
196
196
196
196
198
198
198
200
200
200
200
200
201
201
201
201
201
203
203
203
203
203
203
203
205
205
205
205
205
209
209
209
209
209
209
209
209
209
209
209
210
211
211
211
211
212
213
213
213
213
213
213
213
213
213
214
214
214
214
214
214
214
215
216
216
216
216
217
219
219
219
219
219
219
219
219
219
219
219
219
219
219
219
219
219
219
219
220
220
220
220
220
220
220
221
221
221
221
221
221
221
222
224
224
224
224
226
226
226
226
226
228
228
228
228
229
229
229
229
229
229
229
229
229
229
229
229
229
229
229
229
229
229
229
229
229
229
229
230
230
230
230
230
230
230
230
230
230
230
230
231
233
233
233
233
233
233
234
238
238
238
238
238
238
238
239
239
239
239
239
239
239
239
239
239
239
239
239
240
240
240
240
240
240
240
240
240
240
241
241
241
241
242
243
244
245
245
245
245
245
245
245
245
246
247
247
247
247
247
247
248
249
249
249
249
249
249
250
251
251
251
252
255
255
255
256
256
256
256
256
256
256
257
257
258
259
261
261
261
261
261
261
261
261
261
261
261
261
261
262
263
263
263
263
263
264
265
266
266
266
266
267
267
267
267
267
267
268
269
269
270
273
273
273
273
273
273
273
273
273
274
274
274
274
274
274
274
274
274
274
275
284
284
284
284
285
286
287
289
289
289
290
290
290
290
290
290
291
293
293
293
293
294
295
295
295
295
296
297
298
299
300
301
302
303
303
303
303
303
303
304
305
305
305
305
305
305
306
307
308
308
308
308
308
308
309
311
312
313
318
318
318
318
318
318
318
318
318
318
318
319
320
321
321
321
321
321
322
323
324
324
324
324
324
324
324
324
325
326
326
326
326
326
326
326
326
326
326
326
326
326
326
327
327
327
327
327
327
327
327
327
328
328
328
328
329
329
330
332
332
332
332
332
333
333
333
333
333
333
333
333
333
333
335
336
337
337
337
337
337
337
337
337
337
337
337
337
337
338
338
338
338
338
338
338
338
339
340
340
340
340
340
340
340
340
340
340
340
340
340
340
341
341
341
341
341
341
341
341
341
341
341
341
341
342
342
343
344
344
344
344
344
344
344
344
344
344
344
344
346
346
346
346
346
346
346
346
346
346
346
346
347
348
348
348
348
348
348
348
348
349
350
351
351
351
351
351
351
352
353
353
353
353
353
353
353
353
353
353
353
353
353
353
354
354
354
354
354
354
354
354
354
354
354
354
354
354
354
354
354
355
355
356
358
358
358
358
358
358
358
358
358
358
358
358
358
358
358
358
358
358
358
358
358
359
359
359
359
359
359
359
361
361
361
361
362
364
364
364
364
364
366
366
366
366
366
368
368
368
368
369
369
369
369
369
370
370
370
370
370
370
370
370
370
370
370
370
370
370
370
370
370
370
371
371
371
371
371
371
371
371
371
371
371
371
372
374
374
374
374
374
374
375
379
379
379
379
379
379
379
380
380
380
380
380
380
380
380
380
380
380
380
380
381
381
381
381
381
381
381
381
381
381
382
382
382
382
383
385
386
387
387
387
387
387
387
387
387
388
389
389
389
389
389
389
390
391
391
391
391
391
391
392
393
393
393
394
396
396
396
396
396
396
396
397
397
397
398
398
399
400
402
402
402
402
402
402
403
405
405
405
405
405
405
405
405
405
405
405
405
405
405
405
405
405
405
405
405
406
406
406
406
406
406
406
407
408
408
408
408
408
408
408
408
408
408
408
408
408
408
409
410
410
410
410
410
411
412
413
413
413
413
414
414
414
414
414
414
415
416
416
417
418
419
420
420
420
420
420
420
420
420
420
420
420
420
420
420
420
421
421
421
421
421
421
421
421
421
421
421
421
421
421
421
421
421
422
422
422
422
422
422
422
422
422
422
422
422
422
422
422
423
423
423
423
423
423
423
423
423
423
423
423
423
423
423
425
425
425
425
425
425
425
425
425
425
425
425
425
425
426
429
429
429
429
429
429
429
429
429
429
429
430
430
430
430
431
433
433
433
433
433
433
433
433
433
433
433
433
433
433
433
433
433
433
433
433
434
434
434
434
434
434
434
435
435
435
435
435
435
435
435
436
438
438
438
438
438
438
442
442
442
442
442
442
442
442
442
442
442
442
442
442
443
444
445
446
446
446
446
446
446
446
446
447
448
448
448
448
448
448
449
452
452
453
455
455
455
455
455
456
456
456
456
456
456
456
456
456
456
456
456
456
456
456
456
456
456
456
457
457
457
457
457
457
457
457
457
457
457
457
458
460
461
461
461
461
461
461
461
462
462
462
462
462
462
462
462
462
462
462
463
463
463
463
464
464
464
464
465
466
467
471
471
471
471
471
471
471
472
473
476
476
477
478
479
480
481
482
483
483
483
483
483
483
484
485
485
485
485
485
485
486
487
488
493
493
493
493
493
493
493
493
493
493
493
493
494
495
495
495
495
495
495
495
495
495
495
496
496
496
496
496
496
497
498
498
498
499
500
500
500
500
500
500
500
500
500
501
502
502
502
503
504
504
504
504
504
504
504
504
505
507
507
508
508
508
508
508
509
510
511
512
512
512
512
512
512
514
514
514
514
514
514
515
515
515
515
515
515
515
517
517
517
517
517
517
519
519
519
519
519
519
520
521
521
521
521
521
521
521
521
522
523
523
523
523
523
523
523
524
525
525
525
525
525
525
525
525
526
527
528
529
529
529
529
529
529
529
529
529
529
529
530
531
532
532
532
532
532
532
533
534
534
534
534
534
535
536
537
537
537
537
538
538
538
538
539
540
541
542
543
544
545
545
545
545
545
545
545
545
545
545
545
545
546
547
547
547
547
547
547
548
548
548
548
548
548
549
550
551
551
551
551
551
551
552
554
555
555
555
555
556
557
557
557
557
557
557
557
558
559
560
562
562
562
562
562
563
564
564
564
564
565
566
567
567
567
567
567
567
568
569
569
569
569
569
569
570
572
573
574
576
576
576
576
576
576
576
576
578
578
578
578
578
578
578
578
578
579
579
579
579
579
580
580
581
581
581
581
581
581
581
581
581
581
581
581
581
581
582
582
583
583
583
583
583
583
583
583
583
583
584
585
585
586
586
586
586
586
586
586
586
586
586
586
586
586
586
586
587
587
587
587
587
588
588
588
588
589
589
589
589
590
590
590
590
591
591
591
591
591
592
592
592
592
592
594
594
594
594
596
596
596
596
596
599
599
599
599
601
601
601
601
602
602
602
602
602
602
603
603
603
603
606
606
606
606
628
628
628
628
628
628
628
628
628
628
628
628
628
628
628
629
629
629
629
629
629
629
629
629
629
629
629
629
629
629
629
630
630
631
632
632
632
632
633
633
633
633
634
634
634
634
635
635
635
635
635
635
635
635
635
635
636
636
636
636
636
636
636
636
636
636
637
637
637
637
637
637
637
638
661
661
661
661
661
661
661
661
661
661
661
661
661
661
661
662
662
662
662
662
662
662
662
662
662
662
662
662
662
662
662
663
663
664
665
665
665
665
666
666
666
666
667
667
667
667
667
668
668
668
668
668
668
669
670
670
670
670
670
670
670
670
670
670
670
670
670
671
671
671
671
671
671
671
671
671
671
671
671
671
671
671
672
672
672
672
672
672
672
672
673
674
675
675
675
675
675
675
675
675
675
675
676
676
676
676
676
676
676
676
676
676
677
677
677
677
678
678
678
678
678
678
678
679
700
700
700
700
700
700
700
700
700
700
700
700
700
700
700
700
700
700
700
701
701
701
701
701
701
701
701
701
701
702
703
703
703
703
704
704
704
704
705
705
705
705
705
705
705
705
705
705
706
706
706
706
706
706
706
706
706
706
707
707
707
707
708
708
708
708
708
708
708
709
728
728
728
728
728
728
728
728
728
728
728
728
728
728
728
729
729
730
731
731
731
731
731
731
731
731
731
731
731
731
731
731
731
732
734
734
735
735
735
735
735
735
735
736
737
737
737
737
738
744
744
744
744
744
745
746
746
746
747
753
753
753
753
753
754
755
755
755
756
765
765
765
765
765
765
765
766
767
767
767
767
767
767
767
767
768
769
769
769
770
771
771
771
771
772
777
777
777
777
777
777
777
777
777
777
777
777
777
777
778
779
779
779
779
779
779
779
779
779
780
780
780
780
780
780
781
781
781
781
781
781
783
783
783
783
783
783
783
783
784
784
784
784
784
784
784
784
784
784
784
784
784
784
784
784
785
786
786
786
786
786
786
786
787
787
787
787
788
790
790
790
790
790
790
790
790
791
791
791
791
791
791
791
791
791
791
791
791
791
791
791
791
792
793
793
793
793
793
793
793
794
794
794
794
795
797
797
797
797
797
797
797
800
800
800
800
800
800
800
800
803
803
803
803
803
803
803
805
805
805
805
805
805
805
806
806
806
806
806
806
806
806
806
807
807
807
808
808
808
808
808
808
808
809
811
811
811
811
811
811
811
811
812
812
812
812
812
812
812
813
813
813
813
813
813
814
819
819
819
819
819
820
820
820
820
820
820
821
823
823
824
824
824
824
824
825
826
827
828
828
828
828
828
829
830
830
830
830
832
832
832
832
832
832
832
832
834
834
834
834
834
834
834
834
834
834
835
835
835
835
836
837
837
837
837
837
837
837
838
840
840
840
840
840
840
840
840
840
840
841
841
841
841
841
841
841
842
842
842
842
842
842
843
844
845
845
845
845
845
845
846
847
847
847
847
847
848
849
849
849
849
850
850
850
850
850
850
850
850
850
851
852
853
854
855
855
855
855
856
856
856
856
856
856
856
856
856
856
856
856
857
858
858
858
858
858
858
859
860
861
866
866
866
866
866
866
866
866
866
866
866
866
866
866
867
867
867
867
867
867
867
868
875
875
875
875
875
875
875
875
876
877
877
877
877
877
877
878
885
885
885
885
885
885
885
885
886
887
887
887
887
887
887
888
895
895
895
895
895
895
895
895
896
897
897
897
897
897
897
898
899
899
899
899
899
899
899
900
901
901
901
901
902
910
910
910
910
910
910
910
910
911
912
912
912
912
912
912
913
914
914
914
914
914
914
914
915
916
916
916
916
917
923
923
923
923
923
924
925
925
925
925
927
927
927
927
928
929
929
929
929
929
929
929
929
929
930
932
933
934
934
934
934
934
934
935
936
936
936
936
936
936
937
939
941
941
942
942
942
942
942
942
943
943
943
943
943
943
943
943
945
946
947
948
