1
1
1
1
1
1
1
1
1
1
1
3
3
3
3
3
3
3
4
4
4
4
4
4
4
5
5
5
5
5
5
5
6
6
6
6
6
6
6
7
7
7
7
7
7
7
9
9
9
9
9
9
9
9
9
9
9
9
9
11
11
11
11
11
11
11
11
11
11
11
13
13
13
13
13
13
13
13
15
15
15
15
15
15
15
15
16
16
16
16
16
16
16
16
16
16
17
17
17
17
17
30
30
30
30
30
30
30
30
30
30
30
30
30
30
30
30
30
31
31
31
31
31
31
31
31
31
31
31
32
32
32
32
32
32
32
32
32
33
33
33
33
33
33
33
33
33
33
33
33
33
33
33
33
34
34
34
34
34
34
35
35
35
35
35
35
36
38
38
38
38
38
38
38
38
38
38
38
38
38
38
38
38
38
38
38
39
39
39
39
39
39
39
39
39
41
41
42
42
42
42
42
42
42
42
42
42
42
43
43
43
43
43
43
43
43
43
43
44
45
45
46
48
48
48
48
48
48
48
48
48
48
48
48
48
48
48
49
49
49
49
49
49
49
49
49
49
50
50
50
50
50
50
50
50
50
50
50
50
51
64
64
64
64
64
64
64
64
64
65
65
65
65
65
65
65
66
66
66
66
66
66
66
67
68
68
68
68
68
68
68
68
68
68
68
69
69
69
69
69
69
69
69
69
69
70
70
70
70
70
70
70
70
70
70
70
70
70
70
71
71
72
72
72
73
73
73
73
73
73
74
75
76
76
76
76
76
76
76
77
84
84
84
84
84
84
84
84
84
85
85
85
85
85
85
85
85
85
85
85
85
85
85
85
86
88
88
88
88
88
88
88
88
88
89
89
89
89
89
89
89
89
89
89
89
89
89
89
89
90
90
90
90
90
90
90
90
90
91
91
91
92
94
94
