6
6
6
6
6
6
6
6
6
6
6
8
8
8
8
8
8
8
9
9
9
9
9
9
9
10
10
10
10
10
10
10
11
11
11
11
11
11
11
12
12
12
12
12
12
12
13
13
13
13
13
13
13
14
14
14
14
14
14
14
15
15
15
15
15
15
15
17
17
17
17
17
17
17
17
17
18
18
18
18
18
18
18
18
18
20
20
20
20
21
22
22
22
22
22
22
22
22
22
22
22
22
22
22
22
22
22
24
24
24
24
24
24
24
24
25
25
25
25
25
25
25
25
26
26
26
26
26
26
26
26
27
27
27
27
27
27
27
27
29
29
29
29
29
29
29
29
29
29
29
29
29
29
29
31
31
31
31
31
31
31
31
33
34
35
35
35
35
35
37
38
39
39
39
39
39
39
39
39
39
39
39
39
41
41
41
41
41
41
42
43
43
43
43
44
44
45
45
45
46
47
48
49
49
49
49
49
49
49
49
49
49
49
49
49
49
51
51
51
51
51
51
51
51
51
53
53
53
53
53
53
53
53
53
53
53
53
53
55
55
55
55
55
55
56
57
57
57
57
57
57
57
57
57
57
59
59
59
59
59
59
59
60
61
61
61
61
61
61
61
61
61
61
63
63
63
63
63
63
63
64
65
65
65
65
65
65
65
65
65
65
65
65
65
65
65
65
65
66
66
66
66
66
68
68
68
68
68
68
68
69
70
72
72
72
72
72
72
72
72
72
72
74
74
74
74
74
74
74
75
76
76
76
76
76
76
76
76
76
76
78
78
78
78
78
78
78
79
80
80
80
80
80
80
80
80
80
80
80
80
80
80
80
80
80
80
82
82
82
82
82
82
82
83
84
84
84
84
84
84
84
84
84
84
85
86
86
86
86
86
86
86
86
86
87
88
90
90
90
90
90
90
91
92
94
94
94
94
94
94
94
94
95
96
97
98
98
98
98
98
99
100
100
100
100
100
100
100
100
100
101
102
103
104
104
104
104
104
104
105
106
107
108
108
108
108
108
108
109
110
110
110
110
110
111
112
112
112
112
112
112
112
112
112
113
114
115
118
118
118
118
118
118
118
118
118
119
119
119
119
119
119
119
119
119
119
119
119
119
119
120
120
120
120
120
120
120
120
120
120
120
120
120
120
122
124
124
124
124
125
126
128
128
128
128
128
128
128
128
129
130
130
130
130
130
130
130
130
130
130
132
132
132
132
132
132
133
135
135
135
135
135
135
135
135
135
135
135
135
135
135
135
135
135
135
135
135
135
135
135
135
135
135
135
135
135
135
136
137
137
137
137
137
137
137
137
137
137
137
137
137
137
137
137
137
137
137
137
137
137
138
139
141
141
141
142
143
144
