17
17
17
17
17
17
17
17
17
17
17
17
17
17
17
19
19
19
19
19
19
19
20
20
20
20
20
20
20
22
22
22
22
22
22
22
22
22
22
22
23
23
23
23
23
23
23
23
23
23
23
23
23
23
23
24
24
24
24
24
24
24
24
24
24
24
24
24
24
24
30
30
30
30
30
30
30
31
31
31
31
32
32
32
32
33
33
33
33
34
34
34
34
35
35
35
35
43
43
43
44
44
44
45
45
45
46
46
46
46
47
47
47
47
47
47
48
48
48
48
48
48
49
49
49
49
49
49
50
57
57
57
58
58
58
58
58
58
60
60
60
60
60
60
61
61
61
62
64
64
64
64
64
64
64
64
65
65
65
65
65
65
65
66
66
66
66
67
69
69
69
69
69
69
69
69
69
69
69
69
69
69
69
70
70
70
71
72
72
72
72
72
72
73
73
73
74
76
76
76
76
76
76
77
77
77
77
77
77
77
78
78
78
79
80
80
80
80
80
80
80
80
80
80
80
80
80
81
86
86
86
86
86
86
87
87
87
87
87
87
87
88
88
88
88
88
88
88
88
88
88
88
88
89
89
89
89
89
89
89
89
89
90
90
90
90
90
90
90
90
90
90
90
90
90
90
90
91
91
91
91
91
91
91
92
92
92
92
92
92
92
92
92
93
93
93
93
93
93
93
93
95
95
95
95
95
95
95
95
95
95
95
95
95
95
95
95
95
95
96
96
96
96
96
96
96
96
96
97
97
97
97
97
98
98
98
98
98
98
98
98
98
99
100
100
101
101
101
101
101
101
101
102
103
104
105
105
105
105
105
105
105
106
106
106
106
106
106
106
106
106
106
107
107
107
107
107
107
107
107
108
108
108
108
109
109
109
109
109
110
111
111
111
111
111
111
111
111
111
111
111
112
112
112
112
112
112
113
113
113
113
113
113
113
113
113
113
113
113
113
114
115
115
116
116
116
116
116
116
116
117
118
119
120
121
122
