17
17
17
17
17
17
17
17
17
19
19
19
19
19
19
19
19
19
20
20
20
20
20
20
20
20
20
21
21
21
21
21
21
21
22
22
22
22
22
22
22
23
23
23
23
23
23
23
24
24
24
24
24
24
24
26
26
26
26
26
26
26
26
26
26
26
26
26
27
27
27
27
27
27
27
27
27
27
27
27
27
28
28
28
28
28
28
28
28
28
28
28
28
28
29
29
29
29
29
29
29
29
29
29
29
29
29
30
30
30
30
30
30
30
30
30
30
30
30
30
68
68
68
68
68
68
69
69
69
69
70
70
70
70
71
71
71
71
71
71
71
71
71
71
71
71
71
71
78
78
78
78
78
78
78
78
78
78
79
79
79
79
79
79
80
80
80
80
80
80
81
87
87
87
87
87
87
88
88
88
88
88
88
88
88
89
112
112
112
112
113
113
113
114
114
114
115
115
115
115
115
115
116
116
116
116
116
116
116
116
116
116
116
116
116
117
117
117
117
117
117
117
117
117
117
117
117
117
117
117
117
117
117
118
118
118
119
121
121
121
121
121
121
121
122
122
122
122
123
125
125
125
125
125
125
125
125
125
126
126
126
126
126
126
126
126
126
126
126
126
126
126
126
126
126
127
127
127
127
127
127
127
128
128
128
129
129
129
129
130
130
130
130
130
130
131
131
132
132
132
133
133
133
133
133
133
133
134
134
134
134
134
134
134
135
137
137
137
137
137
137
137
138
138
138
138
138
138
138
138
138
138
138
138
138
139
141
141
142
142
142
142
143
143
143
143
143
143
144
144
145
145
145
146
146
146
146
146
146
146
147
147
147
147
147
147
147
148
150
150
150
150
150
150
150
151
151
151
151
151
151
151
151
151
151
151
151
151
151
152
152
152
152
152
152
152
152
152
153
153
153
153
153
153
153
153
154
154
154
154
154
154
154
155
155
155
155
155
155
155
155
155
155
155
155
155
156
157
158
158
159
159
159
159
160
161
162
163
163
163
163
163
163
163
164
164
164
165
165
165
165
166
166
166
166
166
166
167
167
168
168
168
169
169
169
169
169
169
169
170
170
170
170
170
170
170
171
172
173
175
175
175
175
175
175
175
176
176
176
176
176
176
176
176
176
176
177
177
177
177
177
177
177
177
178
178
178
179
181
181
181
181
181
181
181
181
181
181
181
181
182
182
182
182
182
182
182
182
182
182
182
182
184
184
184
185
185
186
186
186
186
186
186
186
186
186
186
186
187
188
188
188
188
188
188
189
189
189
189
190
191
191
191
191
191
191
191
191
191
191
191
191
191
191
191
192
192
192
193
195
195
195
195
195
195
195
195
195
195
196
196
196
197
197
197
197
197
197
197
197
197
198
198
198
198
198
198
198
199
199
199
199
199
199
199
200
201
202
202
203
203
203
204
204
204
204
205
205
206
206
207
207
207
208
208
208
208
208
208
208
209
209
209
209
209
209
209
210
211
212
212
212
213
214
215
