17
17
17
17
17
17
17
17
17
17
17
17
17
19
19
19
19
19
19
19
19
19
19
19
20
20
20
20
20
20
20
20
20
20
20
20
20
21
21
21
21
21
21
21
21
21
21
21
21
21
21
21
22
22
22
22
22
22
22
22
22
22
22
22
22
22
22
28
28
28
28
28
28
29
29
29
29
30
30
30
30
30
30
31
31
31
31
38
38
38
38
38
38
38
38
38
38
39
39
39
39
39
40
40
40
40
40
40
41
43
43
43
43
43
43
44
44
44
44
44
44
44
45
47
47
47
47
47
47
48
48
48
48
48
48
48
48
48
48
48
48
48
49
49
49
50
51
51
51
52
54
54
54
54
54
54
55
55
55
55
55
55
55
55
55
55
56
58
58
58
58
58
58
59
59
59
59
59
59
60
60
60
60
61
63
63
63
63
63
63
63
63
64
64
64
64
64
64
64
65
65
65
66
67
67
67
67
67
67
67
68
68
68
68
68
68
69
69
69
69
70
70
70
70
70
70
70
70
71
73
73
73
73
73
73
73
74
74
74
75
77
77
77
77
77
77
77
77
77
77
77
77
78
79
80
