17
17
17
17
17
17
17
17
17
17
17
19
19
19
19
19
19
19
20
20
20
20
20
20
20
21
21
21
21
21
21
21
28
28
28
28
28
28
30
30
30
30
30
30
30
30
30
30
30
31
31
31
31
31
31
31
31
31
32
32
32
32
32
32
32
32
33
33
33
33
33
33
33
33
33
34
34
34
34
34
34
34
34
34
35
35
35
35
35
35
35
35
35
36
36
36
36
36
36
36
36
36
36
36
37
38
38
38
38
38
38
38
38
39
39
39
39
39
39
39
39
39
40
40
40
40
40
40
40
40
40
40
40
41
42
44
44
44
44
44
44
44
44
44
44
44
45
45
45
45
45
45
45
45
46
46
46
46
46
46
46
46
46
47
47
47
47
47
47
47
47
47
47
47
47
49
49
49
49
49
49
49
50
50
50
50
50
50
50
50
50
51
51
51
52
53
53
53
53
53
53
53
53
53
54
54
54
54
54
54
55
56
56
56
57
59
59
59
59
59
59
59
59
59
59
60
60
60
60
60
60
60
61
61
61
62
64
64
64
64
64
64
64
64
64
64
65
67
67
67
67
67
67
67
67
67
67
67
67
67
67
68
68
68
68
68
68
68
68
68
68
68
68
68
68
68
68
68
68
69
70
71
