17
17
17
17
17
17
17
17
17
19
19
19
19
19
19
19
19
19
20
20
20
20
20
20
20
20
20
22
22
22
22
22
22
22
23
23
23
23
23
23
23
24
24
24
24
24
24
24
24
24
25
25
25
25
25
25
25
25
25
26
26
26
26
26
26
26
26
26
40
40
40
40
41
42
42
42
42
42
43
43
43
43
43
44
44
44
44
44
54
54
54
54
54
54
54
54
54
55
56
56
56
56
56
56
56
56
56
56
56
57
69
69
69
69
69
69
69
69
69
70
71
71
71
71
71
71
72
72
72
72
72
72
73
73
73
73
73
73
73
73
73
73
73
73
73
74
85
85
85
85
85
85
85
86
88
88
88
88
88
88
88
88
88
88
88
88
88
89
89
89
89
89
89
89
89
89
89
89
89
89
89
90
90
90
90
90
90
91
91
91
91
91
91
92
92
92
92
92
92
92
92
92
93
93
93
93
93
93
93
93
93
94
95
95
95
95
95
95
95
95
95
96
96
96
97
98
98
98
98
98
98
99
99
99
99
99
99
99
99
99
99
100
100
100
100
100
100
100
101
102
102
103
103
103
104
105
106
107
