17
17
17
17
17
17
17
17
17
17
17
19
19
19
19
19
19
19
20
20
20
20
20
20
20
21
21
21
21
21
21
21
21
21
22
22
22
22
22
22
22
22
22
23
23
23
23
23
23
23
23
23
25
25
25
25
25
25
25
25
25
25
25
26
26
26
26
26
26
26
26
26
26
26
27
27
27
27
27
27
27
27
27
27
27
66
66
66
66
66
68
68
68
68
68
70
70
71
71
71
71
72
72
72
72
73
73
73
73
73
74
74
74
74
75
75
75
75
76
76
76
76
76
77
77
77
77
78
78
78
78
79
79
79
79
79
80
80
80
80
81
81
81
81
82
82
82
82
82
83
83
83
83
84
84
84
84
85
85
85
85
85
86
86
86
86
86
86
86
86
87
95
95
95
95
95
95
95
95
95
95
96
96
96
97
97
97
97
97
97
97
97
97
97
97
97
98
98
98
98
98
98
98
99
99
99
99
100
100
101
101
101
101
101
101
102
102
102
102
102
102
102
103
103
103
103
103
103
103
103
103
103
103
104
104
104
104
105
105
105
106
106
106
106
107
107
107
107
107
107
107
107
108
108
108
108
108
108
108
108
108
108
108
109
110
110
110
111
120
120
120
120
120
120
120
120
120
121
121
121
121
121
122
122
122
123
123
123
123
123
123
123
123
123
123
123
123
127
127
127
127
127
127
127
128
128
128
128
129
129
129
129
129
129
129
129
129
130
130
130
130
130
130
130
130
130
130
130
131
131
131
132
133
135
135
135
135
135
136
136
136
136
136
136
136
137
137
137
137
138
138
138
138
138
138
138
138
138
138
138
138
139
139
139
139
139
139
139
140
140
140
140
140
140
140
140
140
141
142
142
143
143
143
143
143
143
143
144
145
146
146
146
146
147
147
147
147
147
147
147
147
148
148
148
148
148
148
148
148
148
148
148
149
149
149
149
150
150
150
150
150
150
150
150
150
150
150
151
151
151
151
151
151
151
151
151
151
151
152
152
152
153
162
162
162
162
162
162
162
162
162
163
163
163
163
163
164
164
164
165
165
165
165
165
165
165
165
165
165
165
165
166
166
166
166
166
166
166
167
167
167
167
167
167
167
167
167
168
168
168
168
169
169
169
169
169
169
169
169
170
170
170
170
170
170
170
170
170
170
170
171
171
171
171
172
172
172
172
172
172
172
172
172
172
172
173
173
173
173
173
173
173
173
173
173
173
174
175
175
175
176
184
184
184
184
184
185
185
185
185
185
186
186
186
187
187
187
187
187
187
187
188
188
188
188
188
189
189
189
189
189
189
189
190
190
190
190
190
190
190
190
190
190
190
191
191
191
191
192
192
192
193
193
193
193
194
194
194
194
195
195
195
195
195
195
195
195
195
195
195
196
197
197
197
198
199
200
