17
17
17
17
17
17
17
17
17
17
17
17
17
17
17
19
19
19
19
19
19
19
21
21
21
21
21
21
21
21
21
21
21
22
22
22
22
22
22
22
22
22
22
22
22
22
23
23
23
23
23
23
23
23
23
23
23
23
23
23
23
28
28
28
28
28
28
29
29
29
29
30
30
30
30
32
32
32
32
32
32
32
32
39
39
39
39
39
39
39
39
39
39
40
40
40
40
40
40
40
41
41
41
41
41
41
42
49
49
49
49
49
49
49
49
49
49
50
50
50
50
50
51
51
51
51
51
51
52
59
59
59
59
59
59
59
59
59
59
60
60
60
60
60
60
60
61
61
61
61
61
61
62
64
64
64
64
64
64
65
65
65
66
68
68
68
68
68
68
69
69
69
70
72
72
72
72
72
72
73
73
73
74
76
76
76
76
76
76
77
77
77
78
80
80
80
80
80
80
81
81
81
82
84
84
84
84
84
84
85
85
85
85
85
85
85
86
88
88
88
88
88
88
88
88
88
88
88
89
89
89
89
89
89
89
90
90
90
90
90
90
90
90
90
90
90
90
90
90
91
92
92
92
92
93
93
93
93
93
93
93
94
96
96
96
96
96
96
96
96
97
97
97
97
97
97
97
98
98
98
98
98
98
98
98
98
98
98
98
99
100
100
100
100
101
101
101
101
101
101
101
102
104
104
104
104
105
105
105
106
106
106
107
107
107
107
108
108
108
108
108
108
108
108
108
108
108
108
108
108
108
109
111
111
111
111
112
112
112
113
113
113
114
114
114
115
115
115
115
116
116
116
116
116
116
116
116
116
116
116
116
116
116
116
116
116
117
119
119
119
119
119
119
120
120
120
120
120
120
120
120
120
120
120
120
120
121
123
123
123
123
123
123
123
123
124
124
124
124
124
124
124
125
125
125
126
128
128
128
128
128
128
128
128
128
128
129
129
129
130
132
132
132
132
132
132
132
132
133
133
133
133
133
133
133
133
133
133
133
133
133
133
133
133
133
133
133
133
134
136
136
136
136
136
136
137
137
137
137
137
137
137
138
138
138
138
138
138
138
139
140
140
140
140
140
140
140
140
140
140
140
140
140
141
143
143
143
143
143
143
144
144
144
145
146
147
