17
17
17
17
17
17
17
17
17
17
17
17
17
19
19
19
19
19
19
19
19
19
19
19
19
19
20
20
20
20
20
20
20
20
20
20
20
20
20
24
24
24
24
24
24
26
26
26
26
26
26
26
26
26
26
26
26
26
26
28
28
28
28
28
28
28
28
29
29
29
29
29
29
29
29
29
29
29
30
32
32
32
32
32
32
32
32
33
33
33
33
33
33
33
34
36
36
36
36
36
36
36
36
36
36
36
37
37
37
37
37
37
37
37
37
38
40
40
40
40
40
40
40
40
40
40
41
41
41
41
41
41
41
41
41
41
42
44
44
44
44
44
44
44
44
44
44
44
45
45
45
45
46
46
46
46
46
47
47
47
47
47
47
48
50
50
50
50
50
50
50
50
50
50
50
51
51
51
51
51
51
51
51
51
51
51
51
51
51
51
52
54
54
54
54
54
54
54
54
54
54
54
55
55
55
55
55
55
55
55
55
55
55
55
55
55
55
56
58
58
58
58
58
58
58
58
58
58
58
59
59
59
59
59
59
59
59
59
59
59
59
59
59
59
60
62
62
62
62
62
62
62
62
62
62
62
63
63
63
63
63
63
63
63
63
63
63
63
63
63
63
64
66
66
66
66
66
66
66
66
66
66
66
67
67
67
67
68
68
68
68
68
69
69
69
69
69
69
70
72
72
72
72
72
72
72
72
72
72
72
73
73
73
73
74
74
74
74
74
75
75
75
75
75
75
76
78
78
78
78
78
78
78
78
78
78
78
79
79
79
79
80
80
80
80
80
81
81
81
81
81
81
82
84
84
84
84
84
84
84
84
84
84
84
85
85
85
85
85
85
85
85
86
86
86
86
86
86
86
86
86
86
86
86
86
86
87
87
87
87
87
87
87
87
87
87
87
87
87
87
87
88
90
90
90
90
90
90
90
90
90
90
90
91
91
91
91
91
91
91
91
91
91
91
91
91
91
91
92
94
94
94
94
94
94
94
94
95
95
95
95
95
95
95
95
95
95
96
98
98
98
98
98
98
98
98
99
99
99
99
99
99
99
99
99
99
100
102
102
102
102
102
102
102
102
102
102
102
102
102
103
103
103
103
103
103
103
103
103
103
103
103
104
106
106
106
106
106
106
106
106
106
106
106
106
106
107
107
107
107
107
107
107
107
107
107
107
107
107
107
107
108
110
110
110
110
110
110
110
110
110
110
111
111
111
111
111
111
111
111
111
111
112
114
114
114
114
114
114
114
114
114
114
115
115
115
115
115
115
115
115
115
115
116
118
118
118
118
118
118
118
118
118
118
119
119
119
119
119
119
119
119
119
119
120
122
122
122
122
122
122
122
122
122
122
122
122
122
123
123
123
123
123
123
123
123
123
123
123
123
124
126
126
126
126
126
126
126
126
126
126
126
126
127
127
127
127
127
127
128
128
128
128
129
129
129
129
129
130
130
130
130
130
131
131
131
131
131
131
132
134
134
134
134
134
134
134
134
135
135
135
135
135
135
135
135
135
135
136
138
138
138
138
138
138
138
138
139
139
139
139
139
139
139
140
142
142
142
142
142
142
142
142
143
143
143
143
143
143
143
144
146
146
146
146
146
146
146
146
146
146
146
146
146
146
146
146
147
147
147
147
148
148
149
149
149
149
149
150
150
150
150
150
150
151
158
158
158
158
158
158
158
158
158
158
158
158
159
159
159
159
159
159
159
160
160
160
160
160
160
160
161
161
161
161
161
161
161
161
161
161
162
162
162
162
162
162
162
162
162
162
162
162
162
162
162
162
162
163
163
163
163
163
163
163
163
163
163
163
163
163
164
165
166
166
166
167
174
174
174
174
174
174
174
174
174
174
174
174
175
175
175
175
175
175
175
176
176
176
176
176
176
176
177
177
177
177
177
177
177
177
177
177
178
178
178
178
178
178
178
178
178
178
178
178
178
178
178
178
178
179
179
179
179
179
179
179
179
179
179
179
179
179
180
181
182
182
182
183
190
190
190
190
190
190
190
190
191
191
191
191
191
191
191
191
191
191
192
192
192
193
195
195
195
195
195
195
195
195
195
195
195
195
195
195
195
195
196
196
196
196
196
196
196
196
196
197
197
197
198
199
199
199
199
199
199
199
199
199
199
199
199
199
199
199
199
200
200
200
201
202
202
202
202
202
202
202
202
202
202
202
202
203
203
203
203
203
203
203
203
203
203
204
204
204
205
206
206
206
206
206
206
206
206
206
206
206
206
206
206
206
206
206
206
206
206
207
207
207
208
209
209
209
210
211
212
