17
17
17
17
17
17
17
17
17
17
17
17
17
19
19
19
19
19
19
19
19
19
19
19
20
20
20
20
20
20
20
20
20
20
20
21
21
21
21
21
21
21
21
21
21
21
22
22
22
22
22
22
22
22
22
22
22
27
27
27
27
27
27
31
31
32
32
32
32
33
33
33
33
34
34
34
34
35
35
35
35
36
36
36
36
37
37
37
37
38
39
39
39
39
39
39
39
39
39
39
40
40
40
40
40
40
40
40
40
40
40
40
40
40
40
40
40
41
41
41
42
43
43
43
43
43
43
43
43
43
43
43
44
44
44
44
44
44
44
44
44
44
44
44
44
44
45
45
45
46
47
47
47
47
47
47
47
47
47
47
47
48
48
48
48
48
48
48
48
48
48
48
48
48
48
49
49
49
50
51
51
51
52
57
57
58
58
58
58
58
58
58
58
58
58
58
58
58
59
59
59
59
59
59
59
59
59
59
60
60
60
60
60
60
60
60
60
60
60
60
60
60
60
60
61
61
61
62
63
63
63
63
63
63
63
63
63
63
63
64
64
64
64
64
64
64
64
64
64
64
64
64
64
64
64
64
65
65
65
66
67
67
67
67
67
67
67
67
67
67
67
68
68
68
68
68
68
68
68
69
69
70
70
70
70
70
70
70
70
70
71
71
71
72
73
73
73
73
73
73
73
73
73
73
73
73
73
74
74
74
75
76
77
