18
18
18
18
18
18
18
18
18
18
18
18
18
20
20
20
20
20
20
20
21
21
21
21
21
21
21
22
22
22
22
22
22
22
23
23
23
23
23
23
23
24
24
24
24
24
24
24
25
25
25
25
25
25
25
26
26
26
26
26
26
26
28
28
28
28
28
28
28
28
28
28
28
28
28
29
29
29
29
29
29
29
29
29
29
29
29
29
39
39
39
39
40
40
40
41
56
56
56
56
56
56
56
56
56
57
57
57
57
58
58
58
58
59
59
59
59
60
60
60
60
61
61
61
61
62
62
62
62
63
63
63
63
63
69
69
69
69
69
69
69
69
69
69
70
70
70
70
70
70
70
71
71
71
72
73
73
73
73
73
73
74
74
74
74
74
74
74
74
74
74
75
75
75
75
75
75
75
75
75
75
75
75
75
76
76
76
76
76
76
76
76
76
76
76
76
76
77
77
77
77
77
78
78
78
79
79
79
79
79
79
79
79
80
80
80
81
81
81
81
81
81
81
81
82
82
82
83
83
83
83
83
83
83
83
84
84
84
85
85
85
85
85
85
85
85
86
86
86
87
87
87
87
87
87
87
87
88
88
88
89
89
89
89
89
89
89
89
90
91
92
93
93
93
94
99
99
99
99
99
99
99
99
99
99
100
100
100
101
101
101
101
101
101
101
101
101
101
101
101
101
101
101
101
102
102
102
102
102
102
102
102
102
102
103
103
103
104
105
106
106
106
107
113
113
113
113
113
113
113
113
113
113
113
113
113
113
114
114
114
114
114
114
114
115
115
116
117
117
117
117
117
117
117
117
117
117
117
120
120
120
120
120
120
120
120
120
120
120
121
121
121
121
121
121
121
123
123
123
124
124
124
124
124
124
124
125
126
129
129
129
129
132
132
132
132
135
135
135
135
138
138
138
138
140
140
140
140
145
145
145
145
145
146
146
146
146
146
146
146
147
147
147
147
147
147
147
148
173
173
174
174
174
174
174
174
174
174
174
175
175
175
175
175
177
177
177
177
177
177
177
177
177
177
178
178
178
178
178
178
178
178
178
178
179
179
179
179
179
179
179
180
180
180
180
180
180
180
180
180
181
181
181
181
181
181
181
181
181
182
182
182
182
182
182
182
182
182
183
183
183
184
184
184
184
184
184
184
184
184
185
188
188
188
188
188
188
188
188
188
188
189
189
189
189
189
189
189
191
191
191
191
191
191
191
191
191
191
192
192
192
192
192
192
192
193
193
193
193
193
193
193
194
195
195
195
195
195
195
195
197
197
197
197
197
197
197
197
197
199
199
199
199
199
199
199
199
199
199
200
205
205
205
205
205
205
206
206
206
207
212
212
212
212
212
212
213
213
213
213
213
213
213
214
218
218
218
218
218
218
219
219
219
220
224
224
224
224
224
224
225
225
225
225
225
225
225
226
230
230
230
230
230
230
231
231
231
231
231
231
231
231
231
232
237
237
237
237
237
237
237
237
238
238
238
238
238
238
238
238
238
238
238
239
243
243
243
243
243
244
244
244
245
264
264
265
265
265
265
265
265
265
265
265
265
265
266
266
266
266
266
266
266
266
266
266
267
267
267
267
267
267
267
267
268
287
287
287
287
287
287
287
287
287
287
287
287
287
287
287
288
288
288
288
288
288
288
288
288
288
288
288
288
289
289
289
289
289
289
289
289
289
291
291
291
291
291
293
293
293
293
293
293
293
294
294
294
294
294
294
294
294
294
294
294
294
294
295
295
295
295
295
295
295
295
295
295
295
296
296
296
296
296
299
299
299
299
299
299
299
299
299
299
299
300
310
310
310
310
310
310
310
310
310
310
310
310
310
310
310
310
310
310
311
311
311
311
311
311
311
311
311
311
312
312
312
312
312
312
312
312
312
312
312
312
312
312
312
313
313
313
313
313
313
313
314
314
314
314
314
314
314
315
315
315
315
315
315
315
315
315
315
315
316
316
316
316
316
316
316
316
316
316
317
317
317
317
317
317
317
317
317
317
317
319
319
319
319
319
319
319
319
319
319
319
319
319
319
319
319
319
319
319
320
320
320
320
320
320
320
321
321
321
321
321
321
321
321
321
321
322
322
322
322
322
322
322
322
322
322
322
322
323
324
324
324
324
324
324
324
325
325
325
326
327
329
329
329
329
329
329
329
329
329
329
330
330
330
330
330
330
330
330
330
330
330
338
338
338
338
338
338
338
338
338
338
338
338
338
338
338
338
338
338
338
338
338
338
338
339
339
339
339
340
340
340
340
340
341
341
341
341
341
341
341
341
341
341
341
342
342
342
342
342
342
342
343
344
344
344
344
344
344
344
345
345
345
345
345
345
345
346
346
346
347
352
352
352
352
352
352
352
352
352
352
352
352
352
353
353
353
353
353
353
353
354
354
354
354
354
354
354
355
355
355
355
355
355
355
355
355
355
355
355
356
356
356
357
357
357
357
357
357
357
357
357
357
358
359
359
359
359
359
359
359
359
359
360
360
360
361
361
361
361
361
361
362
363
363
363
363
363
363
363
363
363
363
363
364
369
369
369
369
369
369
369
369
370
370
370
370
370
370
371
376
376
376
376
376
376
376
376
376
376
376
376
376
377
377
377
377
377
377
377
378
378
378
378
378
378
378
379
379
379
379
379
379
379
379
379
379
379
379
380
380
380
381
381
381
381
381
381
381
381
381
381
382
383
383
383
383
383
383
383
383
383
384
384
384
385
385
385
385
385
385
386
387
387
387
387
387
387
387
387
387
387
387
388
395
395
395
395
395
395
395
395
395
396
396
396
396
396
396
396
396
396
397
397
397
397
397
397
397
398
398
398
398
398
398
398
398
398
399
400
400
400
400
400
400
400
400
400
401
401
401
401
401
401
401
401
401
402
402
402
402
402
402
402
402
402
403
404
405
406
