17
17
17
17
17
17
17
17
17
19
19
19
19
19
19
19
20
20
20
20
20
20
20
21
21
21
21
21
21
21
21
21
22
22
22
22
22
22
22
22
22
23
23
23
23
23
23
23
23
23
23
23
24
24
24
24
24
24
24
24
24
25
25
25
25
25
25
25
25
25
27
27
27
27
27
27
27
27
27
27
27
32
32
32
32
32
32
32
32
32
32
32
32
32
32
33
34
34
34
34
34
34
36
36
36
36
36
36
37
37
37
37
37
37
39
39
39
39
39
39
39
39
39
39
39
39
39
39
39
39
39
39
39
41
41
41
41
41
43
43
43
43
43
43
43
43
43
44
44
44
44
44
44
44
44
44
46
46
46
46
46
48
48
48
48
49
49
49
49
51
51
52
52
52
52
52
52
52
52
52
52
52
52
52
52
52
52
52
52
54
54
54
54
54
54
54
54
54
54
54
54
54
54
54
54
54
54
54
54
54
54
54
54
54
56
56
56
56
56
56
57
59
59
59
59
60
61
61
61
61
61
62
64
64
64
64
64
64
65
66
66
66
66
66
66
67
67
67
67
67
67
67
67
67
67
67
67
68
68
68
68
68
68
68
68
68
68
68
68
69
69
69
69
69
69
69
70
75
75
76
76
76
76
76
77
78
78
80
80
80
80
80
80
80
81
81
81
81
81
81
82
84
84
84
84
84
85
85
85
85
85
85
85
85
85
85
85
85
85
85
85
85
85
85
85
85
85
86
86
86
86
86
86
86
86
86
86
86
86
86
86
86
86
86
86
86
87
88
89
89
89
89
89
89
91
91
91
91
91
91
91
91
91
91
92
92
92
92
92
92
92
92
92
92
92
93
93
93
93
93
93
93
94
95
95
96
96
96
96
96
96
96
99
99
99
99
100
101
102
105
105
106
106
106
106
106
107
108
108
108
108
108
108
108
108
109
109
109
110
113
113
114
114
114
114
114
115
116
116
116
116
116
116
116
116
116
116
117
120
120
121
121
121
121
121
122
123
123
123
123
124
124
124
124
124
124
124
124
124
124
124
124
125
125
125
125
125
125
125
125
126
126
126
126
126
126
126
126
127
127
127
127
127
127
127
127
127
127
127
127
127
127
127
128
128
128
128
128
128
128
128
128
128
128
129
129
129
129
129
129
129
129
129
129
129
129
129
129
129
129
129
130
131
143
143
143
143
143
143
143
144
145
