1
1
1
1
1
1
1
1
1
1
1
3
3
3
3
3
3
3
3
3
4
4
4
4
4
4
4
6
6
6
6
6
6
6
6
6
6
6
7
7
7
7
7
7
7
7
7
7
7
8
8
8
8
8
8
8
8
8
8
8
8
8
9
9
9
9
9
9
9
9
9
9
9
9
9
10
10
10
10
10
10
10
10
10
10
10
10
10
10
10
11
11
11
11
11
11
11
11
11
11
11
11
11
12
12
12
12
12
12
12
12
12
12
12
12
12
12
12
22
22
22
23
23
24
24
25
26
26
26
26
26
26
26
26
29
29
29
29
29
30
30
30
30
30
30
30
30
30
30
30
30
30
31
31
31
31
31
31
31
31
31
31
31
31
31
31
31
31
31
31
32
32
32
32
32
32
32
33
33
39
39
39
39
39
39
39
39
42
42
42
42
44
44
44
44
44
45
45
45
45
45
46
48
48
48
48
48
48
48
49
49
49
49
50
58
58
58
58
58
58
58
58
59
59
59
59
60
68
68
69
69
69
69
69
69
69
70
71
71
71
71
71
71
71
71
71
71
71
71
72
72
72
72
72
72
72
74
74
74
74
74
74
74
74
74
74
75
75
75
75
75
76
78
78
78
78
78
78
78
78
78
79
79
79
79
79
79
79
79
79
79
79
79
79
79
79
80
80
80
80
80
81
82
82
82
82
82
82
82
82
82
82
82
82
82
82
82
82
82
82
83
86
86
86
86
86
87
87
87
87
87
88
89
89
89
90
92
92
93
93
93
93
93
93
93
94
95
95
95
95
95
95
95
95
95
95
95
95
96
96
96
96
96
96
96
97
97
97
97
97
97
97
97
97
98
98
98
98
98
98
98
98
98
100
100
100
100
100
100
100
100
100
100
100
100
100
100
100
100
100
100
100
101
101
101
101
101
102
103
103
103
103
103
103
103
103
103
104
105
105
105
105
105
105
105
105
106
114
114
115
115
115
115
115
115
115
115
115
115
115
115
115
116
117
117
117
117
117
117
117
117
117
117
117
117
118
118
118
118
118
118
118
119
119
119
119
119
119
119
120
122
122
122
122
122
122
122
122
122
122
122
122
123
123
123
123
123
123
123
124
124
124
124
124
124
124
125
126
126
126
127
136
136
137
137
137
137
137
137
137
137
137
137
137
137
137
138
138
138
138
138
138
138
139
139
140
148
148
149
149
149
149
149
149
149
149
149
149
149
149
149
150
151
151
151
151
151
151
151
151
151
151
151
151
152
152
152
152
152
152
152
153
153
153
153
153
153
153
153
153
153
153
153
153
153
153
154
155
155
155
156
158
158
159
159
159
159
159
159
159
159
159
159
159
159
159
160
161
161
161
161
161
161
161
161
161
161
161
161
162
162
162
162
162
162
162
163
163
163
163
163
163
163
163
163
163
163
163
163
163
163
164
165
165
165
166
168
168
169
169
169
169
169
169
169
169
169
169
169
169
169
169
170
170
170
170
170
170
170
170
170
170
170
170
171
171
171
171
171
171
171
172
172
172
172
172
172
172
172
172
172
172
172
172
172
172
173
174
174
174
175
183
183
184
184
184
184
184
184
184
185
186
186
186
186
186
186
186
186
187
187
187
187
187
187
187
188
188
188
188
188
188
188
188
188
189
189
189
189
189
189
189
190
190
190
190
190
190
190
190
190
190
191
191
191
191
191
192
193
194
195
195
195
196
198
198
199
199
199
199
199
199
199
200
201
201
201
201
201
201
201
201
202
202
202
202
202
202
202
203
203
203
203
203
203
203
203
203
204
204
204
204
204
204
204
205
205
205
205
205
205
205
205
205
205
206
206
206
206
206
207
208
209
210
210
210
211
223
223
224
224
224
224
224
224
225
225
225
225
225
225
226
234
234
234
234
234
234
234
235
236
236
236
236
236
236
236
236
236
236
236
236
237
237
237
237
237
237
237
238
238
238
238
238
238
238
238
238
238
238
238
238
238
238
238
238
238
239
240
240
240
241
242
243
