17
17
17
17
17
17
17
17
17
19
19
19
19
19
19
19
20
20
20
20
20
20
20
21
21
21
21
21
21
21
21
21
22
22
22
22
22
22
22
22
22
23
23
23
23
23
23
23
23
23
23
23
25
25
25
25
25
25
25
25
25
25
25
30
30
30
30
30
30
30
30
30
30
30
30
30
30
31
32
32
32
32
32
32
34
34
34
34
34
34
35
35
35
35
35
35
36
36
36
36
36
38
38
38
38
38
38
38
38
38
39
39
39
39
39
39
39
39
39
41
41
41
41
41
43
43
43
43
44
44
44
44
46
46
47
47
47
47
47
47
47
47
47
47
47
47
47
47
47
47
47
47
49
49
49
49
49
49
49
49
49
49
49
49
49
49
49
49
49
49
49
49
49
49
49
49
49
51
51
51
51
51
51
52
54
54
54
54
55
56
56
56
56
56
57
59
59
59
59
59
59
60
61
61
61
61
61
61
62
62
62
62
62
62
62
62
62
62
62
62
63
63
63
63
63
63
63
63
63
63
63
63
64
64
64
64
64
64
64
65
70
70
71
71
71
71
71
72
73
73
75
75
75
75
75
75
75
76
76
76
76
76
76
77
79
79
79
79
79
80
80
80
80
80
80
80
80
80
80
80
80
80
80
80
80
80
80
80
80
80
81
81
81
81
81
81
81
81
81
81
81
81
81
81
81
81
81
81
81
82
83
84
84
84
84
84
84
86
86
86
86
86
86
86
87
88
88
89
89
89
89
89
89
89
92
92
92
92
93
94
95
98
98
99
99
99
99
99
100
101
101
101
101
101
101
101
101
102
102
102
103
106
106
107
107
107
107
107
108
109
109
109
109
109
109
109
109
109
109
110
113
113
114
114
114
114
114
115
116
116
116
116
117
117
117
117
117
117
117
117
117
117
117
117
118
118
118
118
118
118
118
118
119
119
119
119
119
119
119
119
120
120
120
120
120
120
120
120
120
120
120
120
120
120
120
121
121
121
121
121
121
121
121
121
121
121
122
122
122
122
122
122
122
122
122
122
122
122
122
122
122
122
122
123
124
136
136
136
136
136
136
136
137
138
