18
18
18
18
18
18
18
18
18
18
18
20
20
20
20
20
20
20
21
21
21
21
21
21
21
32
32
32
32
33
34
34
34
34
34
34
34
34
35
35
35
35
35
43
43
43
43
43
43
43
44
45
45
45
45
45
45
45
45
45
45
45
46
46
46
46
46
46
47
61
61
61
61
61
61
61
61
62
63
63
63
63
63
63
63
64
71
71
72
72
72
72
72
73
74
74
74
74
74
74
74
74
74
75
75
75
75
75
75
75
77
77
77
77
77
77
77
79
79
79
79
79
79
79
79
81
81
81
81
81
81
81
81
82
83
83
83
83
83
83
83
84
84
84
84
84
84
84
84
84
84
84
86
86
86
86
86
86
86
86
87
88
88
88
88
88
88
88
89
89
89
89
89
89
89
89
89
89
89
90
91
91
91
91
91
91
91
92
94
94
94
94
94
94
94
95
95
95
95
95
95
95
97
97
97
97
97
97
97
98
100
101
