19
19
19
19
19
19
19
19
19
19
19
19
19
30
30
30
30
30
30
42
42
42
42
42
42
43
43
43
43
43
43
43
44
44
44
44
45
46
47
47
47
47
47
48
48
48
48
49
49
49
49
50
50
50
50
51
51
51
51
52
64
64
64
64
64
65
65
65
65
66
66
66
66
67
69
69
69
69
69
69
69
70
70
70
70
70
71
71
71
71
72
79
79
79
79
86
86
86
86
93
93
93
93
93
93
93
93
100
100
100
100
100
100
112
112
112
112
112
112
113
113
113
113
113
113
114
114
114
114
114
114
114
115
116
116
116
116
116
117
117
117
117
117
118
118
118
118
118
118
118
118
118
118
118
118
118
118
118
118
118
119
119
119
119
119
119
119
119
119
119
119
119
120
120
120
120
120
120
120
120
120
121
122
122
122
122
122
122
122
122
122
122
122
122
122
122
122
122
122
122
122
122
123
123
123
123
123
123
123
123
123
123
123
123
123
123
123
124
125
125
125
125
125
125
125
125
125
125
125
125
125
125
125
125
125
125
125
125
126
126
126
126
127
128
128
128
128
128
128
129
130
130
130
130
130
131
131
131
131
131
131
131
132
132
132
132
132
132
132
132
132
132
132
132
132
132
132
133
133
133
133
133
133
133
133
133
133
134
134
134
134
134
134
134
134
134
135
135
135
135
135
135
135
136
136
137
138
138
138
138
138
138
138
138
138
139
139
139
139
139
139
140
141
141
141
141
141
141
141
141
141
141
141
141
141
141
141
141
141
141
142
142
142
142
142
142
143
143
143
143
143
143
143
143
143
144
144
144
144
144
144
144
144
145
145
145
146
146
146
146
146
146
146
146
147
148
148
148
148
149
149
149
150
155
155
155
155
155
155
155
155
155
155
155
155
155
165
165
165
165
165
165
165
165
166
166
166
166
166
166
166
166
167
167
167
168
168
168
168
168
168
168
168
168
168
168
168
168
168
168
168
168
168
168
169
169
169
169
169
169
169
169
169
170
171
171
171
172
172
173
173
173
174
174
174
174
174
174
174
175
175
176
176
176
177
177
177
177
177
177
177
178
178
179
179
179
180
180
180
180
180
180
180
181
181
182
182
182
183
183
183
183
183
183
183
184
184
185
185
185
186
186
186
186
186
186
186
187
187
188
188
188
189
189
189
189
189
189
189
190
190
191
191
191
192
192
192
192
192
192
192
193
193
194
194
194
195
195
195
195
195
195
195
196
196
197
197
198
198
198
198
198
198
198
198
198
198
198
198
198
198
198
198
198
198
198
198
199
199
199
199
199
199
199
199
199
199
199
199
199
199
200
200
200
200
200
200
200
200
200
200
200
200
200
200
200
200
200
200
200
200
200
200
200
200
200
200
201
201
201
202
202
202
202
202
202
202
203
204
204
205
206
207
207
207
207
207
207
207
208
210
211
