18
18
18
18
18
18
18
18
18
20
20
20
20
20
20
20
20
20
20
20
20
20
20
22
22
22
22
22
22
22
23
23
23
23
23
23
23
24
24
24
24
24
24
24
25
25
25
25
25
25
25
26
26
26
26
26
26
26
27
27
27
27
27
27
27
37
37
37
37
37
37
43
43
43
43
43
43
47
47
47
47
47
47
47
47
47
47
56
56
56
56
56
56
56
56
56
57
57
57
57
57
57
57
58
58
58
59
68
68
68
68
68
68
68
68
68
69
69
69
69
69
69
69
70
70
70
71
73
73
73
73
73
73
74
74
74
75
76
79
79
79
79
79
79
79
79
82
82
82
82
82
82
82
82
82
82
82
82
82
82
82
85
85
85
85
85
85
85
85
85
85
85
85
85
85
85
90
90
90
90
90
92
99
99
99
99
99
99
99
99
99
100
100
100
100
100
100
100
101
108
108
108
108
108
108
108
108
108
109
109
109
109
109
109
109
110
117
117
117
117
117
117
117
117
117
118
118
118
119
126
126
126
126
126
126
126
126
127
127
127
127
127
127
127
127
127
127
128
137
137
138
138
138
138
138
138
138
138
138
139
139
139
139
139
139
139
139
139
139
139
140
149
149
150
150
150
150
150
150
150
150
150
151
151
152
152
152
152
152
152
153
153
153
153
153
153
153
153
154
154
154
154
154
154
154
154
154
154
154
154
154
154
154
154
154
154
154
155
155
155
156
157
169
169
169
169
169
169
169
169
169
170
170
170
170
170
170
170
170
170
172
172
172
172
172
172
172
172
172
173
173
173
173
173
173
173
173
173
173
174
174
174
174
174
174
174
174
174
174
174
174
174
175
175
175
175
175
175
175
175
175
175
175
177
177
177
177
177
177
177
177
177
177
177
177
177
177
177
177
177
177
177
178
178
178
178
178
178
178
178
178
178
178
178
178
180
180
180
180
180
180
180
180
180
180
180
180
180
180
181
182
183
185
185
185
186
198
198
198
198
198
198
198
198
198
199
199
199
199
199
199
199
199
199
201
201
201
201
201
201
201
201
201
202
202
202
202
202
202
202
202
202
202
202
202
202
202
202
202
202
202
202
202
202
202
202
202
202
203
203
203
203
203
203
203
203
203
203
203
203
203
204
204
204
204
204
204
204
204
204
204
204
206
206
206
206
206
206
206
206
206
206
206
206
206
206
206
206
206
206
206
207
207
207
207
207
207
207
207
207
207
207
207
207
209
209
209
209
209
209
209
209
209
209
209
209
209
209
210
211
212
214
214
214
215
222
222
222
222
222
222
222
222
223
223
223
223
223
223
223
223
223
223
224
232
232
232
232
232
232
232
232
232
233
233
233
233
233
233
233
233
233
233
233
234
243
243
243
243
243
243
243
243
243
243
243
243
243
244
244
244
244
244
244
244
244
244
244
244
244
244
245
254
254
254
254
254
254
254
254
254
255
255
255
255
255
255
255
256
256
256
257
258
258
258
258
258
258
258
258
258
258
258
259
259
259
259
259
259
259
259
259
259
259
259
260
270
270
270
270
270
270
270
270
270
270
270
270
270
271
271
271
271
271
271
271
271
271
272
272
272
272
272
272
272
272
272
273
281
281
281
281
281
281
281
281
281
282
282
282
282
282
282
282
282
282
283
292
292
292
292
292
292
292
292
292
292
292
292
292
293
293
293
293
293
293
293
293
293
293
293
294
302
302
302
302
302
302
302
302
302
302
302
303
303
303
303
303
303
303
303
303
303
303
304
313
313
313
313
313
313
313
313
313
313
313
314
314
314
314
314
314
314
314
314
314
314
314
314
314
316
316
316
316
316
316
316
316
316
317
317
317
317
317
317
317
317
317
317
318
318
318
318
318
318
318
318
318
318
318
319
320
322
322
322
322
322
322
322
322
322
322
322
322
322
322
322
322
323
331
331
331
331
331
331
331
331
331
331
331
332
332
332
332
332
332
332
332
332
333
344
344
344
344
344
344
344
344
344
344
344
345
345
345
345
345
345
345
345
345
345
345
346
357
357
357
357
357
357
357
357
357
357
357
358
358
358
358
358
358
358
359
359
359
360
361
361
361
361
361
361
361
361
361
362
362
362
362
362
362
362
363
363
363
364
365
365
365
365
365
365
365
365
365
365
365
365
365
365
366
377
377
377
377
377
377
377
377
377
377
377
378
378
378
378
378
378
378
378
378
379
405
405
405
405
405
405
405
405
405
406
406
406
406
406
406
406
406
406
406
406
407
416
416
416
416
416
416
416
416
416
417
417
417
417
417
417
417
417
418
426
426
426
426
426
426
426
426
426
427
427
427
427
427
427
427
427
427
428
435
435
435
435
435
435
435
435
435
436
436
436
436
436
436
436
437
445
445
445
445
445
445
445
445
446
446
446
446
446
446
446
446
446
447
447
447
447
447
447
447
447
447
448
448
448
448
448
448
448
448
448
448
448
448
448
448
448
448
448
448
448
448
448
448
448
448
448
449
449
449
450
452
453
453
453
454
455
456
