6
6
6
6
6
6
6
6
6
8
8
8
8
8
8
8
8
8
8
8
8
8
8
9
9
9
9
9
9
9
9
9
9
9
9
9
9
10
10
10
10
10
10
10
10
10
10
10
10
10
10
11
11
11
11
11
11
11
11
11
11
11
11
11
11
12
12
12
12
12
12
12
12
12
12
12
12
12
12
13
13
13
13
13
13
13
13
13
13
13
13
13
13
14
14
14
14
14
14
14
14
14
14
14
14
14
14
15
15
15
15
15
15
15
15
15
15
15
15
15
15
16
16
16
16
16
16
16
16
16
16
16
16
16
16
17
17
17
17
17
17
17
17
17
17
17
17
17
17
18
18
18
18
18
18
18
18
18
18
18
18
18
18
19
19
19
19
19
19
19
19
19
19
19
19
19
19
20
20
20
20
20
20
20
20
20
20
20
20
20
20
21
21
21
21
21
21
21
21
21
21
21
21
21
21
22
22
22
22
22
22
22
22
22
22
22
22
22
22
23
23
23
23
23
23
23
23
23
23
23
23
23
23
24
24
24
24
24
24
24
24
24
24
24
24
24
24
25
25
25
25
25
25
25
25
25
25
25
25
25
25
26
26
26
26
26
26
26
26
26
26
26
26
26
26
27
27
27
27
27
27
27
27
27
27
27
27
27
27
28
28
28
28
28
28
28
28
28
28
28
28
28
28
29
29
29
29
29
29
29
29
29
29
29
29
29
29
30
30
30
30
30
30
30
30
30
30
30
30
30
30
32
32
32
32
32
32
32
33
33
33
33
33
33
33
34
34
34
34
34
34
34
35
35
35
35
35
35
35
36
36
36
36
36
36
36
37
37
37
37
37
37
37
38
38
38
38
38
38
38
39
39
39
39
39
39
39
41
41
41
41
41
41
41
41
41
41
41
42
42
42
42
42
42
42
42
42
42
42
43
43
43
43
43
43
43
43
43
43
43
44
44
44
44
44
44
44
44
44
44
44
45
45
45
45
45
45
45
45
45
45
45
45
45
46
46
46
46
46
46
46
46
46
46
46
47
47
47
47
47
47
47
47
47
47
47
48
48
48
48
48
48
48
48
48
48
48
49
49
49
49
49
49
49
49
49
49
49
50
50
50
50
50
50
50
50
50
50
50
51
51
51
51
51
51
51
51
51
51
51
52
52
52
52
52
52
52
52
52
52
52
53
53
53
53
53
53
53
53
53
53
53
54
54
54
54
54
54
54
54
54
54
54
55
55
55
55
55
55
55
55
55
55
55
56
56
56
56
56
56
56
56
56
56
56
57
57
57
57
57
57
57
57
57
57
57
58
58
58
58
58
58
58
58
58
58
58
59
59
59
59
59
59
59
59
59
59
59
60
60
60
60
60
60
60
61
61
61
61
61
61
61
63
63
63
63
63
63
64
65
65
65
65
65
65
65
65
65
65
65
65
65
65
65
67
67
67
67
69
69
69
69
69
69
71
71
71
71
71
71
73
73
73
73
73
73
75
75
75
75
75
75
76
76
76
76
77
77
77
77
79
79
79
79
79
79
81
81
81
81
81
81
82
82
82
82
82
82
84
84
84
84
84
84
86
86
86
86
87
87
87
87
89
89
89
89
89
89
89
89
89
91
91
91
91
93
93
93
93
93
93
93
93
93
95
95
95
95
95
95
96
97
97
97
97
97
97
97
99
99
99
99
99
99
100
102
102
103
103
103
103
103
103
103
104
105
105
105
105
105
105
106
108
108
109
109
109
109
109
110
111
111
111
112
114
114
115
115
115
115
115
116
117
117
117
118
120
120
121
121
121
121
121
122
123
123
123
123
123
123
123
124
126
126
126
126
126
127
128
128
128
128
129
130
130
130
130
130
130
130
131
133
133
133
133
133
133
133
133
133
133
133
133
134
134
134
134
134
134
134
134
134
134
134
134
134
134
136
136
136
136
136
136
136
136
136
137
137
137
137
137
137
137
137
137
139
139
139
139
139
139
139
139
139
139
139
139
139
139
139
139
141
141
141
141
141
141
141
142
143
143
143
143
143
143
143
143
143
143
143
143
143
145
145
145
145
145
145
145
145
145
145
145
145
145
147
147
147
147
148
149
149
149
149
149
149
149
149
149
149
149
149
149
150
152
153
154
154
154
154
154
154
154
154
154
154
154
155
156
156
156
156
156
157
158
158
158
158
158
158
158
158
158
158
158
159
160
162
162
162
162
162
162
162
162
162
162
162
162
162
163
164
164
164
164
164
164
164
164
164
164
165
166
166
166
166
166
166
166
166
166
166
166
166
166
168
168
168
168
168
168
168
168
168
168
168
168
168
170
171
172
172
172
172
172
172
172
172
172
172
172
173
174
174
174
174
174
175
176
176
176
176
176
176
176
176
176
176
176
177
178
179
181
181
181
181
181
181
181
182
184
184
184
184
184
184
184
185
186
186
186
186
186
186
187
188
188
188
188
188
188
188
189
190
192
192
192
192
192
192
192
193
194
194
194
194
194
194
195
196
196
196
196
196
196
196
197
198
200
200
201
201
201
201
201
202
203
203
203
204
206
206
207
207
207
207
207
208
209
209
209
209
210
211
211
211
211
211
211
211
212
214
214
214
214
214
214
216
216
216
216
216
216
216
216
218
218
218
218
218
218
220
220
220
220
221
221
221
221
222
222
222
222
224
224
224
224
226
226
226
226
228
228
228
228
230
230
230
230
232
232
232
232
233
233
233
233
235
235
235
235
235
235
235
236
238
238
239
239
239
239
239
240
241
241
241
241
242
244
244
244
244
244
244
244
245
246
246
246
246
246
248
249
250
250
250
250
250
250
250
250
250
250
250
251
252
252
252
252
252
253
254
254
254
254
255
256
256
256
256
256
256
256
256
256
257
257
257
257
257
257
257
257
257
257
257
257
257
258
260
260
260
260
260
260
260
260
260
260
260
260
260
260
260
260
260
260
260
261
263
263
263
264
266
266
267
267
267
267
267
268
269
269
269
270
272
272
273
273
273
273
273
274
275
275
275
276
278
278
279
279
279
279
279
280
281
281
281
281
281
281
282
282
282
282
282
282
282
283
285
285
285
285
285
285
285
286
287
287
287
287
288
289
289
289
289
289
289
289
289
289
290
292
292
292
292
292
292
292
292
294
294
294
294
294
294
294
294
294
294
294
294
294
294
296
296
296
296
296
296
297
298
298
299
301
302
303
303
303
303
303
303
303
303
303
305
305
305
305
305
305
306
307
307
307
307
307
307
307
308
309
310
310
310
310
310
311
312
312
312
312
312
312
312
312
312
312
313
314
314
314
314
314
314
314
314
314
315
316
317
317
317
317
317
318
319
319
319
319
319
319
319
319
319
319
319
319
319
319
319
319
319
319
319
320
321
321
321
321
321
322
323
323
323
323
324
324
324
324
324
324
325
325
325
325
325
325
325
325
327
327
328
328
328
329
329
329
329
329
329
329
329
329
329
329
330
331
331
331
331
331
332
334
334
334
334
334
334
334
334
334
334
334
335
335
335
335
335
335
335
335
335
336
337
339
339
339
339
339
340
341
341
341
341
341
341
341
341
341
341
341
341
341
341
341
341
341
342
342
342
342
342
342
342
342
342
342
342
342
342
342
342
342
342
343
343
343
343
343
343
343
343
343
343
343
343
343
343
343
343
343
344
344
344
344
344
344
344
344
344
344
344
344
344
344
344
344
344
345
347
347
348
348
348
348
348
348
348
348
348
348
349
350
350
350
350
352
352
352
352
355
355
355
355
355
355
357
357
357
357
357
357
359
359
359
359
359
361
361
361
361
362
363
363
363
363
364
366
366
366
366
368
368
368
368
368
368
369
371
371
371
371
371
371
371
372
373
373
373
373
373
373
373
373
373
374
376
376
376
376
376
376
376
377
378
378
378
378
378
378
378
378
378
378
378
378
378
378
380
380
380
380
380
380
380
380
380
380
382
382
382
382
382
384
384
384
384
384
384
384
384
384
384
384
384
384
384
385
386
386
386
386
386
386
386
386
386
387
388
388
388
388
388
388
388
388
388
389
390
390
390
390
390
390
390
390
390
390
391
392
392
392
392
392
392
392
392
392
393
394
394
394
394
394
394
394
394
394
394
395
396
396
396
396
396
396
396
396
396
397
398
398
398
398
398
398
398
398
398
398
399
400
400
400
400
400
400
400
400
400
401
402
402
402
402
402
402
402
402
402
402
403
404
404
404
404
404
404
404
404
404
405
406
406
406
406
406
406
406
406
406
406
407
408
408
408
408
408
408
408
408
408
409
410
411
412
412
412
412
412
412
412
412
412
412
412
412
412
412
412
412
413
413
413
413
413
413
413
414
415
416
417
418
418
418
418
418
418
418
418
418
418
420
420
420
420
420
420
420
420
420
420
420
420
420
421
422
422
422
422
422
422
422
422
422
423
424
425
426
426
426
426
426
426
426
427
428
429
431
431
431
431
431
431
431
432
433
433
433
433
433
433
433
433
433
435
435
435
435
435
435
435
435
435
435
436
436
436
436
436
436
436
436
436
436
438
438
438
438
438
438
439
440
440
440
440
440
440
440
442
442
442
442
442
442
443
444
444
444
444
444
444
444
444
444
444
445
445
445
445
445
445
445
445
445
445
445
445
446
446
446
446
446
446
446
446
446
446
446
446
448
448
448
448
448
448
448
448
448
448
448
448
448
449
450
451
452
453
453
453
453
453
453
453
453
453
453
453
454
455
457
457
457
457
457
457
457
457
457
457
458
459
459
459
459
459
459
459
459
459
459
459
459
459
459
459
459
460
462
462
462
462
462
462
462
462
462
462
462
462
462
462
462
462
463
464
464
464
464
464
464
464
464
464
464
464
464
464
464
464
466
466
466
466
466
466
466
467
469
469
469
469
469
469
469
469
469
469
470
471
471
471
471
471
471
471
471
471
471
471
471
471
471
473
473
473
473
473
473
473
473
473
473
475
475
475
475
475
475
476
477
477
477
477
477
477
477
477
477
477
477
479
479
479
479
479
479
479
479
479
479
479
480
481
483
483
483
483
483
483
483
484
485
485
485
485
485
485
485
485
485
485
485
485
485
487
487
487
487
487
487
487
487
487
487
487
489
489
489
490
492
492
492
492
492
492
492
492
492
492
493
494
494
494
494
494
494
494
494
496
496
496
496
496
496
496
498
498
498
498
498
498
498
499
501
501
501
501
501
501
501
501
501
501
502
503
503
503
503
503
503
503
505
505
505
505
505
505
505
505
505
505
505
505
505
505
507
507
507
507
507
507
507
507
507
507
509
509
509
509
509
509
510
511
511
511
511
511
511
511
512
513
514
516
516
516
516
516
516
516
516
516
516
516
516
516
516
518
518
518
518
518
518
518
518
518
519
520
520
520
520
520
520
520
522
522
522
522
522
522
522
524
524
524
524
524
524
524
525
526
527
528
528
528
528
528
528
528
528
528
529
530
532
532
532
532
532
532
532
532
532
532
532
532
532
532
533
535
535
535
535
535
535
535
535
535
535
536
537
537
537
537
537
537
537
537
537
537
537
537
537
537
539
539
539
539
539
539
539
539
539
539
541
541
541
541
541
541
542
543
543
543
543
543
543
543
545
545
545
545
545
545
546
547
547
547
547
547
547
547
548
549
550
551
551
551
551
551
551
551
551
551
551
551
551
551
552
553
554
555
556
556
556
556
556
556
556
556
556
557
558
560
560
560
560
560
560
560
560
560
560
560
560
560
561
562
562
562
562
562
562
562
562
562
562
564
564
564
564
564
564
565
566
566
566
566
566
566
566
567
568
569
570
570
570
570
570
570
570
570
570
571
572
574
574
574
574
574
574
574
574
574
574
574
574
574
574
574
574
574
574
574
574
574
575
576
576
576
576
576
576
576
576
578
578
578
578
578
578
578
578
578
578
580
580
580
580
580
580
581
582
582
582
582
583
584
584
584
585
586
586
586
586
586
586
586
588
588
588
588
588
588
588
588
588
588
588
588
588
589
589
589
589
589
589
589
590
590
590
590
590
591
592
592
593
593
593
594
594
594
595
595
595
596
596
596
597
597
597
598
598
598
599
599
599
600
601
601
601
601
601
601
601
602
602
602
602
602
602
602
602
602
602
604
604
604
604
604
604
604
604
604
604
604
604
604
605
605
605
605
605
605
605
606
606
606
606
606
607
608
608
609
609
609
610
611
611
611
611
611
611
611
611
611
611
612
612
612
612
613
613
613
613
613
613
613
613
613
614
615
615
616
616
617
617
618
619
620
622
622
622
622
622
622
622
622
622
622
623
624
624
624
624
624
624
624
624
624
624
624
624
624
624
626
626
626
626
626
626
626
626
626
627
628
628
628
628
628
628
628
628
628
628
628
628
628
628
628
629
629
629
629
629
629
629
630
632
632
632
632
632
632
633
634
634
634
634
634
634
634
634
634
636
636
636
636
636
638
638
638
638
638
638
638
638
638
638
638
638
638
639
640
640
640
640
640
640
640
640
640
640
640
640
640
642
642
642
642
642
642
643
644
644
644
644
644
644
644
644
644
645
646
647
648
648
648
648
648
648
648
649
650
651
652
653
653
653
653
653
653
653
653
653
653
653
653
653
654
658
658
658
658
659
660
662
662
662
662
662
662
662
663
664
664
664
664
664
664
664
664
664
664
664
664
664
664
666
666
666
666
666
666
667
668
668
668
668
668
668
668
668
668
668
668
669
669
669
669
669
669
669
669
669
669
669
669
669
670
671
673
673
673
673
673
673
673
675
675
675
675
675
675
675
675
675
677
677
677
677
677
677
677
677
677
678
679
