6
6
6
6
6
6
6
6
6
6
6
8
8
8
8
8
8
8
8
8
8
8
8
8
8
10
10
10
10
10
10
10
11
11
11
11
11
11
11
12
12
12
12
12
12
12
12
12
13
13
13
13
13
13
13
13
13
14
14
14
14
14
14
14
15
15
15
15
15
15
15
16
16
16
16
16
16
16
18
18
18
18
18
18
18
18
18
18
18
19
19
19
19
19
19
19
19
19
19
19
20
20
20
20
20
20
20
20
20
20
20
21
21
21
21
21
21
21
21
21
21
21
21
21
23
23
23
23
23
23
23
24
25
25
25
25
28
28
28
28
28
28
28
28
28
28
28
28
28
28
30
30
30
30
30
30
30
30
30
30
30
32
32
32
32
32
32
32
32
33
34
34
34
34
37
37
37
37
37
37
37
37
37
37
37
37
37
37
37
37
37
37
39
39
39
39
39
39
39
39
39
39
39
39
39
40
41
41
41
41
41
41
41
41
41
42
44
44
44
44
44
44
44
44
45
47
47
48
48
48
48
48
48
48
48
48
48
48
48
48
48
48
48
48
48
48
48
48
48
49
50
50
50
50
50
50
50
50
50
50
50
50
50
52
52
52
52
52
52
52
52
52
52
52
54
54
54
54
54
54
54
54
54
54
55
56
56
56
56
56
56
56
57
59
59
59
59
59
59
59
59
59
59
60
61
61
61
61
61
61
61
62
62
62
62
62
62
62
62
62
62
63
65
65
65
65
65
65
65
66
66
66
66
66
66
66
66
66
66
66
68
68
68
68
68
68
68
68
69
71
71
72
72
72
72
72
72
72
73
75
75
75
76
78
78
79
79
79
79
79
79
79
80
81
81
81
81
81
81
81
81
81
81
81
81
81
81
83
83
83
83
83
83
83
83
83
83
85
85
85
86
87
87
