18
18
18
18
18
18
18
18
18
18
18
18
18
19
19
19
19
19
19
19
20
20
20
20
20
20
20
20
20
22
22
22
22
22
22
22
22
22
22
22
22
22
23
23
23
23
23
23
23
23
23
23
23
23
23
24
24
24
24
24
24
24
24
24
24
24
24
24
31
31
31
31
31
32
34
34
34
34
34
35
35
35
37
37
37
37
37
38
38
38
43
43
43
43
43
43
44
45
45
46
46
46
48
48
48
48
48
58
58
58
58
59
60
60
60
60
60
61
75
75
75
75
75
75
75
76
77
77
77
77
77
77
77
77
77
78
78
78
78
78
79
79
79
79
79
79
79
80
80
80
80
81
81
82
82
82
83
83
83
83
83
83
83
84
84
84
84
84
84
84
84
84
85
85
85
85
85
85
85
85
85
85
85
85
85
85
86
94
94
95
95
95
95
95
95
96
96
96
96
97
97
97
97
98
98
99
99
99
100
112
112
113
113
113
113
113
113
113
113
114
115
115
115
115
115
115
115
115
115
116
116
116
116
116
116
116
118
118
118
118
118
118
118
119
120
120
120
120
120
120
120
120
120
120
120
120
120
120
120
120
121
121
121
121
121
121
121
121
121
122
122
122
122
122
122
122
122
122
123
123
123
123
123
123
123
123
123
124
125
126
126
126
126
126
126
126
126
126
126
126
126
127
128
128
128
128
128
128
129
131
132
133
133
133
133
133
133
133
133
133
133
133
133
134
135
135
135
135
135
135
136
138
139
141
141
141
141
141
141
141
141
141
141
141
141
141
141
141
141
141
141
141
141
142
143
143
143
144
145
145
145
145
145
145
145
148
148
148
148
148
148
148
148
148
149
150
150
150
150
150
150
150
150
150
151
151
151
151
151
151
151
152
153
154
155
155
155
155
155
155
155
155
155
156
156
156
156
156
156
157
158
158
158
158
158
158
158
158
158
158
158
158
159
160
161
161
161
162
163
163
163
164
166
167
