18
18
18
18
18
18
18
18
18
18
18
27
27
27
28
28
28
29
29
29
31
31
31
32
32
32
39
39
39
39
39
39
39
39
40
40
40
40
40
40
40
41
41
41
42
43
43
43
43
43
43
43
44
44
44
45
46
46
46
46
46
46
46
46
47
53
53
53
53
53
54
54
54
54
54
54
54
54
54
54
54
55
55
55
55
55
55
55
55
55
55
55
55
55
56
58
58
58
58
60
60
60
60
60
60
60
61
61
61
61
61
61
61
61
61
61
61
61
61
61
61
62
64
64
64
64
64
64
64
65
65
65
65
65
65
66
66
66
66
67
69
69
69
69
69
69
69
70
70
70
70
70
70
70
70
70
70
70
70
70
70
70
71
73
73
73
73
73
73
73
74
74
74
74
74
74
75
75
75
75
76
78
78
78
78
79
85
85
85
85
85
86
86
86
86
86
86
86
87
87
87
87
87
87
87
88
88
88
88
88
88
88
88
88
88
88
88
88
88
88
88
89
89
89
89
90
90
90
90
91
91
91
91
92
92
92
92
92
92
92
92
92
92
92
92
93
94
94
94
94
94
94
95
97
97
97
97
100
100
100
100
100
100
100
100
100
100
100
100
100
100
100
100
100
101
101
101
101
101
101
102
103
104
105
106
