6
6
6
6
6
6
6
6
6
8
8
8
9
10
10
10
11
12
12
12
12
12
13
13
15
15
15
15
17
17
17
17
18
18
18
18
19
19
19
19
20
20
20
20
22
22
22
22
24
24
24
24
26
26
26
26
26
26
26
26
26
26
26
26
26
26
26
27
28
28
28
28
29
29
29
29
29
29
30
30
30
30
30
30
31
31
31
31
31
31
32
32
32
32
32
32
33
35
35
35
35
35
35
35
36
37
37
37
37
37
37
38
40
40
40
40
40
41
42
42
42
43
45
45
45
45
45
46
47
47
47
48
50
50
50
50
50
51
52
52
52
53
55
55
55
55
55
56
57
57
57
58
60
60
60
60
60
60
60
61
62
62
62
62
62
62
64
64
64
64
64
64
64
64
65
67
67
67
67
67
68
69
69
69
70
72
72
72
72
72
73
74
74
74
75
77
77
77
77
77
78
79
79
79
80
81
81
