6
6
6
6
6
6
6
6
6
6
6
8
8
8
8
8
8
8
9
9
9
9
9
9
9
10
10
10
10
10
10
10
11
11
11
11
11
11
11
12
12
12
12
12
12
12
12
12
13
13
13
13
13
13
13
13
13
14
14
14
14
14
14
14
15
15
15
15
15
15
15
16
16
16
16
16
16
16
17
17
17
17
17
17
17
19
19
19
19
19
19
19
19
19
19
19
20
20
20
20
20
20
20
20
20
20
20
22
22
22
22
22
22
22
23
24
24
24
24
26
26
26
26
28
28
28
28
28
28
28
30
30
30
30
30
30
30
30
31
32
32
32
32
34
34
34
34
34
34
36
36
36
36
36
36
36
36
36
36
36
36
36
38
38
38
38
38
38
38
38
38
38
38
38
38
39
40
40
40
40
40
40
40
40
40
41
43
43
43
43
43
43
43
43
44
46
46
47
47
47
47
47
47
47
47
47
47
47
47
47
47
47
47
47
47
47
47
47
47
47
47
47
47
47
47
47
47
47
47
47
47
47
47
48
48
49
50
50
50
50
50
50
50
50
50
50
50
50
50
52
52
52
52
52
52
52
52
52
52
52
54
54
54
54
54
54
54
54
54
54
54
54
54
56
56
56
56
56
56
56
56
56
56
56
56
56
56
56
56
56
56
56
56
56
56
56
56
56
57
57
57
57
57
57
57
59
59
59
59
59
59
59
61
61
61
61
61
63
63
63
63
63
63
63
63
63
63
64
65
65
65
65
65
65
65
67
67
67
67
67
67
67
67
67
67
68
70
70
70
70
70
70
70
71
72
72
72
72
72
72
72
72
72
72
72
73
75
75
75
75
75
75
75
75
75
75
75
75
77
77
77
77
78
79
79
79
79
79
79
79
111
113
113
113
114
116
116
116
116
116
116
116
116
116
116
117
118
118
118
118
118
118
118
118
118
118
118
118
118
118
118
118
118
118
118
118
118
118
118
118
119
121
121
122
122
122
122
122
122
122
122
122
122
123
124
124
124
124
124
124
124
124
125
126
126
126
128
128
128
128
128
128
128
129
130
130
130
130
130
130
130
130
130
130
131
132
132
132
132
132
132
132
133
134
135
136
136
