6
6
6
6
6
6
6
6
6
8
8
8
8
8
8
8
8
8
8
8
8
8
8
9
9
9
9
9
9
9
9
9
9
9
9
9
9
10
10
10
10
10
10
10
10
10
10
10
10
10
10
11
11
11
11
11
11
11
11
11
11
11
11
11
11
12
12
12
12
12
12
12
12
12
12
12
12
12
12
13
13
13
13
13
13
13
13
13
13
13
13
13
13
14
14
14
14
14
14
14
14
14
14
14
14
14
14
15
15
15
15
15
15
15
15
15
15
15
15
15
15
16
16
16
16
16
16
16
16
16
16
16
16
16
16
17
17
17
17
17
17
17
17
17
17
17
17
17
17
18
18
18
18
18
18
18
18
18
18
18
18
18
18
19
19
19
19
19
19
19
19
19
19
19
19
19
19
20
20
20
20
20
20
20
20
20
20
20
20
20
20
21
21
21
21
21
21
21
21
21
21
21
21
21
21
22
22
22
22
22
22
22
22
22
22
22
22
22
22
23
23
23
23
23
23
23
23
23
23
23
23
23
23
24
24
24
24
24
24
24
24
24
24
24
24
24
24
25
25
25
25
25
25
25
25
25
25
25
25
25
25
27
27
27
27
27
27
27
27
27
27
27
27
27
27
28
28
28
28
28
28
28
28
28
28
28
28
28
28
29
29
29
29
29
29
29
29
29
29
29
29
29
29
30
30
30
30
30
30
30
30
30
30
30
30
30
30
31
31
31
31
31
31
31
31
31
31
31
31
31
31
32
32
32
32
32
32
32
32
32
32
32
32
32
32
33
33
33
33
33
33
33
33
33
33
33
33
33
33
34
34
34
34
34
34
34
34
34
34
34
34
34
34
37
37
37
37
37
37
37
38
38
38
38
38
38
38
39
39
39
39
39
39
39
41
41
41
41
41
41
41
41
41
41
41
42
42
42
42
42
42
42
42
42
42
42
43
43
43
43
43
43
43
43
43
43
43
44
44
44
44
44
44
44
44
44
44
44
45
45
45
45
45
45
45
45
45
45
45
46
46
46
46
46
46
46
46
46
46
46
47
47
47
47
47
47
47
47
47
47
47
48
48
48
48
48
48
48
48
48
49
49
49
49
49
49
49
49
49
51
51
51
51
51
52
53
53
53
53
53
53
53
53
53
53
53
53
53
53
53
55
55
55
55
55
55
55
55
55
55
55
55
55
55
57
57
57
57
57
57
57
57
57
58
59
59
59
59
59
59
59
61
61
61
61
61
61
61
62
62
62
62
62
62
62
63
63
63
63
63
63
63
64
64
64
64
64
64
64
65
65
65
65
65
65
65
66
66
66
66
66
66
66
67
67
67
67
67
67
67
68
68
68
68
68
68
68
69
69
69
69
69
69
69
70
70
70
70
70
70
70
71
71
71
71
71
71
71
72
72
72
72
72
72
72
73
73
73
73
73
73
73
74
74
74
74
74
74
74
75
75
75
75
75
75
75
76
76
76
76
76
76
76
77
79
79
80
80
80
80
80
81
82
82
82
82
82
82
83
85
85
86
86
86
86
86
86
86
87
88
88
88
88
88
88
88
88
88
88
88
88
89
90
91
92
92
92
92
92
92
92
92
92
92
92
93
94
94
94
94
94
94
94
94
94
95
96
97
97
97
97
97
98
99
99
99
99
99
99
99
99
99
99
99
99
99
99
99
100
101
102
104
104
104
104
104
104
104
104
104
104
105
106
106
106
106
106
107
107
107
107
107
108
108
108
108
108
110
110
110
110
110
110
110
110
110
110
110
111
112
112
112
112
112
112
112
112
112
113
113
113
113
113
113
113
113
113
113
113
113
113
113
115
115
115
115
116
117
117
117
118
119
119
119
119
119
119
119
119
119
120
120
120
120
120
120
120
120
120
121
121
121
121
121
121
121
121
121
122
122
123
125
125
125
126
129
129
129
129
130
130
130
130
131
131
131
131
133
133
134
136
136
136
137
138
138
138
138
138
138
138
138
138
138
138
138
138
138
139
140
140
140
140
140
140
140
140
140
140
142
142
142
142
142
142
143
144
144
144
144
144
144
144
144
144
144
144
144
144
144
144
144
144
144
146
146
146
146
146
146
146
146
146
146
147
148
148
148
148
148
148
148
148
148
148
149
149
149
149
149
149
149
151
151
151
151
151
151
151
152
153
154
156
156
157
159
159
159
160
161
161
161
161
161
161
161
162
162
163
165
165
165
166
167
167
167
167
167
167
167
167
167
167
169
169
169
169
169
169
169
169
169
170
171
171
171
171
171
171
171
172
173
174
175
175
175
175
175
175
175
175
175
176
178
178
179
181
181
182
182
182
182
182
183
183
184
185
186
188
188
189
189
189
189
189
189
189
189
189
189
189
189
190
191
191
191
191
191
191
191
192
193
194
