6
6
6
6
6
6
6
6
6
8
8
8
8
8
8
8
8
8
8
8
8
8
8
10
10
10
10
10
10
10
10
10
11
11
11
11
11
11
11
13
13
13
13
13
13
13
13
13
13
13
14
14
14
14
14
14
14
14
14
14
14
16
16
16
16
16
17
18
18
18
18
20
20
20
20
20
20
20
20
20
20
20
20
21
22
22
22
22
22
22
22
22
22
22
22
22
22
22
24
24
24
24
24
24
24
24
24
24
25
25
25
25
25
25
27
27
27
27
27
27
29
29
29
29
29
29
29
29
29
29
29
29
29
30
30
30
30
30
30
30
30
32
32
32
32
32
32
32
32
34
34
34
34
35
36
36
36
36
36
36
36
36
36
36
36
37
38
40
40
41
41
41
41
41
42
43
43
43
43
43
45
45
45
45
45
45
45
45
45
45
45
45
47
47
47
47
47
47
47
47
47
47
47
47
48
49
49
49
49
49
49
49
49
49
49
49
49
49
50
52
52
52
53
54
54
