6
6
6
6
6
6
6
6
6
8
8
8
8
8
8
8
10
10
10
10
10
10
10
10
10
10
10
11
11
11
11
11
11
11
11
11
11
11
12
12
12
12
12
12
12
12
12
12
12
13
13
13
13
13
13
13
13
13
13
13
15
15
15
15
16
17
17
17
17
18
19
21
21
21
21
21
21
21
21
21
21
21
22
23
23
23
23
23
23
25
25
25
25
25
25
25
25
25
25
25
25
25
25
25
25
27
27
27
27
27
27
27
28
29
29
29
29
29
29
29
30
31
33
33
33
33
33
33
33
33
33
33
33
34
35
35
35
35
35
35
35
35
35
35
35
35
37
37
37
37
37
37
37
38
39
39
39
39
39
39
39
40
42
42
42
42
42
42
42
42
42
42
42
42
44
44
44
44
44
44
44
45
46
46
46
46
46
46
46
46
46
46
46
47
48
48
48
48
48
48
48
49
50
51
52
52
