6
6
6
6
6
6
6
6
6
6
6
8
8
8
8
8
8
8
8
8
8
8
8
8
8
8
9
9
9
9
9
9
9
9
9
9
9
9
9
9
9
10
10
10
10
10
10
10
11
11
11
11
11
11
11
13
13
13
13
13
13
13
13
13
13
13
13
13
13
15
15
15
15
16
17
17
17
17
17
17
17
17
17
17
17
17
17
17
17
19
19
19
19
20
21
23
23
23
23
23
23
23
23
23
24
25
25
25
25
25
27
27
27
27
27
27
28
29
29
29
29
29
29
29
29
29
31
31
31
31
31
31
31
31
31
32
33
33
33
33
33
33
33
33
33
33
33
33
33
34
36
36
36
36
36
36
36
36
36
37
38
38
38
38
38
38
38
38
38
38
38
38
38
38
38
38
38
39
41
41
41
41
41
41
41
41
41
41
41
42
43
43
43
44
46
46
46
46
46
46
46
46
47
48
48
48
48
48
50
50
50
50
50
50
51
52
52
52
52
53
54
54
54
55
55
55
56
56
56
56
56
56
56
56
57
57
58
58
58
59
59
59
60
60
60
60
60
60
60
60
61
61
62
62
63
63
64
65
67
67
67
67
67
67
68
69
69
69
69
69
69
69
69
69
70
70
70
70
70
70
70
70
71
73
73
73
74
75
75
