6
6
6
6
6
6
6
6
6
8
8
8
8
8
8
8
8
8
8
8
8
8
8
9
9
9
9
9
9
9
9
9
9
9
9
9
9
10
10
10
10
10
10
10
10
10
10
10
10
10
10
11
11
11
11
11
11
11
11
11
11
11
11
11
11
12
12
12
12
12
12
12
12
12
12
12
12
12
12
13
13
13
13
13
13
13
13
13
13
13
13
13
13
15
15
15
15
15
15
15
15
15
16
16
16
16
16
16
16
17
17
17
17
17
17
17
18
18
18
18
18
18
18
19
19
19
19
19
19
19
19
19
23
23
23
23
23
23
23
23
23
23
23
24
24
24
24
24
24
24
24
24
24
24
24
24
25
25
25
25
25
25
25
26
26
26
26
26
26
26
28
28
28
28
28
28
28
28
29
33
33
33
33
34
34
34
34
36
36
36
36
36
36
37
37
37
37
37
37
39
39
39
39
39
39
39
39
39
39
39
39
39
39
40
40
40
40
40
40
40
40
40
40
40
40
40
40
42
42
42
42
42
42
44
44
44
44
44
44
46
46
46
46
46
46
46
46
46
46
46
46
46
46
46
48
48
48
48
48
48
48
48
48
49
50
50
50
50
50
50
51
51
51
51
51
51
52
54
54
54
54
54
55
56
56
56
56
56
58
58
58
58
58
58
58
58
58
59
60
60
60
60
60
60
61
62
62
62
62
63
63
64
65
67
67
67
68
70
70
70
70
70
71
72
72
72
73
75
75
75
75
75
76
77
77
77
78
80
80
80
80
80
81
82
82
82
82
82
83
85
85
85
85
85
85
85
86
87
87
87
87
87
87
88
90
90
90
90
90
91
92
92
92
93
95
95
95
95
95
95
95
96
97
97
97
97
97
97
98
100
100
100
100
100
101
102
102
102
102
102
103
105
105
105
105
105
105
105
105
105
105
105
105
105
106
107
107
107
107
107
107
107
107
107
107
108
110
110
110
110
110
110
110
110
110
110
110
110
110
110
110
110
111
112
112
112
112
113
114
114
114
114
114
114
114
114
114
114
114
114
114
114
114
115
117
117
117
117
117
117
118
119
119
119
119
119
119
119
119
119
119
119
119
119
119
119
119
119
121
121
121
121
121
121
122
123
123
123
123
123
123
123
123
123
123
123
123
123
124
125
127
127
127
128
130
130
130
130
130
131
132
132
132
133
135
135
135
135
135
135
135
135
135
135
135
135
135
135
135
135
135
135
135
136
137
137
137
137
138
139
139
139
139
139
139
139
139
139
139
139
139
139
140
142
142
142
142
142
142
142
143
144
144
144
144
145
146
146
146
146
146
146
146
146
146
147
149
149
149
149
149
149
149
149
149
149
149
149
149
149
151
151
151
151
151
151
152
153
153
153
153
153
153
153
153
153
154
155
156
157
157
157
157
157
157
157
157
157
158
159
160
162
162
162
162
162
163
164
164
164
164
164
164
164
164
165
165
165
165
165
165
165
165
165
165
165
165
165
165
165
165
165
165
165
165
165
165
165
165
165
165
165
165
165
165
166
166
166
166
166
166
166
166
166
166
166
166
166
166
166
168
168
168
168
168
168
168
169
171
171
172
172
172
172
172
173
174
174
174
174
174
175
177
177
177
177
177
178
179
179
179
180
182
182
182
182
182
183
184
184
184
184
184
184
184
184
186
186
186
186
186
186
186
186
186
186
186
186
186
186
186
186
186
186
187
188
188
188
188
188
188
188
188
188
188
188
188
188
188
188
188
189
191
191
191
191
191
191
191
193
193
193
193
193
193
193
194
196
196
196
196
196
197
198
198
198
198
198
198
198
198
200
200
200
200
200
200
200
200
200
200
200
200
200
200
200
200
200
200
201
202
202
202
202
202
202
202
202
202
202
202
202
202
202
202
202
204
204
204
204
204
204
204
205
206
206
206
206
206
206
206
206
206
206
206
206
206
206
206
206
206
207
208
210
210
210
210
210
210
210
212
212
212
212
212
212
212
213
215
215
215
215
215
216
217
217
217
218
220
220
220
220
220
220
220
221
222
222
222
222
222
222
223
224
224
224
224
224
224
224
225
226
227
228
228
228
228
228
228
228
229
230
232
232
232
232
232
232
232
232
233
234
234
234
234
234
234
234
234
234
234
234
234
234
236
236
236
236
236
236
236
236
236
236
236
236
236
236
236
236
236
236
236
236
237
237
237
237
237
237
237
239
239
239
239
239
239
239
239
239
239
239
239
239
239
239
239
239
239
239
239
240
240
240
240
240
240
240
242
242
242
242
242
242
242
242
242
242
242
242
243
243
243
243
243
243
243
243
243
243
243
243
245
245
245
246
248
248
248
248
248
248
248
249
250
250
250
250
250
252
252
252
252
253
254
254
254
254
254
254
254
254
254
254
254
254
254
254
254
254
254
255
257
257
257
257
257
257
257
257
257
258
259
259
259
259
259
259
259
259
259
259
259
260
261
261
261
261
262
262
263
264
266
266
266
267
269
269
269
269
269
269
269
269
270
271
271
271
271
271
271
271
273
273
273
273
273
273
273
273
273
273
273
273
274
274
274
274
274
274
274
274
274
276
276
276
277
279
279
280
280
280
280
280
280
280
281
282
282
282
282
282
282
282
282
282
282
282
282
282
282
282
282
283
285
285
286
286
286
286
286
287
288
288
288
288
288
288
288
288
288
289
291
291
292
292
292
292
292
292
292
293
294
294
294
294
294
294
295
296
296
296
297
298
299
300
300
300
300
300
300
300
300
300
300
300
300
300
300
301
302
303
304
