6
6
6
6
6
6
6
6
6
6
6
8
8
8
8
8
8
8
9
9
9
9
9
9
9
10
10
10
10
10
10
10
10
10
11
11
11
11
11
11
11
11
11
12
12
12
12
12
12
12
13
13
13
13
13
13
13
15
15
15
15
15
15
15
15
15
15
15
16
16
16
16
16
16
16
16
16
16
16
18
18
18
18
18
18
18
19
20
20
20
20
22
22
22
22
22
22
22
24
24
24
24
24
24
24
24
25
26
26
26
26
28
28
28
28
28
28
28
28
28
28
28
28
28
30
30
30
30
30
30
30
30
30
30
30
30
30
31
32
32
32
32
32
32
32
32
32
33
35
35
35
35
35
35
35
35
36
38
38
39
39
39
39
39
39
39
39
39
39
39
39
39
39
39
39
39
39
39
39
39
39
40
41
41
41
41
41
41
41
41
41
41
41
41
41
43
43
43
43
43
43
43
43
43
43
43
46
46
46
46
46
46
46
48
48
48
48
48
48
48
49
50
50
50
50
50
50
50
50
50
50
50
50
50
50
51
53
53
53
53
53
53
53
53
53
53
54
55
55
55
55
55
55
55
57
57
57
57
57
57
57
57
57
57
58
60
60
60
60
60
60
60
62
62
62
62
62
62
62
62
63
65
65
66
66
66
66
66
66
66
67
68
68
68
68
68
68
68
69
71
71
72
72
72
72
72
72
72
73
74
74
74
75
76
76
