18
18
18
18
18
18
18
18
18
18
18
20
20
20
20
20
20
20
21
21
21
21
21
21
21
22
22
22
22
22
22
22
23
23
23
23
23
23
23
24
24
24
24
24
24
24
25
25
25
25
25
25
25
26
26
26
26
26
26
26
27
27
27
27
27
27
27
28
28
28
28
28
28
28
29
29
29
29
29
29
29
31
31
31
31
31
31
31
31
31
32
32
32
32
32
32
32
32
32
33
33
33
33
33
33
33
33
33
34
34
34
34
34
34
34
34
34
35
35
35
35
35
35
35
35
35
36
36
36
36
36
36
36
36
36
37
37
37
37
37
37
37
37
37
38
38
38
38
38
38
38
38
38
40
40
40
40
40
40
40
40
40
40
40
40
40
41
41
41
41
41
41
41
41
41
41
41
41
41
42
42
42
42
42
42
42
42
42
42
42
42
42
43
43
43
43
43
43
43
43
43
43
43
43
43
54
54
54
54
54
54
63
63
63
63
63
63
63
63
64
64
64
64
64
64
64
64
67
67
67
67
67
67
67
67
67
67
67
67
67
67
67
67
67
67
69
69
69
69
69
69
69
69
71
71
71
71
71
71
71
71
74
74
74
74
74
74
74
74
76
76
76
76
76
76
76
76
78
78
78
78
78
78
78
78
80
80
80
80
80
80
80
80
82
82
82
82
82
82
82
82
84
84
84
84
84
84
84
84
86
86
86
86
86
86
86
86
88
88
88
88
88
88
88
88
91
91
92
92
92
92
92
94
94
95
95
95
95
95
97
97
98
98
98
98
98
100
100
101
101
101
101
101
103
103
103
103
103
105
105
105
105
105
107
107
107
107
107
107
109
109
109
109
111
111
111
111
113
113
113
113
113
113
115
115
115
115
115
115
118
118
118
118
121
121
121
121
124
124
124
124
124
124
127
127
127
127
127
127
132
132
132
132
132
132
132
132
132
132
135
135
135
135
138
138
138
138
141
141
141
141
148
148
148
148
148
149
149
149
149
149
149
149
150
157
157
157
157
157
157
157
157
158
158
158
158
158
158
158
159
168
168
168
168
168
168
168
168
168
168
168
168
169
169
169
169
169
169
169
170
170
170
170
170
170
171
179
179
179
179
179
179
179
179
180
180
180
180
180
180
180
181
189
189
189
189
189
189
189
189
190
190
190
190
190
190
190
191
201
201
201
201
201
201
201
201
201
201
201
201
202
202
202
202
202
202
203
203
203
203
203
203
204
204
204
204
204
205
205
205
205
205
206
207
217
217
218
218
218
218
218
218
218
218
220
220
220
220
220
221
221
221
221
222
222
222
222
223
224
224
224
224
224
224
226
226
226
226
226
226
227
227
227
227
228
228
228
228
229
230
246
246
249
249
250
250
250
250
250
250
250
250
250
250
250
250
251
251
251
252
252
252
252
252
252
252
252
252
252
252
252
252
253
267
267
268
268
268
268
268
268
268
268
268
268
268
268
268
268
268
269
269
269
269
269
269
269
269
269
269
269
270
270
270
270
270
271
271
271
271
271
271
271
272
272
272
272
272
272
272
272
272
274
274
274
274
274
274
274
275
275
275
275
275
275
275
278
278
278
278
278
278
279
279
279
279
279
279
279
280
280
280
280
280
280
280
281
282
282
282
282
282
282
282
283
283
283
283
283
283
283
284
285
285
285
285
285
285
285
286
286
286
286
286
286
286
287
288
288
288
288
288
288
289
291
291
291
292
313
313
313
313
313
313
313
313
313
313
313
313
313
314
314
314
314
314
314
314
314
315
315
315
315
315
315
315
316
316
316
317
319
319
319
319
319
319
319
319
319
319
321
321
321
321
322
322
322
322
322
323
323
323
323
323
323
323
323
323
323
323
323
323
324
324
324
324
324
324
324
324
325
328
328
328
328
328
328
328
328
328
328
328
328
328
328
328
328
328
328
328
328
328
328
336
336
336
336
336
337
337
337
337
337
337
337
337
337
337
337
337
337
337
337
337
337
337
337
337
337
337
338
338
338
339
340
340
340
340
340
340
340
340
340
340
340
340
340
340
340
340
340
340
340
340
340
340
340
340
341
341
341
342
344
344
344
344
344
344
344
344
344
344
344
344
344
344
344
344
344
344
344
345
345
345
346
348
348
348
348
348
348
348
348
348
348
348
348
348
348
348
348
349
349
349
350
356
356
356
356
356
356
356
357
357
357
357
357
357
357
358
359
359
359
359
359
359
359
359
362
362
362
362
362
362
362
363
363
363
363
363
363
363
364
365
365
365
365
365
365
365
365
365
366
366
366
366
366
366
366
366
366
367
368
368
368
368
368
368
368
368
368
369
369
369
369
369
369
369
369
369
370
371
372
373
374
383
383
383
383
383
383
383
383
383
383
384
384
384
384
384
384
384
384
384
384
384
384
385
386
386
386
386
386
386
386
386
386
386
387
388
389
390
390
390
390
390
391
391
391
392
394
394
394
394
394
394
394
394
394
394
394
395
395
395
396
397
397
397
397
397
397
397
397
397
397
398
400
400
400
400
400
400
400
400
400
401
401
401
401
401
401
401
401
401
401
402
402
402
403
403
403
403
403
403
403
403
404
406
406
406
406
406
406
406
406
406
407
407
407
407
407
407
407
407
407
408
409
409
409
409
409
409
409
409
409
410
410
410
410
410
410
410
410
410
411
412
412
412
412
412
412
412
412
412
413
413
413
413
413
413
413
413
413
413
413
413
413
413
413
414
420
420
420
420
420
420
420
421
421
421
421
421
421
421
422
424
424
424
424
424
424
424
424
424
424
424
424
424
424
424
424
424
424
424
426
426
426
426
426
426
426
426
426
427
427
427
427
427
427
427
427
427
427
427
427
427
427
427
427
427
427
427
427
427
427
427
428
430
430
430
430
430
430
430
430
430
430
430
430
430
430
430
430
430
430
431
432
432
432
432
432
432
432
433
433
433
434
436
436
436
436
436
436
436
436
436
436
436
436
436
436
436
437
438
438
438
438
438
438
438
439
439
439
440
441
443
443
443
443
443
443
443
443
443
443
443
443
444
446
446
446
446
446
446
446
446
446
446
448
448
448
448
448
448
448
450
450
450
450
451
451
451
451
451
451
451
451
452
452
452
452
452
452
452
452
452
452
452
453
455
455
455
455
455
455
455
455
455
455
455
456
467
467
467
467
467
467
467
467
468
468
468
469
476
476
476
476
476
476
476
476
476
477
477
477
477
477
477
477
477
478
479
479
479
479
479
479
479
479
479
479
480
480
480
481
482
483
483
483
484
493
493
493
493
493
493
493
493
493
493
493
494
494
494
494
494
494
494
495
495
495
495
495
495
495
495
495
495
496
496
496
496
496
496
496
496
496
496
496
496
496
496
496
496
496
496
496
496
496
497
498
498
498
499
511
511
512
512
512
512
512
512
512
513
514
514
514
514
514
514
515
515
515
515
515
515
515
516
516
516
516
516
516
517
518
518
518
518
518
519
519
519
519
519
520
530
530
530
530
530
530
530
530
530
530
530
530
531
532
532
532
532
532
532
533
534
534
534
534
534
534
534
534
534
534
534
534
534
535
536
536
536
536
536
536
537
545
545
545
545
545
545
545
545
545
545
546
546
546
546
546
546
546
546
546
546
546
547
547
547
547
547
547
547
547
547
550
550
550
550
550
550
550
550
550
550
550
551
551
551
551
551
551
551
551
551
552
553
563
563
563
563
563
563
563
563
563
563
564
565
565
565
565
565
565
565
565
566
577
577
577
577
577
577
577
578
579
579
579
579
579
579
579
579
579
591
591
591
592
602
602
602
602
602
602
602
602
602
602
602
602
603
604
604
604
604
604
604
605
606
606
606
606
606
606
606
606
606
606
606
606
606
607
608
608
608
608
608
608
608
608
609
619
619
619
619
619
619
619
619
619
619
619
619
620
621
621
621
621
621
621
622
623
623
623
623
623
623
623
623
623
623
623
623
623
624
625
625
625
625
625
625
625
625
626
636
636
636
636
636
636
636
636
636
636
636
636
637
638
638
638
638
638
638
639
640
640
640
640
640
640
640
640
640
640
640
640
640
641
642
642
642
642
642
642
642
642
643
653
653
653
653
653
653
653
653
653
653
653
653
653
654
654
654
654
654
654
654
654
654
654
654
655
655
655
655
655
655
656
657
657
657
657
657
657
657
657
657
657
657
657
657
657
657
657
658
658
658
658
658
658
658
658
658
659
659
659
659
659
659
659
659
659
660
661
680
680
680
680
680
680
680
680
680
680
680
680
681
681
681
681
681
681
681
682
682
682
682
683
684
684
684
684
684
684
684
684
684
685
685
685
685
685
685
686
687
687
687
687
687
687
687
687
687
687
687
687
687
687
688
688
688
688
688
688
688
688
688
689
690
690
690
690
690
690
690
690
690
690
691
691
691
691
691
692
692
692
692
692
693
693
693
694
694
694
694
694
694
694
694
694
695
695
695
695
695
695
695
695
695
696
696
696
696
697
698
706
706
706
706
706
706
706
706
706
706
706
706
706
707
707
707
707
707
707
707
707
707
707
707
708
708
708
708
708
708
708
708
709
709
709
710
712
712
712
712
712
712
712
712
712
712
712
712
712
712
712
712
712
712
713
719
719
719
719
719
719
720
720
720
720
720
721
729
729
729
729
729
729
729
729
730
730
730
730
730
730
730
731
731
731
731
731
731
731
731
731
731
731
731
732
733
733
733
734
742
742
742
742
742
742
742
742
743
743
743
743
743
743
743
744
744
744
744
744
744
744
744
744
744
744
744
745
746
746
746
747
758
758
758
758
758
758
759
759
759
759
759
759
759
760
760
760
760
760
760
760
760
760
760
760
760
761
762
762
762
763
771
771
771
771
771
772
773
773
773
774
781
781
781
781
781
781
782
782
782
783
791
791
791
791
791
791
792
792
792
792
792
792
792
793
793
793
793
793
793
793
793
793
793
793
793
794
795
795
795
796
803
803
803
803
803
803
804
804
804
805
814
814
814
814
814
814
815
815
815
815
815
815
815
816
816
816
816
816
816
816
816
816
816
816
816
817
818
818
818
819
827
827
827
827
827
827
828
828
828
828
828
828
828
829
829
829
829
829
829
829
829
829
829
829
829
830
831
831
831
832
838
838
838
838
838
838
838
838
839
839
839
839
839
839
839
840
840
840
840
840
840
840
840
840
840
840
840
840
840
840
840
840
841
842
853
853
853
853
853
854
855
855
855
856
864
864
864
864
864
864
864
864
864
864
865
866
866
866
866
866
866
866
867
867
867
868
869
869
869
869
869
869
869
869
869
869
869
869
869
870
884
884
884
884
884
884
884
884
884
884
884
884
884
885
885
885
885
885
886
886
886
886
886
887
887
887
887
887
887
887
887
887
887
887
887
887
888
888
888
888
888
888
888
889
889
889
889
889
889
889
889
889
889
889
890
890
890
890
890
890
890
891
891
891
891
892
893
894
894
894
895
908
908
909
909
909
909
909
909
909
909
909
909
909
909
909
909
909
910
910
910
910
910
910
910
910
910
910
910
910
910
912
912
912
912
912
912
912
912
912
912
913
913
913
913
913
913
913
913
913
914
914
914
914
914
914
914
914
914
915
916
916
916
916
916
916
917
917
917
917
918
918
918
918
918
919
919
919
920
920
920
920
920
920
920
920
920
920
920
920
921
921
921
921
921
922
922
922
923
923
923
923
923
923
923
923
923
923
923
923
924
925
925
925
926
933
933
933
933
933
933
933
933
933
934
934
934
934
934
934
935
942
942
942
942
942
942
942
942
942
942
942
943
943
943
943
943
943
943
943
944
951
951
951
951
951
951
951
951
951
951
951
952
952
952
952
952
952
952
952
953
959
959
959
959
959
959
959
959
959
960
960
960
960
960
960
961
972
972
972
972
972
972
972
972
973
974
974
974
974
975
983
983
983
983
983
983
983
983
984
985
985
985
985
986
994
994
994
994
994
994
994
994
994
995
995
995
995
995
995
996
1002
1002
1002
1002
1002
1002
1002
1002
1002
1003
1003
1003
1003
1003
1003
1004
1015
1015
1015
1015
1015
1015
1015
1015
1015
1016
1016
1016
1016
1016
1016
1017
1024
1024
1024
1024
1024
1024
1024
1024
1024
1025
1025
1025
1025
1025
1025
1026
1034
1034
1034
1034
1034
1034
1034
1034
1034
1035
1035
1035
1035
1035
1035
1036
1043
1043
1043
1043
1043
1043
1043
1043
1044
1044
1044
1044
1045
1045
1045
1045
1046
1046
1046
1046
1046
1046
1046
1046
1046
1047
1047
1047
1047
1047
1047
1047
1048
1048
1048
1048
1048
1048
1048
1051
1051
1051
1051
1051
1052
1052
1052
1052
1052
1053
1053
1053
1053
1053
1053
1053
1054
1055
1055
1055
1056
1056
1056
1056
1056
1056
1056
1057
1057
1057
1057
1057
1057
1057
1058
1060
1060
1060
1060
1060
1060
1060
1061
1061
1061
1061
1061
1061
1061
1062
1063
1063
1063
1063
1063
1063
1063
1064
1064
1064
1064
1064
1064
1064
1065
1066
1066
1066
1066
1066
1066
1069
1069
1069
1069
1070
1070
1070
1070
1070
1070
1070
1070
1071
1071
1071
1071
1071
1071
1071
1071
1071
1071
1071
1071
1072
1072
1072
1072
1072
1072
1072
1072
1073
1073
1073
1073
1073
1073
1073
1073
1073
1073
1073
1073
1075
1075
1075
1075
1075
1075
1075
1075
1075
1076
1076
1076
1076
1076
1076
1076
1076
1076
1076
1076
1076
1076
1076
1076
1076
1077
1077
1077
1077
1077
1077
1077
1078
1079
1087
1087
1087
1087
1087
1087
1087
1087
1087
1087
1087
1087
1087
1088
1088
1088
1088
1088
1088
1088
1089
1089
1089
1089
1089
1089
1090
1091
1091
1091
1091
1091
1091
1091
1092
1092
1092
1092
1092
1092
1093
1094
1096
1098
