17
17
17
17
17
17
17
17
17
19
19
19
19
19
19
19
19
19
20
20
20
20
20
20
20
20
20
20
20
21
21
21
21
21
21
21
21
21
22
22
22
22
22
22
22
22
22
23
23
23
23
23
23
23
23
23
23
23
24
24
24
24
24
24
24
24
24
24
24
26
26
26
26
26
26
26
26
26
27
27
27
27
27
27
27
28
28
28
28
28
28
28
28
28
30
30
30
30
30
30
30
30
30
30
30
30
30
30
31
31
31
31
31
31
31
31
31
31
31
31
31
31
36
36
36
36
36
37
38
38
38
38
38
38
40
40
41
41
41
41
41
41
41
41
41
41
41
41
41
41
41
41
43
43
43
43
43
43
43
43
43
47
47
47
47
47
47
47
47
47
47
47
47
47
47
47
47
47
48
48
48
48
48
48
48
48
48
48
49
50
52
52
52
52
52
53
53
53
53
55
55
56
56
57
58
60
60
60
60
60
60
61
61
61
61
61
62
64
64
65
65
65
65
65
65
65
65
65
65
65
65
65
65
65
65
65
65
65
66
66
66
66
68
68
68
68
68
68
68
68
68
68
68
68
68
68
68
68
71
71
71
71
71
71
71
71
71
71
71
71
71
71
71
71
71
71
71
72
72
72
72
72
72
72
73
73
73
73
73
73
73
73
73
73
73
73
73
73
73
73
73
74
74
74
74
74
74
74
74
74
74
74
74
74
74
74
74
75
75
75
75
75
75
75
75
75
76
77
77
77
77
77
77
77
77
77
77
77
78
78
78
78
78
79
79
79
79
79
79
79
79
79
79
80
80
80
80
80
80
80
80
80
80
80
80
80
80
80
80
80
81
81
81
81
81
81
81
81
83
86
86
86
86
86
86
86
86
86
86
88
88
90
90
90
90
91
91
91
91
91
91
91
91
91
91
91
91
91
93
93
93
93
93
93
93
93
93
94
94
94
94
94
94
94
94
94
94
94
94
94
94
95
95
95
95
96
96
97
97
97
97
97
97
97
97
97
97
98
98
98
98
98
98
98
98
98
98
98
98
99
99
99
99
99
99
99
99
100
100
100
100
100
100
101
101
101
101
101
101
102
102
102
102
102
102
102
102
102
102
102
102
102
102
102
102
102
103
103
104
104
104
104
104
104
105
106
106
109
109
109
109
109
109
109
109
109
109
109
109
109
109
110
110
110
110
111
111
112
112
112
112
112
112
112
112
112
112
113
113
113
113
113
113
113
113
113
113
113
113
114
114
114
114
114
114
114
114
115
115
115
115
115
115
116
116
116
116
116
116
117
117
117
117
117
117
117
117
117
117
117
117
117
117
117
117
117
118
118
119
119
119
119
119
119
120
122
122
122
122
122
122
122
122
123
123
123
124
127
127
127
127
127
127
127
128
128
128
128
128
128
128
129
129
129
129
129
129
129
131
131
131
131
133
133
133
133
135
135
135
135
137
137
137
137
138
139
139
139
139
139
139
141
141
141
141
141
141
141
141
141
141
141
141
141
142
142
142
142
142
142
142
143
143
143
144
146
146
146
147
149
149
150
150
150
150
150
151
154
154
154
154
154
154
154
154
155
155
155
155
155
155
155
155
155
155
155
155
155
155
155
155
156
156
156
156
156
156
156
156
156
157
157
157
157
157
157
157
157
157
157
157
157
157
157
157
157
157
157
157
159
159
159
159
159
162
162
162
162
162
162
162
163
164
164
164
164
164
164
164
164
165
165
165
165
165
165
165
165
166
166
166
166
166
166
166
167
167
167
167
167
167
167
168
168
168
168
168
168
168
169
170
170
171
171
171
171
171
172
173
174
174
174
174
174
174
174
174
174
175
175
175
175
175
175
175
175
176
178
178
178
179
181
181
181
182
184
184
184
184
184
184
184
184
184
184
184
185
185
185
185
185
185
186
186
186
187
187
187
187
187
187
187
187
187
187
187
188
188
188
188
188
188
188
188
188
188
188
188
188
188
188
189
189
189
189
189
189
189
189
190
190
190
190
191
191
191
191
191
192
192
192
192
192
192
192
192
192
192
192
192
192
192
193
193
193
194
196
196
196
196
196
196
196
196
196
196
196
196
196
197
197
197
197
197
197
197
198
198
198
198
198
198
198
198
199
199
199
199
199
199
199
199
199
199
200
202
202
202
202
202
202
202
202
202
202
202
204
204
204
204
204
205
205
205
205
205
205
205
205
206
206
206
206
206
206
206
206
206
206
206
207
207
207
207
207
207
207
207
207
207
207
207
207
207
207
207
207
208
208
208
208
208
208
208
208
211
213
213
213
214
215
216
