19
19
19
19
19
19
19
19
19
19
19
19
19
21
21
21
21
21
21
21
22
22
22
22
22
22
22
23
23
23
23
23
23
23
25
25
25
25
25
25
25
25
25
25
25
26
26
26
26
26
26
26
26
26
26
26
26
26
27
27
27
27
27
27
27
27
27
27
27
27
27
28
28
28
28
28
28
28
28
28
28
28
28
28
29
29
29
29
29
29
29
29
29
29
29
29
29
34
34
34
34
35
35
35
35
35
35
35
35
35
35
35
35
35
35
35
35
37
37
37
37
37
37
37
37
37
37
37
37
37
37
37
38
38
38
38
38
38
38
38
38
39
39
40
42
42
42
42
42
42
42
42
42
43
43
43
43
43
43
43
43
43
45
45
45
45
45
45
45
45
45
46
46
46
46
46
46
46
46
46
46
46
46
46
46
46
46
46
46
46
47
47
47
47
47
47
47
49
49
49
49
49
49
49
49
49
50
50
50
50
50
50
50
50
50
51
51
51
51
51
51
51
51
51
52
52
52
52
52
52
52
52
52
52
52
52
52
53
53
53
53
53
53
53
53
53
53
53
53
53
54
54
54
54
54
54
54
55
56
58
58
58
58
58
58
58
58
58
58
58
58
59
59
59
59
59
59
59
60
60
60
60
60
60
60
60
60
61
61
61
61
61
61
61
61
61
62
62
62
62
62
62
62
62
62
63
64
64
64
65
65
65
65
65
65
65
65
65
66
67
67
67
67
67
67
67
67
67
68
68
68
68
68
68
68
68
68
70
70
70
70
70
70
70
70
70
70
71
71
71
71
71
71
71
71
73
73
73
73
73
73
73
73
73
73
73
73
73
73
73
73
73
74
74
74
74
74
74
74
74
74
74
74
74
74
74
74
74
76
76
76
76
76
76
76
76
76
77
77
77
77
77
77
77
77
77
78
78
78
78
78
78
78
78
78
78
78
78
78
78
80
80
80
80
80
80
80
80
80
81
83
83
83
83
83
84
86
87
