1
1
1
1
1
1
1
1
1
1
1
20
20
20
20
20
20
20
21
21
21
21
21
21
21
22
22
22
22
22
22
22
24
24
24
24
24
24
24
24
24
24
24
40
40
40
40
40
40
41
43
43
43
43
43
43
43
43
45
45
45
45
45
45
45
45
58
58
58
58
58
58
58
58
58
58
59
60
60
60
60
60
60
60
60
60
60
61
76
76
76
76
76
76
76
76
76
76
76
76
76
76
77
79
79
79
79
79
79
79
80
81
81
81
81
82
84
84
84
84
84
84
84
84
84
85
85
85
85
85
85
85
85
85
86
86
86
86
86
86
86
87
87
87
87
87
87
87
87
87
87
88
88
88
88
88
88
88
89
89
89
89
89
89
89
91
91
91
91
91
91
91
91
91
92
92
92
92
92
92
92
92
92
92
100
100
100
100
100
100
100
100
100
100
104
104
104
104
104
104
104
106
106
106
106
106
106
106
107
107
107
107
107
107
107
109
109
109
109
109
109
109
109
109
109
112
112
112
112
112
112
112
112
112
112
112
112
112
112
113
114
114
114
114
114
114
114
115
118
118
118
118
118
118
118
118
118
118
118
119
128
128
128
128
128
129
130
130
130
131
139
139
139
139
139
139
139
139
140
141
141
141
141
141
141
142
144
145
