18
18
18
18
18
18
18
18
18
18
18
20
20
20
20
20
20
20
21
21
21
21
21
21
21
22
22
22
22
22
22
22
23
23
23
23
23
23
23
24
24
24
24
24
24
24
25
25
25
25
25
25
25
25
25
26
26
26
26
26
26
26
26
26
28
28
28
28
28
28
28
28
28
28
28
29
29
29
29
29
29
29
29
29
29
29
30
30
30
30
30
30
30
30
30
30
30
31
31
31
31
31
31
31
31
31
31
31
31
31
82
82
82
82
82
83
85
85
85
85
85
85
85
85
90
90
90
90
90
90
90
90
90
90
92
92
92
93
93
93
93
94
94
94
94
101
101
101
101
108
108
108
108
114
114
114
114
121
121
121
121
122
123
123
123
123
123
124
124
124
124
125
125
125
125
126
126
126
126
127
127
127
127
128
128
128
128
128
128
128
128
129
137
137
138
138
138
138
138
138
138
139
140
140
140
140
140
140
141
141
142
142
142
142
142
142
142
142
143
143
143
143
144
144
145
145
145
145
145
145
145
145
146
146
146
146
147
147
147
147
149
149
149
149
149
149
149
149
150
165
165
165
165
165
165
165
166
167
167
167
167
167
167
167
167
168
177
177
178
178
178
178
178
178
178
178
178
178
179
180
180
180
180
180
180
180
180
180
181
199
199
199
199
199
199
199
199
199
199
200
201
201
201
201
201
201
201
201
201
201
201
201
201
201
201
202
220
220
220
220
220
220
220
220
220
220
221
222
222
222
222
222
222
222
222
222
222
223
243
243
243
243
243
243
243
243
243
243
243
244
244
244
244
244
244
244
244
245
245
245
245
245
245
245
245
245
245
246
264
264
264
264
264
264
264
264
264
264
264
265
265
265
265
265
265
265
265
266
266
266
266
266
266
266
266
266
266
267
283
283
283
283
283
283
283
284
285
285
285
285
285
285
285
285
286
294
294
295
295
295
295
295
295
295
295
295
295
296
297
297
297
297
297
297
297
297
297
298
316
316
316
316
316
316
316
316
316
316
317
318
318
318
318
318
318
318
318
318
318
318
318
318
318
318
319
337
337
337
337
337
337
337
337
337
337
338
339
339
339
339
339
339
339
339
339
339
340
350
350
351
351
351
351
351
351
351
352
353
353
353
353
353
353
354
354
354
354
355
355
355
355
356
356
356
356
357
357
357
357
358
363
363
364
364
364
364
364
364
365
365
365
366
387
387
387
387
387
387
387
388
389
389
389
389
389
389
389
389
391
391
391
391
391
391
391
392
392
392
392
393
393
393
394
398
398
398
398
398
398
398
398
398
398
398
399
399
399
399
400
400
400
400
400
401
403
404
405
405
405
405
405
405
405
405
405
405
405
405
405
405
405
405
406
407
407
407
407
407
407
408
409
409
409
409
410
410
410
410
410
411
413
413
413
413
413
413
413
413
413
413
413
415
415
415
415
415
415
415
415
415
416
416
416
416
417
417
417
418
419
419
419
420
430
430
430
430
430
431
432
432
432
433
441
441
441
441
441
442
443
443
443
444
462
462
462
462
462
462
462
462
462
462
463
464
464
464
464
464
464
464
464
464
464
465
480
480
480
480
480
480
480
481
482
482
482
482
482
482
482
482
483
491
491
492
492
492
492
492
492
492
492
492
492
493
494
494
494
494
494
494
494
494
494
495
514
514
514
514
514
514
514
514
514
514
515
516
516
516
516
516
516
516
516
516
516
516
516
516
516
516
517
534
534
534
534
534
534
534
534
534
534
535
536
536
536
536
536
536
536
536
536
536
537
552
552
552
552
552
552
552
553
554
554
554
554
554
554
554
554
555
573
573
573
573
573
573
573
573
573
573
574
575
575
575
575
575
575
575
575
575
575
576
586
586
586
586
586
587
588
588
588
589
605
605
605
605
605
605
605
606
607
607
607
607
607
607
607
607
608
624
624
624
624
624
624
624
625
626
626
626
626
626
626
626
626
627
640
640
640
640
640
640
640
640
640
640
640
641
641
641
641
641
641
641
641
641
641
642
642
642
642
642
642
642
643
643
643
643
643
643
643
643
643
643
643
643
643
643
644
668
668
668
668
668
668
668
668
668
668
668
668
668
668
668
668
669
669
669
669
669
669
670
671
671
671
671
671
671
671
671
671
673
673
673
673
673
673
673
674
674
674
674
674
674
674
675
675
675
675
675
675
675
677
677
677
677
678
679
679
679
679
679
679
679
680
680
680
680
680
680
680
681
683
683
683
683
683
683
684
685
685
685
685
685
685
685
686
686
686
686
686
686
686
687
687
687
687
687
687
687
688
690
690
690
690
690
690
690
690
690
690
690
690
690
690
691
716
716
716
716
716
716
716
716
716
716
716
716
716
716
716
716
716
716
716
716
717
717
717
717
717
717
718
719
719
719
719
719
719
719
719
719
721
721
721
721
721
721
721
722
722
722
722
722
722
722
723
723
723
723
723
723
723
724
724
724
724
724
724
724
725
725
725
725
725
725
725
727
727
727
727
728
729
729
729
729
729
729
729
730
730
730
730
730
730
730
731
733
733
733
733
733
733
734
735
735
735
735
735
735
735
736
736
736
736
736
736
736
737
737
737
737
737
737
737
738
740
740
740
740
740
740
740
740
740
740
740
740
740
740
741
757
757
757
757
757
757
757
758
759
759
759
759
759
759
759
759
760
777
777
777
777
777
777
777
778
779
779
779
779
779
779
779
779
780
797
797
797
797
797
797
797
798
799
799
799
799
799
799
799
799
800
821
821
821
821
821
821
821
821
821
821
822
823
823
823
823
823
823
823
823
824
847
847
847
847
847
847
847
847
847
847
847
847
847
847
848
849
849
849
849
849
849
849
849
849
849
849
849
849
850
870
870
870
870
870
870
870
870
870
870
871
872
872
872
872
872
872
872
872
873
894
894
894
894
894
894
894
894
894
894
894
894
894
894
895
896
896
896
896
896
896
896
896
896
897
897
897
897
897
897
897
899
899
899
899
899
899
900
901
901
901
901
901
901
901
902
902
902
902
902
902
902
903
904
904
904
904
904
904
904
904
904
906
906
906
906
907
907
907
907
907
907
907
907
907
907
907
907
907
908
908
908
908
908
908
910
910
910
910
910
910
910
912
912
912
912
912
913
928
928
928
928
928
928
928
929
930
930
930
930
930
930
930
930
931
941
941
942
942
942
942
942
942
942
942
942
942
943
944
944
944
944
944
944
944
944
944
945
962
962
962
962
962
962
962
962
962
962
963
964
964
964
964
964
964
964
964
964
964
964
964
964
964
964
965
982
982
982
982
982
982
982
982
982
982
983
984
984
984
984
984
984
984
984
984
984
985
1009
1009
1009
1009
1009
1009
1009
1009
1009
1009
1009
1009
1009
1009
1009
1010
1010
1010
1010
1010
1010
1010
1010
1010
1010
1011
1011
1011
1011
1011
1011
1011
1012
1012
1012
1012
1012
1012
1012
1013
1013
1013
1013
1013
1013
1013
1013
1013
1013
1013
1013
1013
1013
1014
1036
1036
1036
1036
1036
1036
1036
1036
1036
1036
1036
1037
1037
1037
1037
1037
1037
1037
1037
1037
1037
1038
1039
1040
