17
17
17
17
17
17
17
17
17
19
19
19
19
19
19
19
19
19
29
29
29
29
30
30
30
30
31
31
31
31
32
32
32
32
34
34
34
34
34
34
34
35
35
35
35
35
35
36
36
36
36
36
36
37
37
37
37
37
37
38
40
40
40
40
40
40
41
41
41
41
42
44
44
44
44
44
44
44
45
45
45
46
46
46
47
49
49
49
49
49
49
49
50
50
50
51
51
51
51
51
51
51
51
51
51
51
51
51
51
52
52
52
52
53
54
56
56
56
56
56
56
56
57
57
57
57
57
57
57
57
57
57
58
58
59
61
61
61
61
61
61
61
62
62
62
62
63
63
63
65
65
65
65
66
67
69
69
69
69
69
69
70
70
71
71
71
71
71
71
71
72
72
72
72
72
73
73
73
73
73
73
73
74
74
74
74
74
74
74
75
76
77
78
