18
18
18
18
18
18
18
18
18
18
18
18
18
20
20
20
20
20
20
20
21
21
21
21
21
21
21
22
22
22
22
22
22
22
24
24
24
24
24
24
24
24
24
24
24
24
24
25
25
25
25
25
25
25
25
25
25
25
25
25
38
38
38
38
39
41
41
41
41
41
41
41
41
41
42
42
42
42
43
43
43
43
44
44
44
44
45
46
46
46
46
47
47
47
47
49
49
49
49
49
49
49
49
49
50
50
50
52
53
54
54
54
54
54
54
54
54
54
54
54
54
54
54
54
54
54
54
54
54
54
54
54
55
56
56
56
56
56
56
56
57
57
57
57
57
57
58
59
60
60
60
60
60
60
61
63
64
64
64
67
67
67
67
67
67
67
67
67
68
69
70
70
70
70
70
70
70
70
70
71
72
72
72
72
72
72
73
74
74
74
74
74
74
75
75
75
75
75
75
75
76
77
77
77
80
80
80
80
80
80
80
80
80
80
80
80
80
80
80
80
80
82
82
82
82
82
82
83
83
83
83
83
83
83
84
84
84
84
84
84
86
87
88
88
88
88
88
88
89
89
89
89
89
89
90
91
91
91
91
91
91
92
94
95
97
99
