18
18
18
18
18
18
18
18
18
18
18
18
18
20
20
20
20
20
20
20
21
21
21
21
21
21
21
22
22
22
22
22
22
22
23
23
23
23
23
23
23
24
24
24
24
24
24
24
25
25
25
25
25
25
25
26
26
26
26
26
26
26
28
28
28
28
28
28
28
28
28
28
28
28
28
29
29
29
29
29
29
29
29
29
29
29
29
29
38
38
38
38
38
38
38
38
46
46
46
46
46
46
46
46
46
46
46
46
46
46
46
46
46
46
46
46
46
46
46
46
46
46
46
46
46
47
47
47
47
47
47
47
47
47
52
52
52
52
52
52
52
52
52
52
53
53
53
53
53
53
53
54
54
54
55
56
56
56
56
56
56
57
57
57
57
57
57
57
57
57
57
58
58
58
58
58
58
58
58
58
58
58
58
58
59
59
59
59
59
59
59
59
59
59
59
59
59
60
60
60
60
60
61
61
61
62
62
62
62
62
62
62
62
63
63
63
64
64
64
64
64
64
64
64
65
65
65
66
66
66
66
66
66
66
66
67
67
67
68
68
68
68
68
68
68
68
69
69
69
70
70
70
70
70
70
70
70
71
71
71
72
72
72
72
72
72
72
72
73
74
75
76
76
76
77
82
82
82
82
82
82
82
82
82
82
83
83
83
84
84
84
84
84
84
84
84
84
84
84
84
84
84
84
84
85
85
85
85
85
85
85
85
85
85
86
86
86
87
88
89
89
89
90
96
96
96
96
96
96
96
96
96
96
96
96
96
96
97
97
97
97
97
97
97
98
98
99
100
100
100
100
100
100
100
100
100
100
100
103
103
103
103
103
103
103
103
103
103
103
104
104
104
104
104
104
104
106
106
106
107
107
107
107
107
107
107
108
109
112
112
112
112
115
115
115
115
118
118
118
118
121
121
121
121
123
123
123
123
128
128
128
128
128
129
129
129
129
129
129
129
130
130
130
130
130
130
130
131
151
151
152
152
152
152
152
152
152
152
152
153
153
153
153
153
155
155
155
155
155
155
155
155
155
155
156
156
156
156
156
156
156
156
156
156
157
157
157
157
157
157
157
158
158
158
158
158
158
158
158
158
159
159
159
159
159
159
159
159
159
160
160
160
160
160
160
160
160
160
161
161
161
162
162
162
162
162
162
162
162
162
163
165
165
165
165
165
165
165
165
165
165
166
166
166
166
166
166
166
168
168
168
168
168
168
168
168
168
168
169
169
169
169
169
169
169
170
170
170
170
170
170
170
171
172
172
172
172
172
172
172
174
174
174
174
174
174
174
174
174
176
176
176
176
176
176
176
176
176
176
177
182
182
182
182
182
182
183
183
183
184
189
189
189
189
189
189
190
190
190
190
190
190
190
191
196
196
196
196
196
196
197
197
197
198
203
203
203
203
203
203
204
204
204
204
204
204
204
205
210
210
210
210
210
210
211
211
211
211
211
211
211
211
211
212
217
217
217
217
217
217
217
217
218
218
218
218
218
218
218
218
218
218
218
219
224
224
224
224
224
225
225
225
226
242
242
243
243
243
243
243
243
243
243
243
243
243
244
244
244
244
244
244
244
244
244
244
245
245
245
245
245
245
245
245
246
261
261
261
261
261
261
261
261
261
261
261
261
261
261
261
262
262
262
262
262
262
262
262
262
262
262
262
262
263
263
263
263
263
263
263
263
263
265
265
265
265
265
267
267
267
267
267
267
267
268
268
268
268
268
268
268
268
268
268
268
268
268
269
269
269
269
269
269
269
269
269
269
269
270
270
270
270
270
273
273
273
273
273
273
273
273
273
273
273
274
284
284
284
284
284
284
284
284
284
284
284
284
284
284
284
284
284
284
285
285
285
285
285
285
285
285
285
285
286
286
286
286
286
286
286
286
286
286
286
286
286
286
286
286
286
286
286
286
286
286
287
287
287
287
287
287
287
288
288
288
288
288
288
288
288
288
288
288
289
289
289
289
289
289
289
289
289
289
290
290
290
290
290
290
290
290
290
290
290
292
292
292
292
292
292
292
292
292
292
292
292
292
292
292
292
292
292
292
293
293
293
293
293
293
293
294
294
294
294
294
294
294
294
294
294
295
295
295
295
295
295
295
295
295
295
295
295
296
297
297
297
297
297
297
297
298
298
298
299
300
302
302
302
302
302
302
302
302
302
302
303
303
303
303
303
303
303
303
303
303
303
311
311
311
311
311
311
311
311
311
311
311
311
311
311
311
311
311
311
311
311
311
311
311
312
312
312
312
312
312
312
312
312
312
312
312
312
312
312
312
312
312
312
312
313
313
313
313
313
313
313
314
315
315
315
315
315
315
315
316
316
316
316
316
316
316
317
317
317
318
324
324
324
324
324
324
324
324
324
324
324
324
324
325
325
325
325
325
325
325
326
326
326
326
326
326
326
327
327
327
327
327
327
327
327
327
327
327
327
328
328
328
329
329
329
329
329
329
329
329
329
329
330
331
331
331
331
331
331
331
331
331
332
332
332
333
333
333
333
333
333
334
335
335
335
335
335
335
335
335
335
335
335
336
341
341
341
341
341
341
341
341
342
342
342
342
342
342
343
349
349
349
349
349
349
349
349
349
349
349
349
349
350
350
350
350
350
350
350
351
351
351
351
351
351
351
352
352
352
352
352
352
352
352
352
352
352
352
353
353
353
354
354
354
354
354
354
354
354
354
354
355
356
356
356
356
356
356
356
356
356
357
357
357
358
358
358
358
358
358
359
360
360
360
360
360
360
360
360
360
360
360
361
368
368
368
368
368
368
368
368
368
369
369
369
369
369
369
369
369
369
370
370
370
370
370
370
370
371
371
371
371
371
371
371
371
371
372
373
373
373
373
373
373
373
373
373
374
374
374
374
374
374
374
374
374
375
375
375
375
375
375
375
375
375
376
377
378
379
