18
18
18
18
18
18
18
18
18
18
18
20
20
20
20
20
20
20
21
21
21
21
21
21
21
22
22
22
22
22
22
22
23
23
23
23
23
23
23
24
24
24
24
24
24
24
25
25
25
25
25
25
25
27
27
27
27
27
27
27
27
27
27
27
28
28
28
28
28
28
28
28
28
28
28
29
29
29
29
29
29
29
29
29
29
29
30
30
30
30
30
30
30
30
30
30
30
30
30
31
31
31
31
31
31
31
31
31
31
31
31
31
60
60
60
60
60
60
62
62
62
62
62
62
62
62
67
67
67
67
67
67
67
67
74
74
74
74
74
79
79
79
79
81
81
81
82
82
82
84
84
84
84
85
85
85
85
85
85
85
85
86
86
86
86
87
87
87
87
93
93
93
93
93
94
94
94
94
94
95
103
103
103
103
103
103
103
103
104
104
104
104
104
105
105
105
105
105
105
105
105
105
106
106
106
106
107
107
107
107
108
108
108
108
108
108
108
108
109
109
109
109
109
109
110
113
113
114
114
114
114
114
114
114
114
115
115
115
115
115
115
116
116
116
116
116
116
116
116
116
116
116
116
116
116
117
117
117
117
117
117
117
117
117
117
117
117
117
117
118
118
118
118
119
131
131
131
131
131
131
131
131
132
132
132
132
132
132
132
132
133
142
142
143
143
143
143
143
143
143
143
144
144
144
144
144
144
145
145
145
145
146
146
146
146
147
147
147
147
148
148
148
148
148
148
149
149
149
149
150
163
163
163
163
163
163
163
163
163
163
163
164
164
164
164
164
164
164
164
164
164
165
170
170
171
171
171
171
171
171
172
172
172
173
187
187
187
187
187
187
187
187
188
188
188
188
190
190
190
190
191
191
191
191
191
191
193
193
193
193
193
193
193
193
193
195
195
195
195
195
195
195
196
196
196
196
196
196
196
197
201
201
201
201
201
201
201
201
202
202
202
202
202
202
202
203
203
203
203
203
203
203
203
203
204
206
206
207
207
207
207
207
207
207
207
207
207
207
207
207
208
208
208
208
208
208
208
208
208
209
209
209
209
209
209
209
209
210
210
210
210
210
210
210
210
210
211
213
213
213
213
213
213
213
216
216
216
216
216
216
216
216
216
216
216
216
216
216
216
216
217
217
218
218
218
218
218
218
218
218
220
220
220
220
220
220
220
221
221
221
221
221
221
221
222
224
224
224
224
224
224
224
229
229
229
229
229
229
229
229
229
229
229
229
229
229
229
229
229
229
229
229
229
229
229
229
229
229
229
229
229
229
229
229
229
229
229
229
233
235
235
235
235
235
235
235
235
235
237
237
237
237
237
237
237
237
237
238
238
238
238
238
238
238
239
240
240
240
241
250
250
250
250
250
250
251
251
251
252
260
260
260
260
260
260
261
261
261
261
263
263
263
263
263
263
264
264
264
265
267
267
267
267
267
267
267
269
269
269
269
269
269
269
269
269
270
270
270
270
270
270
270
271
271
271
271
271
271
271
271
271
272
274
274
274
274
276
276
276
276
276
276
276
276
277
277
277
278
287
287
287
287
287
287
287
287
288
288
288
288
288
288
288
288
288
288
289
302
302
302
302
302
302
302
302
302
302
302
303
303
303
303
303
303
303
303
303
303
304
316
316
316
316
316
316
316
316
317
317
317
317
317
317
317
317
318
331
331
331
331
331
331
331
331
331
331
331
332
332
332
332
332
332
332
332
332
332
333
346
346
346
346
346
346
346
346
346
346
346
347
347
347
347
347
347
347
347
347
347
347
347
348
360
360
360
360
360
360
360
360
361
361
361
361
361
361
361
361
362
374
374
374
374
374
374
374
374
375
375
375
375
375
375
375
375
376
389
389
389
389
389
389
389
389
389
389
389
390
390
390
390
390
390
390
390
390
390
390
390
391
401
401
401
401
401
401
401
401
401
401
401
401
401
401
401
401
401
402
402
402
402
402
403
415
415
415
415
415
415
415
415
416
416
416
416
416
416
416
416
417
430
430
430
430
430
430
430
430
430
430
430
431
431
431
431
431
431
431
431
431
431
432
445
445
445
445
445
445
445
445
445
445
445
446
446
446
446
446
446
446
446
446
446
447
461
461
461
461
461
461
461
461
461
461
461
462
462
462
462
462
462
462
462
463
478
478
478
478
478
478
478
478
478
478
478
478
478
478
478
479
479
479
479
479
479
479
479
479
479
479
479
479
480
490
490
490
490
490
490
490
490
490
490
490
490
490
490
490
490
490
490
490
491
491
491
491
491
491
491
491
491
491
491
491
491
491
491
492
506
506
506
506
506
506
506
506
506
506
506
507
507
507
507
507
507
507
507
508
523
523
523
523
523
523
523
523
523
523
523
523
523
523
523
524
524
524
524
524
524
524
524
524
524
525
536
536
536
536
536
536
536
536
536
536
536
536
536
536
536
536
536
536
536
537
537
537
537
537
537
537
537
537
538
538
538
538
538
538
538
540
540
540
540
540
540
540
541
541
541
541
541
542
542
542
542
542
542
542
543
544
544
544
544
544
544
544
545
547
547
547
547
547
547
547
547
547
549
549
549
549
549
549
549
549
549
549
550
550
550
550
550
550
550
551
551
551
551
551
551
553
553
553
553
553
553
553
555
555
555
555
555
556
569
569
569
569
569
569
569
569
569
569
569
570
570
570
570
570
570
570
570
570
570
571
583
583
583
583
583
583
583
583
584
584
584
584
584
584
584
584
585
598
598
598
598
598
598
598
598
598
598
598
599
599
599
599
599
599
599
599
599
599
600
601
602
