18
18
18
18
18
18
18
18
18
18
18
20
20
20
20
20
20
20
21
21
21
21
21
21
21
22
22
22
22
22
22
22
23
23
23
23
23
23
23
25
25
25
25
25
25
25
25
25
25
25
43
43
43
43
43
43
47
47
47
47
47
47
47
47
52
52
52
52
52
52
52
52
57
57
57
57
57
57
57
57
62
62
62
62
62
62
62
62
67
67
67
67
67
67
67
67
72
72
72
72
72
72
72
72
77
77
77
77
77
77
77
77
82
82
82
82
82
82
82
82
82
82
82
90
90
90
90
90
90
90
90
90
90
90
91
91
91
91
91
91
91
91
92
95
95
95
95
95
95
98
98
98
98
101
101
101
101
107
107
107
107
107
112
112
112
112
112
113
113
113
113
113
114
114
114
114
115
115
115
115
116
123
123
123
123
123
123
123
124
124
124
124
124
124
124
124
125
125
125
125
125
125
125
125
125
125
125
125
126
126
126
126
126
126
126
126
127
127
127
127
127
127
127
127
127
127
127
127
128
146
146
146
146
146
146
146
146
146
146
146
146
146
146
146
147
147
147
147
147
147
147
148
148
148
148
148
148
148
148
148
149
149
149
149
149
149
149
151
151
151
151
151
151
151
151
151
151
151
152
152
152
152
152
152
152
153
153
153
154
167
167
167
167
167
167
167
167
167
167
167
167
168
168
168
168
168
168
168
169
169
169
169
169
169
169
169
169
169
169
169
169
169
170
178
178
178
178
178
178
178
178
178
179
179
179
179
180
180
180
180
182
182
182
182
182
182
182
182
182
182
182
182
182
182
184
184
184
184
184
184
185
185
185
185
185
187
187
188
188
188
188
188
189
189
189
189
189
189
189
190
191
191
191
191
191
191
191
191
191
191
193
195
195
195
195
195
196
201
201
201
201
201
201
201
202
202
202
202
203
203
203
203
204
204
204
204
205
205
205
205
206
219
219
219
219
219
219
219
219
219
219
219
219
219
219
219
220
220
220
220
222
222
222
222
222
222
222
222
222
222
222
222
222
222
224
224
224
224
224
224
224
226
226
226
226
226
226
226
226
226
226
226
227
227
227
227
227
227
227
228
228
228
229
237
237
237
237
237
237
237
237
237
237
237
237
238
238
238
238
238
238
238
239
239
239
239
239
239
239
239
239
239
239
240
252
252
252
252
252
252
252
252
252
252
252
252
252
253
255
256
