18
18
18
18
18
18
18
18
18
18
18
20
20
20
20
20
20
20
21
21
21
21
21
21
21
22
22
22
22
22
22
22
23
23
23
23
23
23
23
24
24
24
24
24
24
24
25
25
25
25
25
25
25
26
26
26
26
26
26
26
28
28
28
28
28
28
28
28
28
28
28
28
28
29
29
29
29
29
29
29
29
29
29
29
29
29
48
48
48
48
48
48
52
52
52
52
52
52
52
52
55
55
55
55
58
58
58
58
61
61
61
61
67
67
67
67
67
68
68
68
68
69
76
76
76
76
76
76
77
77
77
78
83
83
83
83
83
83
84
84
84
85
90
90
90
90
90
90
91
91
91
92
104
104
104
104
104
104
104
104
104
104
104
104
104
104
104
104
104
104
104
104
104
104
104
105
105
105
105
105
105
105
105
105
105
105
105
105
105
106
121
121
121
121
121
121
121
121
121
121
121
121
121
121
121
121
121
121
121
121
121
121
121
121
121
122
122
122
122
122
123
123
123
123
123
124
124
124
124
124
125
125
125
125
125
126
126
126
126
126
128
128
128
128
130
130
130
130
130
130
130
130
130
131
131
131
131
131
131
131
131
132
134
134
134
134
134
134
134
134
134
134
134
134
134
134
134
135
135
135
135
135
135
135
135
135
135
135
135
135
135
137
137
137
137
139
139
139
139
139
140
140
141
141
142
142
142
142
142
143
143
143
143
143
144
144
144
144
144
145
145
146
146
147
147
147
147
147
147
147
147
150
150
150
150
150
150
150
150
150
150
151
151
151
151
151
151
151
151
151
151
152
152
152
152
152
153
153
153
153
154
154
154
154
154
154
154
155
155
155
155
155
155
155
155
155
155
155
155
155
155
155
155
155
155
156
156
156
156
156
157
157
157
157
157
157
157
157
157
157
157
158
159
159
159
159
160
160
160
160
160
160
160
161
161
161
161
161
161
161
161
161
161
161
162
162
162
162
163
163
163
163
163
163
163
164
164
164
164
164
164
164
165
166
169
169
169
169
169
169
169
169
169
169
169
169
169
169
170
170
170
170
170
170
170
170
170
172
172
172
172
172
173
173
173
173
173
173
173
173
174
174
174
174
174
174
174
174
174
174
174
174
174
174
174
174
174
174
174
174
174
175
175
175
175
175
176
176
176
176
176
176
176
176
176
177
177
177
177
177
177
177
177
178
178
178
178
178
178
178
178
180
180
180
180
180
180
180
181
181
182
182
182
182
182
182
182
182
182
182
182
182
182
182
182
182
182
182
182
183
183
183
183
183
183
183
183
184
184
184
184
184
184
184
184
184
184
184
184
184
184
184
184
185
185
185
185
185
186
186
186
187
188
188
188
189
189
189
189
189
189
189
191
191
191
191
192
193
193
193
193
194
194
194
195
195
195
195
196
196
196
196
196
196
196
196
196
196
196
196
196
196
196
196
196
197
197
197
197
198
199
200
200
202
202
203
203
203
203
203
203
203
203
203
203
203
203
203
203
203
204
205
205
205
206
206
206
206
206
206
206
206
206
206
206
206
206
206
206
206
206
206
207
207
207
207
207
208
209
209
209
209
209
209
209
209
209
209
210
210
210
210
210
210
210
210
211
211
211
211
211
211
211
212
213
213
213
213
213
213
213
213
214
214
214
214
214
214
214
214
214
214
214
214
214
215
216
216
216
216
216
216
218
218
218
218
218
218
218
219
219
219
219
220
220
220
220
221
221
221
221
222
222
222
222
222
222
222
222
222
222
223
223
223
223
223
224
224
224
225
225
225
225
226
227
227
227
228
241
241
241
241
241
241
241
241
241
241
241
241
241
241
241
241
241
241
241
241
241
241
241
241
241
242
242
242
242
242
242
242
242
242
242
242
242
242
242
242
242
242
242
242
243
259
259
259
259
259
259
259
259
259
259
259
259
259
259
259
259
259
259
259
259
259
259
259
259
260
260
260
260
260
261
261
261
261
261
261
261
261
261
261
261
261
261
261
261
261
261
261
261
262
274
274
274
274
274
274
274
274
274
274
274
274
274
274
274
274
274
274
274
274
274
274
274
275
275
275
275
275
275
275
275
275
275
275
275
275
276
290
290
290
290
290
290
290
290
290
290
290
290
290
290
290
290
290
290
290
290
290
290
290
290
290
291
291
291
291
291
292
292
292
292
292
293
293
293
293
293
294
294
294
294
294
296
296
296
296
298
298
298
298
298
298
298
298
298
299
299
299
299
299
299
299
299
300
302
302
302
302
302
302
302
302
302
302
302
302
302
302
302
303
303
303
303
303
303
303
303
303
303
303
303
303
303
303
303
303
303
303
303
305
305
305
305
307
307
308
308
311
311
311
311
311
312
312
312
312
312
313
313
313
313
313
314
314
315
315
316
316
316
316
316
316
316
316
317
317
317
317
317
317
317
317
317
317
318
318
318
318
318
318
318
318
318
318
321
321
321
321
321
322
322
322
322
323
323
323
323
323
323
323
324
324
324
324
324
324
324
324
324
324
324
324
324
324
324
324
324
324
325
325
325
325
325
326
326
326
326
326
326
326
326
326
326
326
327
328
328
328
328
329
329
329
329
329
329
329
330
330
330
330
330
330
330
330
330
330
330
331
331
331
331
332
332
332
332
332
332
332
333
333
333
333
333
333
333
334
335
338
338
338
338
338
338
338
338
338
338
338
338
338
338
340
340
340
340
340
340
340
340
340
341
341
341
341
341
342
342
342
342
342
342
342
342
342
343
343
343
343
343
343
343
343
343
343
343
343
343
343
343
343
343
343
343
343
343
344
344
344
344
344
346
346
346
346
346
346
346
346
346
346
346
346
346
346
346
348
348
348
348
348
348
348
349
349
349
350
350
350
350
350
350
350
352
352
352
352
353
354
354
354
354
355
355
355
356
356
356
356
357
358
358
359
359
360
360
360
360
360
360
360
361
362
362
362
363
363
363
363
363
363
363
363
363
363
363
363
363
363
363
363
363
363
364
364
364
364
364
365
366
366
366
366
366
366
366
366
366
366
367
367
367
367
367
367
367
367
368
368
368
368
368
368
368
369
370
370
370
370
370
370
370
370
371
371
371
371
371
371
371
371
371
371
371
371
371
372
374
374
374
374
374
374
376
376
376
376
376
377
377
378
380
380
380
380
380
380
380
381
381
381
381
381
382
382
382
382
382
383
383
383
383
383
384
384
384
384
384
384
384
384
384
384
384
384
384
384
384
384
384
384
384
384
384
384
384
384
385
385
385
385
386
386
386
386
387
387
387
387
388
389
389
389
389
389
389
389
389
389
391
391
391
391
392
393
393
393
393
393
393
393
394
394
394
394
394
394
394
394
394
394
394
395
395
395
395
396
396
396
396
397
397
397
397
397
397
398
398
398
399
399
399
399
400
401
413
413
413
413
413
413
413
413
413
413
413
413
413
413
413
413
413
413
413
413
413
413
413
413
413
414
414
414
414
414
414
414
414
414
414
414
414
414
414
414
414
414
414
415
430
430
430
430
430
430
430
430
430
430
430
430
430
430
430
430
430
430
430
430
430
430
430
430
431
431
431
431
431
432
432
432
432
432
432
432
432
432
432
432
432
432
432
432
432
432
432
433
441
441
441
441
441
441
441
441
441
442
442
442
442
442
442
442
442
442
442
442
443
444
445
