18
18
18
18
18
18
18
18
18
18
18
20
20
20
20
20
20
20
21
21
21
21
21
21
21
22
22
22
22
22
22
22
23
23
23
23
23
23
23
24
24
24
24
24
24
24
25
25
25
25
25
25
25
26
26
26
26
26
26
26
27
27
27
27
27
27
27
28
28
28
28
28
28
28
29
29
29
29
29
29
29
31
31
31
31
31
31
31
31
31
32
32
32
32
32
32
32
32
32
33
33
33
33
33
33
33
33
33
34
34
34
34
34
34
34
34
34
35
35
35
35
35
35
35
35
35
36
36
36
36
36
36
36
36
36
37
37
37
37
37
37
37
37
37
38
38
38
38
38
38
38
38
38
40
40
40
40
40
40
40
40
40
40
40
40
40
41
41
41
41
41
41
41
41
41
41
41
41
41
42
42
42
42
42
42
42
42
42
42
42
42
42
43
43
43
43
43
43
43
43
43
43
43
43
43
53
53
53
53
53
53
62
62
62
62
62
62
62
62
63
63
63
63
63
63
63
63
66
66
66
66
66
66
66
66
66
66
66
66
66
66
66
66
66
66
68
68
68
68
68
68
68
68
70
70
70
70
70
70
70
70
73
73
73
73
73
73
73
73
75
75
75
75
75
75
75
75
77
77
77
77
77
77
77
77
79
79
79
79
79
79
79
79
81
81
81
81
81
81
81
81
83
83
83
83
83
83
83
83
85
85
85
85
85
85
85
85
87
87
87
87
87
87
87
87
90
90
91
91
91
91
91
93
93
94
94
94
94
94
96
96
97
97
97
97
97
99
99
100
100
100
100
100
102
102
102
102
102
104
104
104
104
104
106
106
106
106
106
106
108
108
108
108
110
110
110
110
112
112
112
112
112
112
114
114
114
114
114
114
117
117
117
117
120
120
120
120
123
123
123
123
123
123
126
126
126
126
126
126
131
131
131
131
131
131
131
131
131
131
134
134
134
134
137
137
137
137
140
140
140
140
147
147
147
147
147
148
148
148
148
148
148
148
149
156
156
156
156
156
156
156
156
157
157
157
157
157
157
157
158
167
167
167
167
167
167
167
167
167
167
167
167
168
168
168
168
168
168
168
169
169
169
169
169
169
170
177
177
177
177
177
177
177
177
178
178
178
178
178
178
178
179
186
186
186
186
186
186
186
186
187
187
187
187
187
187
187
188
197
197
197
197
197
197
197
197
197
197
197
197
198
198
198
198
198
198
199
199
199
199
199
199
200
200
200
200
200
201
201
201
201
201
202
203
212
212
213
213
213
213
213
213
213
213
215
215
215
215
215
216
216
216
216
217
217
217
217
218
219
219
219
219
219
219
221
221
221
221
221
221
222
222
222
222
223
223
223
223
224
225
238
238
241
241
242
242
242
242
242
242
242
242
242
242
242
242
242
242
242
243
243
243
243
243
243
243
243
243
243
243
243
243
244
257
257
258
258
258
258
258
258
258
258
258
258
258
258
258
258
258
259
259
259
259
259
259
259
259
259
259
259
260
260
260
260
260
261
261
261
261
261
261
261
262
262
262
262
262
262
262
262
262
264
264
264
264
264
264
264
265
265
265
265
265
265
265
268
268
268
268
268
268
269
269
269
269
269
269
269
270
270
270
270
270
270
270
271
272
272
272
272
272
272
272
273
273
273
273
273
273
273
274
275
275
275
275
275
275
275
276
276
276
276
276
276
276
277
278
278
278
278
278
278
279
281
281
281
282
292
292
292
292
292
292
292
292
292
292
292
293
301
301
301
301
301
301
301
301
301
302
302
302
302
302
302
302
302
302
303
303
303
303
303
303
303
303
303
303
304
304
304
305
306
307
307
307
308
317
317
317
317
317
317
317
317
317
317
317
317
317
317
317
318
318
318
318
318
318
318
319
319
319
319
319
319
320
321
321
321
321
321
321
321
322
322
322
322
322
322
323
324
333
333
333
333
333
333
333
333
333
333
333
334
334
334
334
334
334
334
335
335
335
335
335
335
335
335
335
335
336
336
336
336
336
336
336
336
336
336
336
336
336
336
336
336
336
336
336
336
336
337
338
338
338
339
350
350
351
351
351
351
351
351
351
351
352
352
352
352
352
352
353
353
353
353
353
353
353
354
354
354
354
354
354
355
356
356
356
356
356
357
357
357
357
357
358
368
368
368
368
368
368
368
368
368
368
368
368
368
369
369
369
369
369
369
369
370
370
370
370
370
370
370
370
370
370
370
370
370
371
372
372
372
372
372
372
373
381
381
381
381
381
381
381
381
381
381
382
382
382
382
382
382
382
382
382
382
382
383
383
383
383
383
383
383
383
383
386
386
386
386
386
386
386
386
386
386
386
387
387
387
387
387
387
387
387
387
388
389
399
399
399
399
399
399
399
399
399
399
399
400
400
400
400
400
400
400
400
401
411
411
411
411
411
411
411
411
412
412
412
412
412
412
412
412
412
424
424
424
425
435
435
435
435
435
435
435
435
435
435
435
435
435
436
436
436
436
436
436
436
437
437
437
437
437
437
437
437
437
437
437
437
437
438
439
439
439
439
439
439
439
439
440
450
450
450
450
450
450
450
450
450
450
450
450
450
451
451
451
451
451
451
451
452
452
452
452
452
452
452
452
452
452
452
452
452
453
454
454
454
454
454
454
454
454
455
465
465
465
465
465
465
465
465
465
465
465
465
465
466
466
466
466
466
466
466
467
467
467
467
467
467
467
467
467
467
467
467
467
468
469
469
469
469
469
469
469
469
470
480
480
480
480
480
480
480
480
480
480
480
480
480
481
481
481
481
481
481
481
481
481
481
481
482
482
482
482
482
482
483
484
484
484
484
484
484
484
484
484
484
484
484
484
484
484
484
485
485
485
485
485
485
485
485
485
486
486
486
486
486
486
486
486
486
487
488
504
504
504
504
504
504
504
504
504
504
504
504
505
505
505
505
505
505
505
506
506
506
506
507
508
508
508
508
508
508
508
508
508
509
509
509
509
509
509
510
511
511
511
511
511
511
511
511
511
511
511
511
511
511
512
512
512
512
512
512
512
512
512
513
514
514
514
514
514
514
514
514
514
514
515
515
515
515
515
516
516
516
516
516
517
517
517
518
518
518
518
518
518
518
518
518
519
519
519
519
519
519
519
519
519
520
520
520
520
521
522
531
531
531
531
531
531
531
531
531
531
531
531
531
532
532
532
532
532
532
532
532
532
532
532
533
533
533
533
533
533
533
533
534
534
534
535
537
537
537
537
537
537
537
537
537
537
537
537
537
537
537
537
537
537
538
545
545
545
545
545
545
546
546
546
546
546
547
555
555
555
555
555
555
555
555
556
556
556
556
556
556
556
557
557
557
557
557
557
557
557
557
557
557
557
558
559
559
559
560
568
568
568
568
568
568
568
568
569
569
569
569
569
569
569
570
570
570
570
570
570
570
570
570
570
570
570
571
572
572
572
573
581
581
581
581
581
581
582
582
582
582
582
582
582
583
583
583
583
583
583
583
583
583
583
583
583
584
585
585
585
586
594
594
594
594
594
594
595
595
595
596
603
603
603
603
603
603
604
604
604
605
612
612
612
612
612
612
613
613
613
613
613
613
613
614
614
614
614
614
614
614
614
614
614
614
614
615
616
616
616
617
624
624
624
624
624
624
625
625
625
626
634
634
634
634
634
634
635
635
635
635
635
635
635
636
636
636
636
636
636
636
636
636
636
636
636
637
638
638
638
639
646
646
646
646
646
646
647
647
647
647
647
647
647
648
648
648
648
648
648
648
648
648
648
648
648
649
650
650
650
651
658
658
658
658
658
658
658
658
659
659
659
659
659
659
659
660
660
660
660
660
660
660
660
660
660
660
660
660
660
660
660
660
661
662
672
672
672
672
672
672
673
673
673
674
688
688
688
688
688
688
688
688
688
688
688
688
688
688
688
689
689
689
689
689
689
689
689
689
689
689
689
689
689
689
690
690
690
691
693
693
693
693
693
693
693
693
693
693
695
695
695
695
696
696
696
696
696
697
697
697
697
697
697
697
697
697
697
697
697
697
698
698
698
698
698
698
698
698
698
701
701
701
701
701
701
701
701
701
701
701
701
701
701
701
701
701
701
701
701
701
701
709
709
709
709
709
710
710
710
710
710
710
710
710
710
710
710
710
710
710
710
710
710
710
710
710
710
710
711
711
711
712
713
713
713
713
713
713
713
713
713
713
713
713
713
713
713
713
713
713
713
713
713
713
713
713
714
714
714
715
717
717
717
717
717
717
717
717
717
717
717
717
717
717
717
717
717
717
717
718
718
718
719
721
721
721
721
721
721
721
721
721
721
721
721
721
721
721
721
722
722
722
723
729
729
729
729
729
729
729
730
730
730
730
730
730
730
731
732
732
732
732
732
732
732
732
735
735
735
735
735
735
735
736
736
736
736
736
736
736
737
738
738
738
738
738
738
738
738
738
739
739
739
739
739
739
739
739
739
740
741
741
741
741
741
741
741
741
741
742
742
742
742
742
742
742
742
742
743
744
745
745
745
754
754
754
754
754
754
754
754
754
754
755
755
755
755
755
755
755
755
755
755
755
755
755
756
756
756
756
756
756
756
756
756
756
757
757
757
758
758
758
758
758
759
759
759
760
762
762
762
762
762
762
762
762
762
762
762
763
763
763
764
765
765
765
765
765
765
765
765
765
765
766
768
768
768
768
768
768
768
768
768
769
769
769
769
769
769
769
769
769
769
770
770
770
771
771
771
771
771
771
771
771
772
774
774
774
774
774
774
774
774
774
775
775
775
775
775
775
775
775
775
776
777
777
777
777
777
777
777
777
777
778
778
778
778
778
778
778
778
778
779
780
780
780
780
780
780
780
780
780
781
781
781
781
781
781
781
781
781
781
781
781
781
781
781
782
788
788
788
788
788
788
788
789
789
789
789
789
789
789
790
792
792
792
792
792
792
792
792
792
792
792
792
792
792
792
792
792
792
792
794
794
794
794
794
794
794
794
794
795
795
795
795
795
795
795
795
795
795
795
795
795
795
795
795
795
795
795
795
795
795
795
796
798
798
798
798
798
798
798
798
798
798
798
798
798
798
798
798
798
798
798
799
799
799
799
799
799
799
800
800
800
801
803
803
803
803
803
803
803
803
803
803
803
803
803
803
803
803
804
804
804
804
804
804
804
805
805
805
806
807
809
809
809
809
809
809
809
809
809
809
809
809
809
811
811
811
811
811
811
811
811
811
811
813
813
813
813
813
813
813
815
815
815
815
816
816
816
816
816
816
816
816
816
816
816
816
816
816
816
816
816
816
816
817
819
819
819
819
819
819
819
819
819
819
819
820
829
829
829
829
829
829
829
829
829
829
829
830
830
830
830
830
830
830
831
831
831
832
833
833
833
833
833
833
833
833
833
833
833
833
833
834
846
846
846
846
846
846
846
846
846
846
846
846
846
847
847
847
847
847
848
848
848
848
848
849
849
849
849
849
849
849
849
849
849
849
849
849
850
850
850
850
850
850
850
851
851
851
851
851
851
851
851
851
851
851
852
852
852
852
852
852
852
853
853
853
853
854
855
856
856
856
857
870
870
871
871
871
871
871
871
871
871
871
871
871
871
871
871
871
872
872
872
872
872
872
872
872
872
872
872
872
872
874
874
874
874
874
874
874
874
874
874
875
875
875
875
875
875
875
875
875
876
876
876
876
876
876
876
876
876
877
878
878
878
878
878
878
879
879
879
879
880
880
880
880
880
880
880
880
880
880
880
880
880
880
880
880
880
880
880
880
881
881
881
881
881
881
881
881
881
881
881
881
881
881
881
881
881
881
881
881
882
883
883
883
884
891
891
891
891
891
891
891
891
891
892
892
892
892
892
892
893
900
900
900
900
900
900
900
900
900
900
900
901
901
901
901
901
901
901
901
902
909
909
909
909
909
909
909
909
909
909
909
910
910
910
910
910
910
910
910
911
918
918
918
918
918
918
918
918
918
919
919
919
919
919
919
920
930
930
930
930
930
930
930
930
930
931
931
931
931
932
940
940
940
940
940
940
940
940
940
941
941
941
941
942
950
950
950
950
950
950
950
950
950
951
951
951
951
951
951
952
961
961
961
961
961
961
961
961
961
962
962
962
962
962
962
963
971
971
971
971
971
971
971
971
971
972
972
972
972
972
972
973
980
980
980
980
980
980
980
980
980
981
981
981
981
981
981
982
989
989
989
989
989
989
989
989
989
990
990
990
990
990
990
991
998
998
998
998
998
998
998
998
999
999
999
999
1000
1000
1000
1000
1001
1001
1001
1001
1001
1001
1001
1001
1001
1002
1002
1002
1002
1002
1002
1002
1003
1003
1003
1003
1003
1003
1003
1006
1006
1006
1006
1006
1007
1007
1007
1007
1007
1008
1008
1008
1008
1008
1008
1008
1009
1010
1010
1010
1011
1011
1011
1011
1011
1011
1011
1012
1012
1012
1012
1012
1012
1012
1013
1015
1015
1015
1015
1015
1015
1015
1016
1016
1016
1016
1016
1016
1016
1017
1018
1018
1018
1018
1018
1018
1018
1019
1019
1019
1019
1019
1019
1019
1020
1021
1021
1021
1021
1021
1021
1024
1024
1024
1024
1025
1025
1025
1025
1025
1025
1025
1025
1025
1025
1025
1025
1025
1025
1025
1025
1025
1025
1025
1025
1026
1026
1026
1026
1026
1026
1026
1026
1026
1026
1026
1026
1026
1026
1026
1026
1026
1026
1026
1026
1028
1028
1028
1028
1028
1028
1028
1028
1028
1028
1028
1028
1028
1028
1028
1028
1028
1028
1028
1028
1028
1028
1028
1028
1028
1029
1029
1029
1029
1029
1029
1029
1030
1031
1033
1035
