18
18
18
18
18
18
18
18
18
18
18
20
20
20
20
20
20
20
21
21
21
21
21
21
21
22
22
22
22
22
22
22
23
23
23
23
23
23
23
24
24
24
24
24
24
24
25
25
25
25
25
25
25
26
26
26
26
26
26
26
27
27
27
27
27
27
27
29
29
29
29
29
29
29
29
29
29
29
30
30
30
30
30
30
30
30
30
30
30
30
30
31
31
31
31
31
31
31
31
31
31
31
31
31
36
36
36
36
36
36
41
41
41
41
48
48
48
48
48
48
48
49
51
51
51
51
53
53
55
55
57
57
59
60
63
63
63
63
63
63
63
63
69
69
69
69
69
69
69
69
86
86
86
86
86
86
86
86
86
86
95
95
95
95
95
95
95
95
95
96
96
96
96
96
96
96
97
97
97
98
99
99
99
99
99
99
99
99
99
100
100
100
101
103
103
103
103
103
103
103
103
103
103
103
103
103
103
103
103
103
103
103
103
103
103
103
103
103
104
104
104
105
106
106
106
106
106
106
106
106
106
106
108
108
108
108
108
108
108
108
108
108
108
108
108
108
109
110
110
110
112
114
114
114
114
115
115
115
115
117
117
117
117
119
119
119
119
120
120
120
120
120
120
120
120
122
122
122
122
122
124
124
124
124
124
124
124
124
124
124
124
124
124
124
124
124
124
129
129
129
129
129
130
130
130
130
130
131
131
131
131
131
131
132
132
132
132
133
133
133
133
134
134
134
134
134
134
134
134
134
135
135
135
135
136
141
141
142
142
142
142
142
142
142
142
143
143
143
143
143
143
144
144
144
144
144
144
144
144
144
144
144
144
144
144
145
145
145
145
145
145
145
145
145
145
145
145
145
145
146
146
146
146
146
146
146
146
147
147
147
147
147
147
147
148
148
148
148
148
149
150
150
150
150
150
151
151
151
151
151
151
151
152
152
152
152
152
153
154
154
154
154
154
154
154
155
163
163
164
164
164
164
164
164
164
164
165
165
165
165
165
165
166
166
166
166
167
167
167
167
168
168
168
168
168
168
169
169
169
169
169
169
169
170
179
179
179
179
179
179
179
179
179
179
179
180
180
180
180
180
180
180
180
180
180
180
181
191
191
191
191
191
191
191
191
191
191
191
191
191
191
191
192
192
192
192
192
192
192
192
192
192
192
192
192
193
203
203
204
204
204
204
204
204
204
204
204
204
204
204
204
205
205
205
205
205
205
205
205
205
205
205
205
205
206
206
206
206
206
206
206
206
206
206
206
206
206
207
208
215
215
215
215
215
215
216
216
216
216
216
216
216
216
216
216
218
218
218
218
218
219
219
219
219
219
219
219
219
219
219
219
219
219
219
219
219
219
219
219
219
219
220
220
220
220
220
220
220
220
220
220
221
221
221
221
221
221
221
222
222
222
223
223
223
223
223
223
224
224
224
224
225
226
227
227
227
228
235
235
235
235
235
235
235
235
236
236
236
236
236
237
245
245
245
245
245
245
245
245
245
245
245
246
246
246
246
246
246
247
247
247
247
247
247
247
247
247
249
249
249
249
249
249
249
250
250
250
250
250
250
250
251
253
253
253
253
253
253
253
255
255
255
255
255
256
256
256
256
256
256
256
256
256
256
257
257
257
257
257
257
257
257
257
257
258
258
258
258
258
258
258
258
259
259
259
259
259
259
259
260
260
260
260
260
260
260
260
261
261
261
261
261
261
261
262
262
262
262
262
262
262
263
264
264
264
264
264
264
264
265
265
265
265
265
265
265
265
265
265
266
267
267
267
267
267
268
268
268
268
268
268
269
269
269
269
269
269
269
270
270
270
270
270
270
270
270
270
270
270
271
271
271
271
271
272
272
272
272
272
272
272
272
272
272
272
273
273
273
273
273
273
274
275
276
277
277
277
277
277
277
277
277
278
278
278
278
278
278
278
279
279
279
279
279
279
279
280
281
281
281
281
281
281
281
282
284
284
284
284
284
284
284
284
284
285
285
285
286
286
286
286
286
286
286
286
286
287
289
289
289
289
289
289
289
289
289
290
297
297
297
297
297
297
298
298
298
298
298
298
298
298
298
298
299
299
299
299
299
299
299
299
299
300
300
300
300
300
300
300
301
301
301
301
301
301
301
301
301
302
304
304
304
304
304
304
304
305
312
312
312
312
312
312
312
312
313
313
313
313
313
313
313
313
313
313
314
321
321
321
321
321
321
321
321
322
322
322
323
332
332
332
332
332
332
332
332
332
332
332
333
333
333
333
333
333
333
333
334
344
344
344
344
344
344
344
344
344
344
344
344
344
344
344
345
345
345
345
345
345
345
345
345
345
345
345
346
355
355
355
355
355
355
355
355
355
355
355
356
356
356
356
356
356
356
356
357
367
367
367
367
367
367
367
367
367
367
367
367
367
367
367
368
368
368
368
368
368
368
368
368
368
368
368
369
379
379
379
379
379
379
379
379
379
379
379
379
379
379
379
379
379
379
379
380
380
380
380
380
380
380
380
380
381
381
381
381
381
381
381
382
382
382
382
382
382
382
383
383
383
383
383
383
383
384
385
385
385
385
385
385
385
387
387
387
387
387
387
387
388
388
388
388
388
388
388
389
389
389
389
389
389
389
390
391
391
391
391
391
391
391
391
391
393
393
393
393
393
393
393
393
393
393
394
394
394
394
394
394
394
395
395
395
395
395
395
397
397
397
397
397
397
397
399
399
399
399
400
400
400
401
410
410
410
410
410
410
410
410
410
410
410
411
411
411
411
411
411
411
411
411
411
412
423
423
423
423
423
423
423
423
423
424
424
424
424
425
432
432
432
432
432
432
432
432
432
432
432
433
433
433
433
433
433
434
435
437
