18
18
18
18
18
18
18
18
18
18
18
18
18
20
20
20
20
20
20
20
21
21
21
21
21
21
21
22
22
22
22
22
22
22
24
24
24
24
24
24
24
24
24
24
24
24
24
25
25
25
25
25
25
25
25
25
25
25
25
25
234
234
234
234
234
234
235
235
235
235
235
235
235
235
237
237
237
237
237
237
237
238
238
239
239
240
240
241
241
241
249
249
249
249
249
250
250
250
250
250
251
261
261
261
261
261
261
261
261
262
262
262
262
262
263
263
263
263
263
264
271
271
272
272
272
272
272
272
273
273
273
273
273
273
273
273
273
273
273
273
273
274
281
281
281
281
281
281
281
281
281
282
282
282
282
282
282
282
282
282
282
282
283
285
285
286
286
286
286
286
286
286
286
286
288
288
288
288
288
288
288
288
288
289
289
289
289
289
289
289
290
290
290
290
292
292
292
292
292
292
292
292
293
293
293
293
293
293
293
293
293
294
294
294
294
294
294
294
294
294
295
295
295
295
295
296
296
296
296
296
296
296
296
296
296
296
296
296
296
296
296
296
296
296
296
296
297
297
297
297
297
297
297
297
297
297
297
297
297
297
298
299
299
299
299
299
299
299
299
299
300
300
300
300
300
300
300
300
302
302
302
302
302
304
304
305
305
305
305
305
305
305
305
305
305
305
305
306
306
306
306
306
306
306
306
308
310
310
310
310
310
310
310
310
310
310
311
311
311
311
311
311
312
312
312
312
312
312
312
312
312
312
312
312
312
313
313
313
314
315
315
315
315
315
315
315
315
315
315
315
315
316
316
316
316
316
316
317
317
317
317
317
317
317
317
317
317
317
317
317
318
318
318
319
320
320
320
320
320
320
320
320
320
320
320
320
328
328
328
328
328
328
328
328
328
328
328
328
328
328
328
328
328
328
328
328
328
328
328
328
329
329
329
330
331
331
331
331
332
332
332
332
332
332
333
333
333
333
333
333
333
333
333
333
333
333
334
334
334
334
335
335
335
335
335
335
337
337
337
337
337
337
337
337
338
338
338
339
340
340
340
340
340
340
340
340
340
340
340
340
340
340
340
340
341
341
341
342
349
349
349
349
349
349
349
349
349
349
349
349
349
350
350
350
351
351
351
351
351
351
352
354
354
354
354
354
354
354
356
356
356
356
356
356
356
358
358
359
359
359
359
359
359
359
359
359
359
359
359
360
360
360
360
360
360
360
360
362
364
364
364
364
364
364
364
364
364
364
365
365
365
365
365
365
365
365
365
365
365
365
365
365
365
365
365
366
367
367
367
367
367
368
368
368
368
368
368
368
368
368
368
368
369
369
369
369
369
369
369
369
370
370
370
370
370
370
370
370
370
370
370
371
372
374
374
374
374
374
374
374
376
376
376
377
378
378
378
379
381
382
