18
18
18
18
18
18
18
18
18
18
18
18
18
20
20
20
20
20
20
20
21
21
21
21
21
21
21
23
23
23
23
23
23
23
23
23
23
23
23
23
24
24
24
24
24
24
24
24
24
24
24
24
24
33
33
33
33
33
35
35
35
35
35
35
35
35
35
35
35
35
37
37
37
37
37
37
37
37
37
38
38
39
39
39
39
39
39
39
39
40
40
40
40
40
40
40
40
41
41
41
41
41
41
42
42
42
42
42
42
42
43
44
44
44
44
44
44
44
44
44
44
44
44
44
44
44
44
44
44
44
44
44
45
45
46
46
46
46
46
46
46
46
47
47
47
47
47
47
47
47
48
48
48
48
48
48
49
49
49
49
49
49
49
50
51
51
51
52
52
52
52
52
52
52
52
52
53
53
53
53
53
53
53
54
56
58
58
58
58
58
58
58
58
58
58
58
58
59
59
59
59
59
59
59
59
59
62
62
62
62
62
62
62
63
63
63
63
63
63
63
64
64
64
64
64
64
64
64
64
64
64
64
64
64
64
64
64
65
65
65
65
65
65
66
68
68
68
68
68
68
68
68
68
68
68
68
69
69
69
69
69
69
69
69
69
72
72
72
72
72
72
72
73
73
73
73
73
73
74
74
74
74
74
74
74
74
74
74
74
74
74
74
74
74
74
74
74
74
74
74
74
75
75
75
75
75
75
76
78
79
