6
6
6
6
6
6
6
6
6
6
6
6
6
8
8
8
8
8
8
8
8
8
8
8
8
8
8
9
9
9
9
9
9
9
9
9
9
9
9
9
9
10
10
10
10
10
10
10
10
10
10
10
10
10
10
11
11
11
11
11
11
11
11
11
11
11
11
11
11
12
12
12
12
12
12
12
12
12
12
12
12
12
12
13
13
13
13
13
13
13
13
13
13
13
13
13
13
14
14
14
14
14
14
14
14
14
14
14
14
14
14
15
15
15
15
15
15
15
15
15
15
15
15
15
15
16
16
16
16
16
16
16
16
16
16
16
16
16
16
17
17
17
17
17
17
17
17
17
17
17
17
17
17
18
18
18
18
18
18
18
18
18
18
18
18
18
18
19
19
19
19
19
19
19
19
19
19
19
19
19
19
20
20
20
20
20
20
20
20
20
20
20
20
20
20
22
22
22
22
22
22
22
23
23
23
23
23
23
23
24
24
24
24
24
24
24
24
24
25
25
25
25
25
25
25
25
25
27
27
27
27
27
27
27
27
27
27
27
27
27
28
28
28
28
28
28
28
28
28
28
28
28
28
29
29
29
29
29
29
29
29
29
29
29
29
29
30
30
30
30
30
30
30
30
30
30
30
30
30
31
31
31
31
31
31
31
31
31
31
31
31
31
33
33
33
33
33
33
34
36
36
36
36
36
36
36
36
36
36
36
36
37
37
37
37
37
37
37
37
38
38
38
38
38
38
38
38
40
40
40
40
40
40
40
41
41
41
41
41
41
41
41
41
41
41
41
41
41
43
43
43
43
43
43
43
44
44
44
44
44
44
44
44
44
44
44
44
44
44
46
46
46
46
46
46
47
48
48
48
48
48
49
51
51
52
52
52
52
52
52
52
52
52
52
52
52
53
54
54
54
54
55
56
56
56
56
56
56
56
56
56
57
59
59
59
59
59
61
61
61
61
61
63
63
63
63
63
65
65
65
65
65
65
65
65
65
65
66
67
67
67
67
67
67
67
67
67
67
67
67
69
69
69
69
69
69
69
70
71
71
71
71
71
71
71
71
71
71
71
71
71
72
72
72
72
72
72
72
72
72
72
72
73
74
76
76
76
76
76
76
76
76
76
76
78
78
78
78
78
78
78
78
79
80
80
80
80
81
82
82
82
82
82
82
82
82
82
82
82
82
82
82
82
82
82
82
83
84
84
84
84
84
84
84
84
84
84
84
84
84
84
84
84
85
86
88
88
88
88
88
88
88
88
88
88
89
90
90
90
90
90
90
90
90
90
90
91
91
91
91
91
91
91
91
91
91
92
92
92
92
92
92
92
92
92
92
94
94
94
94
95
96
96
96
96
96
96
96
96
96
97
97
97
97
97
97
97
97
97
98
98
98
98
98
98
98
98
98
99
99
99
99
99
99
99
99
99
100
102
102
102
102
102
102
102
102
102
102
104
104
104
104
104
104
104
104
104
104
104
104
104
104
104
104
104
104
105
106
106
106
106
106
106
106
106
106
106
106
106
106
106
106
107
107
107
107
107
107
107
108
109
110
111
111
111
112
114
114
115
115
115
115
115
115
115
115
115
115
115
115
115
115
115
115
116
116
116
117
118
118
118
118
118
118
118
118
118
118
118
118
118
118
118
120
120
120
120
120
120
120
120
120
122
122
122
122
122
124
124
124
124
124
126
126
126
126
126
126
126
126
126
126
126
126
126
127
127
127
127
127
127
127
127
127
127
127
127
127
129
129
129
129
129
129
129
129
131
131
131
131
131
131
131
131
131
131
131
131
131
131
132
133
133
133
133
133
133
133
133
133
133
135
135
135
135
135
135
135
135
135
135
136
137
137
137
137
138
139
139
139
139
139
139
139
139
139
139
139
140
141
141
141
141
142
144
144
144
144
144
144
144
144
144
144
145
147
147
147
147
147
147
147
147
147
149
149
149
149
149
149
149
149
149
149
149
149
149
151
151
151
151
152
153
153
153
153
153
153
153
153
153
154
156
156
156
156
156
156
157
158
158
158
158
158
158
158
158
158
158
158
158
158
158
158
158
158
158
158
158
158
158
158
158
158
158
158
158
158
159
159
159
159
159
159
159
159
160
161
161
161
161
161
161
161
162
163
164
165
165
165
165
166
166
166
166
167
168
168
168
168
168
168
168
168
168
169
170
171
172
173
173
173
173
173
173
173
173
173
173
174
175
175
175
175
175
175
175
175
175
176
176
176
176
176
176
176
176
176
176
176
176
176
177
177
177
177
177
177
177
179
179
179
179
180
181
181
181
181
181
181
181
181
181
182
183
184
185
186
186
186
186
186
186
186
187
188
190
190
190
190
190
190
190
190
190
190
191
192
192
192
192
192
192
192
192
192
193
193
193
193
193
193
193
193
193
193
193
193
193
193
193
195
195
195
195
195
195
196
197
197
197
197
198
198
198
198
199
200
200
200
200
200
200
200
200
200
201
202
203
204
205
205
205
205
205
205
205
206
206
206
206
207
208
208
208
208
208
208
208
208
208
209
210
211
213
213
213
213
213
213
213
213
213
213
213
213
213
213
213
213
213
213
213
214
216
216
217
217
217
217
217
217
217
217
217
217
218
219
219
219
219
219
219
219
219
219
219
219
219
219
219
219
219
219
219
220
222
222
223
223
223
223
223
223
223
223
223
223
224
225
225
225
225
225
225
225
225
225
225
225
225
225
225
225
225
225
225
225
225
225
226
226
226
226
226
226
226
226
226
226
226
226
226
226
226
226
226
226
226
227
229
229
230
230
230
230
230
230
230
231
232
232
232
232
232
234
234
234
234
234
234
235
236
236
236
236
236
236
236
236
236
236
236
236
236
236
236
236
236
236
236
236
236
236
236
236
237
239
239
239
240
242
242
243
243
243
243
243
243
243
243
244
245
245
245
245
245
247
247
247
247
247
247
247
247
247
247
248
248
248
248
248
248
248
248
248
248
250
250
250
250
250
250
250
250
250
250
250
250
251
252
252
252
252
252
252
252
252
252
252
252
252
252
253
255
255
255
255
255
255
255
255
255
255
256
256
256
256
256
256
256
256
256
256
258
258
258
258
258
258
258
258
258
258
258
258
259
260
260
260
260
260
260
260
260
260
260
260
260
260
261
263
263
263
263
263
263
263
263
263
264
265
265
265
265
265
265
265
265
265
266
268
268
268
268
268
268
268
268
268
269
270
270
270
270
270
270
270
270
270
271
273
273
273
273
273
273
273
273
275
275
275
275
275
275
275
275
275
275
275
275
275
275
275
275
275
275
276
277
277
277
277
277
277
277
277
277
277
279
279
279
279
279
279
279
279
279
279
279
279
279
279
279
279
280
281
281
281
281
281
281
281
282
283
284
285
285
286
287
289
289
289
289
289
289
289
289
291
291
291
292
293
293
