6
6
6
6
6
6
6
6
6
6
6
8
8
8
8
8
8
8
8
8
8
8
8
8
8
9
9
9
9
9
9
9
9
9
9
9
9
9
9
11
11
11
11
11
11
11
12
12
12
12
12
12
12
13
13
13
13
13
13
13
14
14
14
14
14
14
14
15
15
15
15
15
15
15
16
16
16
16
16
16
16
18
18
18
18
18
18
18
18
18
18
18
18
18
19
19
19
19
19
19
19
19
19
19
19
19
19
20
20
20
20
20
20
20
20
20
20
20
20
20
22
22
22
22
22
23
24
24
24
24
24
24
24
24
24
26
26
26
26
26
26
28
28
28
28
28
28
29
30
30
30
30
30
32
32
32
32
32
32
33
35
35
35
35
35
36
37
37
37
37
37
37
37
37
37
37
37
37
39
39
39
39
39
39
39
39
39
39
39
39
39
39
39
39
39
39
40
41
41
41
41
41
41
41
41
41
43
43
43
43
43
43
43
43
43
43
44
44
44
44
44
44
44
44
44
44
46
46
46
46
46
46
46
46
46
48
48
48
48
48
48
48
48
48
48
50
50
50
50
50
50
51
52
52
52
52
52
52
52
54
54
54
54
54
54
54
54
54
55
57
57
57
57
57
57
57
57
57
57
57
57
57
58
59
61
61
61
61
61
61
61
61
61
61
62
63
63
63
63
63
63
64
65
65
65
65
66
68
68
68
69
71
71
72
72
72
72
72
73
74
74
74
74
74
74
75
76
76
76
76
77
79
79
79
79
79
79
79
79
81
81
81
81
81
81
81
81
81
81
81
81
81
81
81
81
81
81
81
81
81
81
81
81
81
83
83
83
83
83
83
83
83
83
83
83
83
83
83
83
83
83
83
83
83
84
85
85
86
86
86
86
86
86
86
86
86
86
86
86
86
86
86
86
86
86
86
86
86
86
86
86
87
88
88
88
88
88
88
88
88
88
88
88
88
88
88
88
88
88
88
88
88
88
88
88
88
89
90
90
90
92
92
92
92
92
92
92
92
92
92
92
92
92
92
93
94
94
94
94
94
94
94
94
94
96
96
96
96
96
96
96
96
96
98
98
98
98
98
100
100
100
100
100
100
100
100
100
100
100
101
102
102
102
102
102
102
102
102
102
102
102
102
102
102
102
102
102
102
102
102
102
102
102
102
102
102
102
102
102
102
102
102
102
103
103
103
103
103
103
103
103
103
103
103
103
103
103
103
105
105
105
107
107
107
107
107
107
108
109
109
110
111
112
114
114
114
114
114
114
114
115
116
116
