18
18
18
18
18
18
18
18
18
18
18
18
18
20
20
20
20
20
20
20
21
21
21
21
21
21
21
23
23
23
23
23
23
23
23
23
23
23
24
24
24
24
24
24
24
24
24
24
24
24
24
25
25
25
25
25
25
25
25
25
25
25
25
25
26
26
26
26
26
26
26
26
26
26
26
26
26
32
32
32
32
35
35
35
35
35
35
35
35
35
35
35
35
36
36
36
36
38
38
38
38
38
38
38
38
39
39
39
39
39
39
39
40
40
40
40
40
40
40
40
40
41
41
41
41
41
41
41
42
44
44
44
44
44
44
44
45
45
45
45
45
45
45
45
45
45
45
45
45
45
45
45
45
45
45
45
45
45
45
45
45
45
45
45
45
45
45
45
46
48
48
48
48
48
51
51
51
51
51
52
52
52
52
52
52
52
53
53
53
53
53
53
53
53
53
53
53
53
53
53
53
53
53
53
53
54
56
56
56
56
56
56
56
56
56
56
56
56
56
56
56
56
56
57
57
58
58
58
58
58
58
58
61
61
61
61
61
61
61
61
61
61
61
62
62
62
62
62
62
62
62
62
62
62
62
62
63
63
63
63
63
64
64
64
64
64
64
64
64
64
65
65
65
66
66
66
66
66
66
66
66
66
66
66
66
66
66
66
67
68
71
71
71
71
71
71
71
71
71
72
72
72
72
72
72
72
72
72
73
73
73
73
73
73
73
73
73
73
74
74
74
74
74
74
74
74
75
75
75
75
75
75
75
75
75
75
75
75
75
75
75
75
77
77
77
77
77
77
77
77
77
78
78
78
78
78
78
78
78
78
79
79
79
79
79
79
79
79
79
79
79
79
79
79
79
80
80
80
81
81
81
81
81
81
81
81
81
81
81
81
81
82
83
86
86
86
86
86
86
86
86
86
86
86
86
86
87
87
87
87
87
87
87
87
88
89
89
89
89
89
89
89
89
89
89
89
89
89
90
92
92
92
92
92
92
92
92
93
93
93
93
93
93
94
95
97
98
