18
18
18
18
18
18
18
18
18
18
18
20
20
20
20
20
20
20
21
21
21
21
21
21
21
22
22
22
22
22
22
22
24
24
24
24
24
24
24
24
24
24
24
37
37
37
37
37
37
38
40
40
40
40
40
40
40
40
44
44
44
44
44
44
44
44
44
44
44
44
44
50
50
50
50
51
52
52
52
52
52
53
68
68
68
68
68
68
68
69
70
70
70
71
71
71
71
71
71
71
71
71
71
71
71
72
72
72
72
74
74
74
74
74
74
74
74
74
74
74
74
74
74
74
74
76
76
76
76
77
78
78
78
78
78
78
78
78
78
78
78
78
78
78
78
79
79
79
79
79
79
79
80
80
81
82
82
82
82
82
82
82
82
82
82
82
83
85
85
85
85
85
85
85
86
88
90
