18
18
18
18
18
18
18
18
18
18
18
20
20
20
20
20
20
20
21
21
21
21
21
21
21
22
22
22
22
22
22
22
23
23
23
23
23
23
23
24
24
24
24
24
24
24
25
25
25
25
25
25
25
26
26
26
26
26
26
26
27
27
27
27
27
27
27
28
28
28
28
28
28
28
29
29
29
29
29
29
29
30
30
30
30
30
30
30
31
31
31
31
31
31
31
32
32
32
32
32
32
32
33
33
33
33
33
33
33
34
34
34
34
34
34
34
35
35
35
35
35
35
35
37
37
37
37
37
37
37
37
37
37
37
37
37
38
38
38
38
38
38
38
38
38
38
38
38
38
84
84
84
84
84
85
86
86
86
86
86
86
86
86
86
86
90
90
90
90
90
91
92
92
92
92
92
94
94
94
94
96
96
96
98
98
98
98
98
98
98
99
100
100
100
100
101
107
107
107
107
107
107
107
107
107
107
107
107
107
107
107
107
108
108
109
110
110
110
110
110
110
110
110
110
110
110
111
111
111
111
111
111
111
111
113
113
113
113
113
113
113
113
113
113
114
115
115
115
115
115
115
115
116
119
119
119
119
120
121
121
121
121
121
121
121
121
121
122
124
124
124
125
130
130
130
130
130
130
130
130
130
130
131
132
132
132
132
132
132
132
132
132
132
133
133
133
133
133
133
134
135
135
135
135
135
135
135
136
137
137
137
137
137
137
137
137
137
138
140
140
140
140
140
141
143
143
143
143
143
143
143
143
143
143
144
144
144
144
145
145
145
146
147
147
147
147
147
147
147
147
148
149
149
150
151
151
151
151
151
151
151
151
151
151
152
152
152
152
152
153
154
154
154
154
154
154
154
155
156
161
161
161
161
161
161
161
161
161
161
161
161
162
163
163
163
163
163
164
165
166
166
166
166
166
166
166
166
167
168
168
168
168
168
168
168
168
168
168
168
168
168
168
169
169
169
169
169
169
169
169
169
170
170
170
170
171
171
172
174
175
176
176
176
176
176
176
176
176
176
176
177
177
177
177
177
177
177
177
177
177
177
177
177
178
179
179
179
179
179
179
180
181
181
181
181
181
181
181
181
181
181
181
181
181
181
182
182
182
182
182
182
182
182
182
182
182
182
182
182
182
182
182
183
183
184
185
185
185
185
185
185
186
187
187
187
187
187
187
187
187
187
187
187
187
187
187
188
188
188
188
188
188
188
188
188
188
188
188
188
188
188
188
188
189
189
190
192
192
192
192
192
192
192
192
192
192
192
192
193
194
194
194
194
194
194
194
194
195
197
197
197
197
197
197
197
197
197
197
197
197
197
197
199
199
199
201
201
201
201
201
202
202
202
202
202
204
204
204
204
204
204
204
206
206
206
206
206
210
210
210
210
210
210
210
210
210
210
210
211
212
212
212
212
213
214
214
214
214
214
214
214
214
214
215
215
215
215
215
215
215
216
217
217
217
217
218
220
220
220
220
220
220
220
220
220
220
220
220
220
220
220
220
220
220
220
221
221
221
221
221
221
221
222
222
222
222
222
222
222
223
225
225
225
225
227
227
227
227
227
229
229
229
229
230
230
230
230
230
230
230
230
230
230
230
230
230
230
230
230
230
230
230
230
230
230
230
231
231
231
231
231
231
231
231
231
231
231
231
232
234
234
234
234
234
234
235
239
239
239
239
239
239
239
240
240
240
240
240
240
240
240
240
240
240
240
240
241
241
241
241
241
241
241
241
241
241
242
242
242
242
243
244
245
246
246
246
246
246
246
246
246
247
248
248
248
248
248
248
249
250
250
250
250
250
250
251
252
252
252
253
256
256
256
257
257
257
257
257
257
257
258
258
259
260
262
262
262
262
262
262
262
262
262
262
262
262
262
263
264
264
264
264
264
265
266
267
267
267
267
268
268
268
268
268
268
269
270
270
271
274
274
274
274
274
274
274
274
274
275
275
275
275
275
275
275
275
275
275
276
285
285
285
285
286
287
288
290
290
290
291
291
291
291
291
291
292
294
294
294
294
295
296
296
296
296
297
298
299
300
301
302
303
304
304
304
304
304
304
305
306
306
306
306
306
306
307
308
309
309
309
309
309
309
310
312
313
314
319
319
319
319
319
319
319
319
319
319
319
320
321
322
322
322
322
322
323
324
325
325
325
325
325
325
325
325
326
327
327
327
327
327
327
327
327
327
327
327
327
327
327
328
328
328
328
328
328
328
328
328
329
329
329
329
330
330
331
333
333
333
333
333
334
334
334
334
334
334
334
334
334
334
336
337
338
338
338
338
338
338
338
338
338
338
338
338
338
339
339
339
339
339
339
339
339
340
341
341
341
341
341
341
341
341
341
341
341
341
341
341
342
342
342
342
342
342
342
342
342
342
342
342
342
343
343
344
345
345
345
345
345
345
345
345
345
345
345
345
347
347
347
347
347
347
347
347
347
347
347
347
348
349
349
349
349
349
349
349
349
350
351
352
352
352
352
352
352
353
354
354
354
354
354
354
354
354
354
354
354
354
354
354
355
355
355
355
355
355
355
355
355
355
355
355
355
355
355
355
355
356
356
357
359
359
359
359
359
359
359
359
359
359
359
359
359
359
359
359
359
359
359
359
359
360
360
360
360
360
360
360
362
362
362
362
363
365
365
365
365
365
367
367
367
367
367
369
369
369
369
370
370
370
370
370
371
371
371
371
371
371
371
371
371
371
371
371
371
371
371
371
371
371
372
372
372
372
372
372
372
372
372
372
372
372
373
375
375
375
375
375
375
376
380
380
380
380
380
380
380
381
381
381
381
381
381
381
381
381
381
381
381
381
382
382
382
382
382
382
382
382
382
382
383
383
383
383
384
386
387
388
388
388
388
388
388
388
388
389
390
390
390
390
390
390
391
392
392
392
392
392
392
393
394
394
394
395
397
397
397
397
397
397
397
398
398
398
399
399
400
401
403
403
403
403
403
403
404
406
406
406
406
406
406
406
406
406
406
406
406
406
406
406
406
406
406
406
406
407
407
407
407
407
407
407
408
409
409
409
409
409
409
409
409
409
409
409
409
409
409
410
411
411
411
411
411
412
413
414
414
414
414
415
415
415
415
415
415
416
417
417
418
419
420
421
421
421
421
421
421
421
421
421
421
421
421
421
421
421
422
422
422
422
422
422
422
422
422
422
422
422
422
422
422
422
422
423
423
423
423
423
423
423
423
423
423
423
423
423
423
423
424
424
424
424
424
424
424
424
424
424
424
424
424
424
424
426
426
426
426
426
426
426
426
426
426
426
426
426
426
427
430
430
430
430
430
430
430
430
430
430
430
431
431
431
431
432
434
434
434
434
434
434
434
434
434
434
434
434
434
434
434
434
434
434
434
434
435
435
435
435
435
435
435
436
436
436
436
436
436
436
436
437
439
439
439
439
439
439
443
443
443
443
443
443
443
443
443
443
443
443
443
443
444
445
446
447
447
447
447
447
447
447
447
448
449
449
449
449
449
449
450
453
453
454
456
456
456
456
456
457
457
457
457
457
457
457
457
457
457
457
457
457
457
457
457
457
457
457
458
458
458
458
458
458
458
458
458
458
458
458
459
461
462
462
462
462
462
462
462
463
463
463
463
463
463
463
463
463
463
463
464
464
464
464
465
465
465
465
466
467
468
472
472
472
472
472
472
472
473
474
477
477
478
479
480
481
482
483
484
484
484
484
484
484
485
486
486
486
486
486
486
487
488
489
494
494
494
494
494
494
494
494
494
494
494
494
495
496
496
496
496
496
496
496
496
496
496
497
497
497
497
497
497
498
499
499
499
500
501
501
501
501
501
501
501
501
501
502
503
503
503
504
505
505
505
505
505
505
505
505
506
508
508
509
509
509
509
509
510
511
512
513
513
513
513
513
513
515
515
515
515
515
515
516
516
516
516
516
516
516
518
518
518
518
518
518
520
520
520
520
520
520
521
522
522
522
522
522
522
522
522
523
524
524
524
524
524
524
524
525
526
526
526
526
526
526
526
526
527
528
529
530
530
530
530
530
530
530
530
530
530
530
531
532
533
533
533
533
533
533
534
535
535
535
535
535
536
537
538
538
538
538
539
539
539
539
540
541
542
543
544
545
546
546
546
546
546
546
546
546
546
546
546
546
547
548
548
548
548
548
548
549
549
549
549
549
549
550
551
552
552
552
552
552
552
553
555
556
556
556
556
557
558
558
558
558
558
558
558
559
560
561
563
563
563
563
563
564
565
565
565
565
566
567
568
568
568
568
568
568
569
570
570
570
570
570
570
571
573
574
575
577
577
577
577
577
577
577
577
579
579
579
579
579
579
579
579
579
580
580
580
580
580
581
581
582
582
582
582
582
582
582
582
582
582
582
582
582
582
583
583
584
584
584
584
584
584
584
584
584
584
585
586
586
587
587
587
587
587
587
587
587
587
587
587
587
587
587
587
588
588
588
588
588
589
589
589
589
590
590
590
590
591
591
591
591
592
592
592
592
592
593
593
593
593
593
595
595
595
595
597
597
597
597
597
600
600
600
600
602
602
602
602
603
603
603
603
603
603
604
604
604
604
607
607
607
607
629
629
629
629
629
629
629
629
629
629
629
629
629
629
629
630
630
630
630
630
630
630
630
630
630
630
630
630
630
630
630
631
631
632
633
633
633
633
634
634
634
634
635
635
635
635
636
636
636
636
636
636
636
636
636
636
637
637
637
637
637
637
637
637
637
637
638
638
638
638
638
638
638
639
662
662
662
662
662
662
662
662
662
662
662
662
662
662
662
663
663
663
663
663
663
663
663
663
663
663
663
663
663
663
663
664
664
665
666
666
666
666
667
667
667
667
668
668
668
668
668
669
669
669
669
669
669
670
671
671
671
671
671
671
671
671
671
671
671
671
671
672
672
672
672
672
672
672
672
672
672
672
672
672
672
672
673
673
673
673
673
673
673
673
674
675
676
676
676
676
676
676
676
676
676
676
677
677
677
677
677
677
677
677
677
677
678
678
678
678
679
679
679
679
679
679
679
680
701
701
701
701
701
701
701
701
701
701
701
701
701
701
701
701
701
701
701
702
702
702
702
702
702
702
702
702
702
703
704
704
704
704
705
705
705
705
706
706
706
706
706
706
706
706
706
706
707
707
707
707
707
707
707
707
707
707
708
708
708
708
709
709
709
709
709
709
709
710
729
729
729
729
729
729
729
729
729
729
729
729
729
729
729
730
730
731
732
732
732
732
732
732
732
732
732
732
732
732
732
732
732
733
735
735
736
736
736
736
736
736
736
737
738
738
738
738
739
745
745
745
745
745
746
747
747
747
748
754
754
754
754
754
755
756
756
756
757
766
766
766
766
766
766
766
767
768
768
768
768
768
768
768
768
769
770
770
770
771
772
772
772
772
773
778
778
778
778
778
778
778
778
778
778
778
778
778
778
779
780
780
780
780
780
780
780
780
780
781
781
781
781
781
781
782
782
782
782
782
782
784
784
784
784
784
784
784
784
785
785
785
785
785
785
785
785
785
785
785
785
785
785
785
785
786
787
787
787
787
787
787
787
788
788
788
788
789
791
791
791
791
791
791
791
791
792
792
792
792
792
792
792
792
792
792
792
792
792
792
792
792
793
794
794
794
794
794
794
794
795
795
795
795
796
798
798
798
798
798
798
798
801
801
801
801
801
801
801
801
804
804
804
804
804
804
804
806
806
806
806
806
806
806
807
807
807
807
807
807
807
807
807
808
808
808
809
809
809
809
809
809
809
810
812
812
812
812
812
812
812
812
813
813
813
813
813
813
813
814
814
814
814
814
814
815
820
820
820
820
820
821
821
821
821
821
821
822
824
824
825
825
825
825
825
826
827
828
829
829
829
829
829
830
831
831
831
831
833
833
833
833
833
833
833
833
835
835
835
835
835
835
835
835
835
835
836
836
836
836
837
838
838
838
838
838
838
838
839
841
841
841
841
841
841
841
841
841
841
842
842
842
842
842
842
842
843
843
843
843
843
843
844
845
846
846
846
846
846
846
847
848
848
848
848
848
849
850
850
850
850
851
851
851
851
851
851
851
851
851
852
853
854
855
856
856
856
856
857
857
857
857
857
857
857
857
857
857
857
857
858
859
859
859
859
859
859
860
861
862
867
867
867
867
867
867
867
867
867
867
867
867
867
867
868
868
868
868
868
868
868
869
876
876
876
876
876
876
876
876
877
878
878
878
878
878
878
879
886
886
886
886
886
886
886
886
887
888
888
888
888
888
888
889
896
896
896
896
896
896
896
896
897
898
898
898
898
898
898
899
900
900
900
900
900
900
900
901
902
902
902
902
903
911
911
911
911
911
911
911
911
912
913
913
913
913
913
913
914
915
915
915
915
915
915
915
916
917
917
917
917
918
924
924
924
924
924
925
926
926
926
926
928
928
928
928
929
930
930
930
930
930
930
930
930
930
930
930
930
930
931
931
931
931
931
931
931
931
932
933
933
933
933
933
933
933
933
933
933
934
935
937
938
939
939
939
939
939
939
940
941
941
941
941
941
941
942
944
946
946
947
947
947
947
947
947
948
948
948
948
948
948
948
948
950
951
952
953
