18
18
18
18
18
18
18
18
18
18
18
20
20
20
20
20
20
20
33
33
33
33
33
34
35
35
35
35
35
35
35
35
35
40
40
40
40
40
40
40
40
40
42
42
42
42
42
43
43
43
43
43
44
44
44
44
44
57
57
57
57
57
57
57
57
57
57
57
58
58
58
58
58
58
58
58
59
60
60
60
60
60
61
61
61
61
61
61
62
62
62
62
62
62
63
63
63
63
63
63
64
72
72
72
72
72
73
74
74
74
75
83
83
83
83
83
84
85
85
85
86
94
94
94
94
94
95
96
96
96
97
102
102
103
103
103
103
103
103
104
104
104
104
104
104
104
104
104
104
104
104
105
105
105
105
106
106
106
106
107
107
107
107
108
108
108
109
110
111
