6
6
6
6
6
6
6
6
6
6
6
8
8
8
8
8
8
8
8
8
8
8
8
8
8
9
9
9
9
9
9
9
9
9
9
9
9
9
9
10
10
10
10
10
10
10
10
10
10
10
10
10
10
11
11
11
11
11
11
11
11
11
11
11
11
11
11
12
12
12
12
12
12
12
12
12
12
12
12
12
12
13
13
13
13
13
13
13
13
13
13
13
13
13
13
14
14
14
14
14
14
14
14
14
14
14
14
14
14
15
15
15
15
15
15
15
15
15
15
15
15
15
15
16
16
16
16
16
16
16
16
16
16
16
16
16
16
18
18
18
18
18
18
18
19
19
19
19
19
19
19
21
21
21
21
21
21
21
21
21
21
21
22
22
22
22
22
22
22
22
22
22
22
23
23
23
23
23
23
23
23
23
23
23
24
24
24
24
24
24
24
24
24
24
24
25
25
25
25
25
25
25
25
25
25
25
26
26
26
26
26
26
26
26
26
26
26
27
27
27
27
27
27
27
27
27
28
28
28
28
28
28
28
28
28
30
30
30
31
32
32
32
32
32
32
32
32
32
32
32
32
32
32
32
34
34
34
34
34
34
34
34
34
36
36
36
36
36
36
37
37
37
37
37
37
38
38
38
38
38
38
40
40
40
40
40
40
42
42
42
42
42
42
44
44
44
44
44
44
46
46
46
46
46
46
46
46
46
46
46
46
46
46
48
48
48
48
48
48
50
50
50
50
51
52
54
54
54
54
54
54
54
54
55
56
56
56
57
59
59
59
59
59
60
61
61
61
61
61
61
62
62
62
62
62
62
62
62
62
62
62
62
62
63
63
63
63
64
64
64
64
65
65
65
65
66
66
66
66
67
67
67
67
68
68
68
68
69
71
71
71
71
71
71
71
71
72
73
73
73
73
73
73
73
73
73
73
73
73
75
75
75
75
75
75
75
75
75
77
77
77
77
77
77
77
77
77
79
79
79
79
80
81
81
81
81
81
81
81
81
81
82
84
84
84
84
84
84
84
84
84
85
86
86
86
86
86
86
86
86
86
88
88
88
88
88
88
89
90
90
90
90
90
90
90
90
90
91
92
93
94
94
94
94
95
96
96
96
96
96
96
96
96
96
97
98
99
101
101
101
101
101
101
101
101
101
101
101
101
101
101
101
101
102
103
103
103
103
104
105
105
105
105
105
105
105
106
108
108
108
108
108
108
108
108
109
111
111
111
111
111
111
111
111
111
112
113
113
113
113
113
113
113
113
115
115
115
115
115
115
116
117
117
117
117
117
117
117
117
118
119
121
121
121
121
121
121
121
121
121
121
121
121
121
121
121
121
122
123
123
123
123
123
123
123
123
125
125
125
125
125
125
126
127
127
127
127
127
127
127
127
128
129
131
131
131
131
131
131
131
131
131
132
133
133
133
133
134
136
136
136
136
136
136
136
136
136
136
136
136
136
136
136
136
136
136
136
136
137
137
137
138
139
139
139
139
140
141
141
141
141
141
141
141
142
144
144
144
144
146
146
146
146
146
146
146
146
146
146
147
148
148
148
148
149
151
151
151
151
151
151
151
151
151
151
151
151
151
151
153
153
153
153
153
153
154
155
155
155
155
155
155
155
155
156
157
158
158
158
158
158
159
160
160
160
160
160
162
162
162
162
162
162
162
162
162
164
164
164
164
165
166
166
166
166
167
168
168
168
168
168
168
168
169
171
171
171
171
173
173
173
173
173
173
173
173
173
173
174
175
175
175
175
176
177
177
177
177
177
177
177
178
180
180
180
180
181
182
183
183
183
183
183
183
183
183
183
183
183
183
184
185
185
185
185
186
188
188
188
188
188
188
188
188
188
188
188
188
189
190
190
190
190
190
190
190
192
192
192
192
192
193
194
194
194
194
194
194
194
195
196
197
199
199
199
199
200
202
202
202
202
202
202
202
203
204
204
204
204
204
206
206
206
206
206
206
206
206
206
206
208
208
208
208
208
208
208
209
210
210
210
210
210
210
210
210
210
210
210
210
212
212
212
212
212
212
212
212
212
212
212
212
212
213
215
215
215
216
218
218
218
218
218
219
220
220
220
220
220
220
220
220
220
220
220
220
220
222
222
222
222
223
224
224
224
224
224
224
224
224
224
224
224
224
224
225
227
227
227
227
227
227
227
227
227
227
228
229
229
229
229
229
229
229
229
229
229
231
231
231
231
231
231
232
233
233
233
233
234
235
235
235
235
235
235
235
235
235
235
235
235
235
235
235
235
235
236
238
238
238
238
238
238
238
238
238
238
240
240
240
240
240
240
240
241
241
241
241
241
241
241
243
243
243
243
243
243
243
244
245
246
247
247
247
247
248
249
249
249
249
249
249
249
249
249
250
251
252
254
254
254
254
254
254
254
254
254
254
254
254
254
256
256
256
256
257
257
257
257
258
260
260
260
260
260
260
260
261
262
262
262
262
263
264
264
264
264
264
264
264
264
264
264
264
264
264
265
267
267
267
267
267
267
267
268
269
269
269
269
269
269
269
269
269
271
271
271
271
271
273
273
273
273
273
275
276
277
277
277
277
277
277
277
277
277
279
279
279
279
280
281
281
281
281
281
281
281
281
281
281
281
282
284
284
284
284
284
284
284
284
284
284
284
284
284
284
286
286
286
286
286
286
287
288
288
288
288
288
288
288
288
288
289
290
291
292
292
292
292
293
294
294
294
294
294
294
294
294
294
294
294
294
294
295
296
297
298
298
298
298
298
299
300
300
300
300
300
300
300
300
300
300
300
301
303
303
303
303
303
303
304
305
305
305
305
306
307
307
307
307
307
307
307
307
307
308
310
310
310
310
310
310
310
312
312
312
312
313
314
314
314
314
314
314
314
314
314
314
314
314
314
314
314
315
316
317
318
319
319
319
319
320
321
321
321
321
321
321
321
321
321
322
323
324
325
326
327
