6
6
6
6
6
6
6
6
6
8
8
8
8
8
8
8
8
8
8
8
8
8
8
9
9
9
9
9
9
9
9
9
9
9
9
9
9
10
10
10
10
10
10
10
10
10
10
10
10
10
10
11
11
11
11
11
11
11
11
11
11
11
11
11
11
12
12
12
12
12
12
12
12
12
12
12
12
12
12
13
13
13
13
13
13
13
13
13
13
13
13
13
13
14
14
14
14
14
14
14
14
14
14
14
14
14
14
15
15
15
15
15
15
15
15
15
15
15
15
15
15
16
16
16
16
16
16
16
16
16
16
16
16
16
16
17
17
17
17
17
17
17
17
17
17
17
17
17
17
18
18
18
18
18
18
18
18
18
18
18
18
18
18
19
19
19
19
19
19
19
19
19
19
19
19
19
19
20
20
20
20
20
20
20
20
20
20
20
20
20
20
21
21
21
21
21
21
21
21
21
21
21
21
21
21
22
22
22
22
22
22
22
22
22
22
22
22
22
22
23
23
23
23
23
23
23
23
23
23
23
23
23
23
24
24
24
24
24
24
24
24
24
24
24
24
24
24
25
25
25
25
25
25
25
25
25
25
25
25
25
25
26
26
26
26
26
26
26
26
26
26
26
26
26
26
27
27
27
27
27
27
27
27
27
27
27
27
27
27
28
28
28
28
28
28
28
28
28
28
28
28
28
28
29
29
29
29
29
29
29
29
29
29
29
29
29
29
30
30
30
30
30
30
30
30
30
30
30
30
30
30
31
31
31
31
31
31
31
31
31
31
31
31
31
31
32
32
32
32
32
32
32
32
32
32
32
32
32
32
33
33
33
33
33
33
33
33
33
33
33
33
33
33
34
34
34
34
34
34
34
34
34
34
34
34
34
34
35
35
35
35
35
35
35
35
35
35
35
35
35
35
36
36
36
36
36
36
36
36
36
36
36
36
36
36
37
37
37
37
37
37
37
37
37
37
37
37
37
37
38
38
38
38
38
38
38
38
38
38
38
38
38
38
39
39
39
39
39
39
39
39
39
39
39
39
39
39
41
41
41
41
41
41
41
42
42
42
42
42
42
42
42
42
43
43
43
43
43
43
43
44
44
44
44
44
44
44
45
45
45
45
45
45
45
46
46
46
46
46
46
46
47
47
47
47
47
47
47
47
47
48
48
48
48
48
48
48
48
48
50
50
50
50
50
50
50
50
50
50
50
51
51
51
51
51
51
51
51
51
51
51
52
52
52
52
52
52
52
52
52
52
52
52
52
53
53
53
53
53
53
53
53
53
53
53
53
53
54
54
54
54
54
54
54
54
54
54
54
54
54
55
55
55
55
55
55
55
55
55
55
55
55
55
56
56
56
56
56
56
56
56
56
56
56
56
56
57
57
57
57
57
57
57
57
57
57
57
57
57
58
58
58
58
58
58
58
58
58
58
58
58
58
59
59
59
59
59
59
59
59
59
59
59
59
59
60
60
60
60
60
60
60
60
60
60
60
60
60
61
61
61
61
61
61
61
61
61
61
61
61
61
62
62
62
62
62
62
62
62
62
62
62
62
62
63
63
63
63
63
63
63
63
63
63
63
63
63
64
64
64
64
64
64
64
64
64
64
64
64
64
65
65
65
65
65
65
65
65
65
65
65
65
65
66
66
66
66
66
66
66
66
66
66
66
66
66
67
67
67
67
67
67
67
67
67
67
67
68
68
68
68
68
68
68
68
68
69
69
69
69
69
69
69
69
69
71
71
71
71
72
73
73
73
73
73
73
73
73
73
73
73
73
73
73
73
75
75
75
75
75
75
75
75
75
75
76
76
76
78
78
79
80
80
80
80
80
80
80
80
80
80
80
80
80
80
80
80
80
81
83
83
83
83
83
83
83
83
83
83
83
83
83
83
83
83
83
83
85
86
87
87
87
87
87
87
87
87
87
87
87
88
88
88
88
88
88
88
88
88
88
88
89
89
89
89
89
89
89
89
89
89
89
90
90
90
90
90
90
90
90
90
90
90
91
91
91
91
91
91
91
91
91
91
91
92
92
92
92
92
92
92
92
92
92
92
93
93
93
93
93
93
93
93
93
93
93
94
94
94
94
94
94
94
94
94
94
94
95
97
97
97
97
98
99
105
105
105
105
105
105
105
105
106
108
108
108
109
111
111
111
111
111
111
111
111
111
111
111
111
111
111
111
111
111
112
113
113
113
113
113
113
113
113
113
113
113
113
114
116
116
116
116
116
116
116
116
116
116
116
116
116
116
116
116
116
117
117
117
118
119
119
119
119
120
121
121
121
121
121
121
121
121
121
123
123
123
123
123
123
123
123
123
123
123
123
123
123
124
126
126
126
126
126
128
128
128
128
128
130
131
132
132
132
132
132
132
132
132
133
134
135
136
136
136
136
136
136
136
136
136
136
136
137
138
138
138
138
138
139
140
140
140
140
140
140
140
142
142
142
142
142
142
142
142
142
142
142
143
144
145
146
147
147
147
147
147
147
147
147
147
147
147
148
150
150
150
150
150
150
150
150
150
150
150
152
153
153
153
153
153
154
155
155
155
155
155
155
155
155
155
155
155
156
158
158
158
159
161
161
161
161
161
161
161
161
161
161
161
161
161
161
161
161
161
162
162
163
164
164
164
166
166
166
166
166
166
167
168
168
168
168
168
168
168
168
169
170
171
172
172
172
172
172
172
172
173
175
175
175
175
175
175
175
175
175
175
175
175
175
175
175
177
177
177
177
177
177
177
177
177
177
177
179
179
179
179
179
179
179
180
182
182
182
182
182
182
182
182
182
182
182
182
182
182
183
184
184
184
184
184
186
186
186
186
186
186
187
188
188
188
188
188
188
188
188
188
188
188
188
190
191
192
192
192
192
192
192
192
192
192
192
192
193
194
194
194
194
194
195
196
196
196
196
196
196
196
196
196
197
198
200
200
200
201
204
204
204
204
204
204
204
204
204
204
204
204
204
204
204
204
205
206
206
206
206
206
206
206
206
206
208
208
208
208
208
210
210
210
210
210
210
210
210
212
212
212
212
212
212
212
214
214
214
214
214
216
216
216
216
216
218
218
218
218
218
218
218
218
219
220
220
220
220
220
220
220
220
220
220
220
220
222
222
222
222
223
224
224
224
224
224
224
224
224
224
225
227
227
227
227
227
227
227
227
227
227
229
229
229
229
229
229
230
231
231
231
231
231
231
231
231
231
231
231
231
231
231
231
233
233
233
233
233
233
233
234
234
234
236
236
236
236
236
236
236
236
237
238
238
238
238
238
238
238
238
238
238
238
239
240
242
242
242
242
243
244
244
244
244
244
244
244
244
244
244
244
245
247
247
247
247
248
249
249
249
250
250
250
250
250
250
250
251
252
252
252
252
252
252
252
252
252
252
252
254
254
254
254
254
254
254
256
256
256
256
257
258
258
258
258
258
258
258
258
258
259
261
261
261
261
261
261
261
261
261
261
263
263
263
263
264
265
265
265
265
265
265
265
266
267
268
268
268
268
268
268
268
268
268
268
269
270
270
270
270
270
270
270
271
272
272
272
272
272
272
272
272
272
272
273
274
274
274
274
274
274
274
274
276
276
276
276
276
276
276
277
278
278
278
278
278
278
278
279
280
281
281
281
281
281
281
281
281
281
281
282
283
283
283
283
283
283
283
283
285
285
285
285
285
285
285
286
287
287
287
287
287
287
287
288
289
290
290
290
290
290
290
290
290
290
290
291
292
292
292
292
292
294
294
294
294
294
294
294
294
294
294
296
296
296
296
296
296
296
297
298
298
298
298
298
298
298
298
300
300
300
300
300
300
300
300
300
300
300
300
302
302
302
302
302
302
302
303
304
304
304
304
304
304
304
304
304
304
304
304
306
306
306
306
306
306
306
307
308
309
310
310
310
310
310
310
310
310
310
310
311
312
312
312
312
312
312
312
312
314
314
314
314
314
314
315
316
316
316
316
316
316
316
318
318
318
318
319
320
320
320
320
320
320
320
321
322
323
324
325
325
325
325
325
325
325
325
325
326
327
328
328
329
329
329
330
330
330
330
330
330
330
330
330
330
332
332
332
332
332
332
333
334
334
334
334
334
334
334
334
334
334
334
334
334
335
336
336
336
336
336
336
336
336
336
336
336
337
338
339
340
341
341
341
341
341
341
341
341
341
342
342
342
343
344
344
345
345
345
346
346
346
346
346
346
346
346
346
346
346
346
346
346
346
346
346
346
346
347
347
348
348
348
349
349
349
349
349
349
349
349
349
349
349
349
349
349
349
349
349
349
349
350
350
351
351
351
352
352
352
352
352
352
352
352
352
352
352
352
352
352
352
352
352
352
352
353
353
354
354
354
355
355
355
355
355
355
355
355
356
357
357
357
357
357
357
357
357
357
358
358
358
359
360
360
361
361
361
362
362
362
362
362
362
362
362
363
364
364
364
364
364
364
364
364
364
365
365
365
366
367
367
368
368
368
369
369
369
369
369
369
369
369
370
371
371
371
371
371
371
371
371
371
372
372
372
373
374
374
375
375
375
376
376
376
376
376
376
376
376
376
376
376
376
376
376
376
376
376
376
376
377
377
378
380
380
380
381
383
383
383
384
386
386
386
386
386
386
386
386
386
386
386
387
388
388
388
388
388
388
388
388
389
389
389
389
389
389
389
389
391
391
391
391
391
392
392
392
392
392
394
394
394
394
394
394
394
394
394
394
394
394
394
394
394
394
394
394
395
396
396
396
396
396
396
396
396
396
396
398
398
398
398
398
398
399
400
400
400
400
401
401
401
401
402
403
403
403
403
403
403
403
404
405
405
405
405
405
405
405
406
407
407
407
407
408
408
408
408
409
410
411
411
411
411
411
411
411
412
413
413
413
413
413
413
413
414
415
415
415
415
415
415
415
415
415
416
416
416
416
416
416
416
416
416
418
418
418
418
418
418
418
418
418
418
419
420
420
420
420
420
420
420
420
420
421
421
421
421
421
421
421
421
421
421
421
422
424
424
424
424
424
424
424
424
424
426
426
426
426
426
426
426
427
427
427
427
427
427
427
429
429
429
429
430
430
430
430
431
432
433
433
433
433
433
434
435
435
435
435
435
435
435
436
437
437
437
437
437
438
439
439
439
439
439
439
439
440
441
443
443
443
443
443
443
443
444
445
445
445
445
445
445
445
445
445
446
446
446
446
446
446
446
446
446
448
448
448
448
448
448
448
448
448
448
449
450
450
450
450
450
450
450
450
450
451
451
451
451
451
451
451
451
451
451
451
452
454
454
454
454
454
454
454
454
454
455
455
455
455
455
455
455
456
456
456
456
456
456
456
458
458
458
458
459
459
459
459
460
461
463
463
463
463
463
463
463
463
463
463
463
463
463
463
464
464
464
464
464
464
464
464
464
464
464
464
465
466
466
466
466
466
466
466
466
466
467
468
468
468
468
468
468
468
468
468
468
468
468
469
470
471
472
472
472
472
472
472
472
472
472
472
472
472
472
472
472
472
472
474
474
474
474
474
474
474
474
474
475
477
477
477
478
480
480
480
480
480
480
480
480
480
480
480
480
480
480
481
481
481
481
481
481
481
481
481
481
481
481
482
483
483
483
483
483
483
483
483
483
484
485
485
485
485
485
485
485
485
485
485
485
485
486
487
487
487
487
487
487
487
487
487
487
487
487
487
487
487
487
487
488
489
490
491
492
492
492
492
492
492
492
492
492
492
492
492
492
492
492
492
492
494
494
494
494
494
494
494
494
494
495
497
497
497
498
500
500
500
500
500
500
500
500
500
500
500
500
500
500
501
501
501
501
501
501
501
501
501
501
501
501
502
503
503
503
503
503
503
503
503
503
503
504
505
505
505
505
505
505
505
505
505
505
505
505
505
505
505
505
505
507
507
507
507
507
507
507
507
507
508
509
509
509
510
512
512
512
512
512
512
512
512
512
512
512
512
512
512
513
513
513
513
513
513
513
513
513
513
513
513
513
514
515
515
515
515
515
515
515
515
515
515
517
517
517
517
517
517
517
518
519
519
519
519
519
519
519
519
519
519
519
519
521
522
524
524
524
524
524
524
524
526
526
526
526
526
526
526
526
526
526
526
526
527
528
528
528
528
528
529
530
530
530
530
530
530
530
530
530
531
533
533
533
533
533
533
533
533
533
533
533
533
534
535
536
537
537
537
537
537
537
537
537
537
537
537
537
537
537
537
537
537
538
538
538
538
538
538
538
538
538
539
540
541
542
542
542
542
542
542
542
542
542
542
542
542
542
542
543
545
545
545
545
545
545
545
545
545
545
545
545
546
547
547
547
548
550
550
550
550
550
550
550
550
550
551
552
552
552
552
552
552
552
552
553
555
555
555
555
555
555
555
555
555
556
557
557
557
557
557
557
557
557
557
557
557
557
557
557
557
557
557
557
557
557
557
557
557
557
557
557
557
557
557
557
558
560
560
560
560
560
560
560
560
560
561
562
562
562
562
562
562
562
562
562
563
563
563
563
563
563
563
563
563
563
563
563
563
563
563
563
563
563
563
563
563
564
564
564
564
564
564
564
564
565
567
567
567
567
567
567
567
567
568
569
569
569
569
569
569
569
569
569
569
569
569
569
569
569
569
569
569
569
569
569
569
569
569
569
569
570
570
570
571
573
573
573
573
573
573
573
573
573
573
573
573
573
573
574
574
574
574
574
574
574
574
574
575
576
576
576
576
577
578
578
578
578
578
578
578
578
578
579
581
581
581
581
581
581
581
581
582
583
583
583
583
583
583
583
583
583
583
583
583
583
583
583
585
585
585
585
585
585
586
587
587
587
587
587
587
587
589
589
589
589
589
589
589
591
591
591
591
592
593
593
593
593
593
593
593
593
593
594
595
596
597
598
598
598
598
598
598
598
600
600
600
600
600
600
600
601
602
602
602
602
602
602
602
602
602
603
604
605
606
606
606
606
606
606
606
606
606
607
608
608
608
608
608
608
608
608
608
608
608
608
608
608
608
610
610
610
610
611
612
612
612
612
612
612
612
612
612
613
614
615
615
615
615
615
615
615
615
615
616
617
617
617
617
617
617
617
617
617
617
617
617
617
617
617
619
619
619
619
620
621
621
621
621
621
621
621
621
621
622
623
625
625
625
625
625
625
625
625
625
625
625
625
625
626
628
628
628
628
628
628
628
628
629
630
630
630
630
631
632
632
632
632
632
632
632
632
632
633
635
635
635
636
638
638
638
638
638
638
638
638
638
638
638
638
639
640
640
640
640
640
642
642
642
642
642
642
643
644
644
644
644
644
644
644
644
645
646
646
646
646
646
646
647
648
648
648
648
648
648
648
648
648
648
648
648
648
648
648
648
648
648
648
648
649
650
650
650
650
650
650
651
653
653
653
653
653
653
653
653
653
653
653
653
653
653
653
653
653
653
654
655
655
655
655
655
655
655
655
655
655
655
655
655
655
655
655
655
656
657
657
657
657
657
657
657
657
658
658
659
660
661
663
663
663
664
666
666
666
666
666
666
666
666
666
667
668
668
668
668
668
668
670
670
670
670
670
670
670
670
670
670
672
672
672
672
672
672
672
672
672
672
672
672
672
672
672
672
672
673
674
674
674
674
674
674
674
674
674
674
674
674
674
674
674
674
676
677
678
678
678
678
678
678
678
678
678
679
680
680
680
680
680
681
682
683
685
685
685
686
688
688
688
688
688
688
688
688
688
689
690
690
690
690
690
692
692
692
692
692
692
692
692
692
692
694
694
694
694
694
694
694
694
694
694
694
694
694
694
694
694
694
695
696
696
696
696
696
696
696
696
696
696
696
698
698
698
698
698
698
698
698
698
698
698
698
698
698
698
699
701
701
701
702
704
704
704
704
704
704
704
704
704
704
704
704
705
706
706
706
706
706
706
706
706
706
706
706
706
706
708
708
708
708
709
710
710
710
710
710
710
710
710
710
711
713
713
713
713
713
713
713
713
713
713
713
713
715
715
715
715
715
716
716
716
716
716
716
716
716
717
717
717
717
717
719
719
719
719
719
719
719
720
721
721
721
721
721
721
721
721
723
723
723
723
724
725
725
725
725
725
725
725
725
725
725
725
726
728
728
728
728
729
730
730
730
730
730
730
730
730
730
731
732
732
732
732
732
732
732
734
734
734
734
734
734
734
735
735
735
735
737
737
737
737
738
739
739
739
739
739
739
739
740
741
742
743
744
744
744
744
744
744
744
744
744
744
744
744
746
746
746
746
746
746
746
746
747
748
748
748
748
748
748
748
748
748
748
748
748
748
748
748
748
748
748
748
748
748
748
748
749
750
751
752
752
752
752
752
752
752
752
752
753
754
755
756
757
758
759
760
760
760
760
760
760
760
760
760
760
762
762
762
762
762
762
762
762
763
764
764
764
764
764
764
764
766
766
766
766
766
766
766
766
766
766
767
767
767
767
767
767
767
767
767
767
768
768
768
768
768
768
768
768
768
768
769
769
769
769
769
769
769
769
769
769
771
771
771
771
771
771
771
771
771
771
771
771
771
771
771
771
771
771
771
771
771
771
771
771
771
771
771
771
772
772
772
772
772
772
772
772
772
772
772
772
772
772
772
772
772
772
772
772
772
773
774
774
774
774
774
774
774
774
774
774
774
774
774
774
774
774
774
774
774
774
774
775
777
777
777
777
777
777
777
777
777
777
777
777
778
778
778
778
778
778
778
778
778
778
778
778
780
780
780
780
780
780
780
780
780
780
780
780
780
780
780
780
780
780
781
782
782
782
782
782
782
782
782
782
782
782
783
785
785
785
785
785
785
785
785
785
785
785
785
785
785
785
785
785
785
785
785
785
785
786
787
787
787
787
788
789
789
789
789
789
789
789
790
792
792
792
792
793
794
795
796
796
796
796
796
796
796
796
796
796
796
796
796
796
796
796
796
796
797
798
798
798
798
798
798
798
798
798
798
798
799
801
801
801
801
801
801
801
802
803
804
805
806
806
806
806
806
806
806
806
806
806
806
807
808
809
809
809
809
809
810
811
811
811
811
811
811
811
811
811
811
811
811
811
812
813
814
816
816
816
817
819
819
819
819
819
819
819
819
819
819
819
819
819
819
820
820
820
821
822
822
822
822
822
822
822
822
822
822
822
822
824
824
824
824
824
824
824
825
827
827
827
827
827
827
827
827
827
827
827
827
827
829
829
829
829
829
829
829
829
829
829
829
829
831
831
831
831
831
831
831
831
832
833
833
833
833
833
833
833
833
833
833
833
833
834
834
834
834
834
834
834
834
834
834
834
834
836
837
838
838
838
838
838
838
838
838
838
838
838
838
838
838
838
838
838
838
838
838
838
839
839
839
839
839
839
839
840
841
841
841
841
841
842
843
843
843
843
843
843
843
843
843
843
843
844
845
846
847
848
848
848
848
848
848
848
848
848
849
850
851
853
853
853
853
853
853
853
853
853
853
853
853
853
853
854
854
854
855
856
856
856
856
856
856
856
856
856
856
856
856
858
858
858
858
858
858
858
859
860
860
860
860
860
860
860
860
862
862
862
862
862
862
862
862
862
862
863
864
864
864
864
864
864
864
864
864
864
864
864
866
866
866
866
866
866
866
866
867
868
869
870
870
870
870
870
870
870
870
870
870
870
870
870
870
870
870
870
871
871
871
871
871
871
871
871
871
871
871
871
871
871
871
871
871
872
872
872
872
872
872
872
872
872
872
872
872
872
872
872
872
872
873
873
873
873
873
873
873
873
873
873
873
873
875
875
875
875
875
875
875
875
875
875
875
875
875
875
875
877
877
877
877
877
877
877
878
879
879
879
879
879
880
881
881
881
881
881
881
881
881
881
881
881
882
883
884
885
886
886
886
886
886
886
886
886
886
886
886
886
886
887
888
889
890
892
892
892
892
892
892
892
892
892
892
892
893
894
894
894
894
894
894
894
894
894
894
894
894
896
896
896
896
896
896
896
897
898
898
898
900
900
900
900
900
900
900
900
902
902
902
902
902
902
902
902
902
902
902
903
904
904
904
904
904
904
904
904
905
906
907
908
909
910
910
910
910
910
910
910
910
910
910
911
911
911
911
911
911
911
911
912
913
913
913
913
913
914
915
915
915
915
915
915
915
915
916
917
919
919
919
919
919
919
919
920
921
922
923
