6
6
6
6
6
6
6
6
6
8
8
8
8
8
8
8
8
8
8
8
8
8
8
9
9
9
9
9
9
9
9
9
9
9
9
9
9
10
10
10
10
10
10
10
10
10
10
10
10
10
10
11
11
11
11
11
11
11
11
11
11
11
11
11
11
13
13
13
13
13
13
13
14
14
14
14
14
14
14
15
15
15
15
15
15
15
15
15
16
16
16
16
16
16
16
16
16
17
17
17
17
17
17
17
19
19
19
19
19
19
19
19
19
20
20
20
20
20
20
20
20
20
20
20
21
21
21
21
21
21
21
21
21
21
21
22
22
22
22
22
22
22
22
22
22
22
23
23
23
23
23
23
23
23
23
23
23
24
24
24
24
24
24
24
24
24
24
24
25
25
25
25
25
25
25
25
25
25
25
26
26
26
26
26
26
26
26
26
26
26
27
27
27
27
27
27
27
27
27
27
27
28
28
28
28
28
28
28
28
28
28
28
29
29
29
29
29
29
29
29
29
29
29
30
30
30
30
30
30
30
30
30
30
30
30
30
31
31
31
31
31
31
31
31
31
31
31
31
31
32
32
32
32
32
32
32
32
32
32
32
33
33
33
33
33
33
33
33
33
33
33
34
34
34
34
34
34
34
34
34
34
34
36
36
36
36
36
36
36
37
38
38
38
38
39
39
39
39
40
40
40
40
41
41
41
41
42
42
42
42
43
43
43
43
44
44
44
44
46
46
46
46
47
47
47
47
49
49
49
49
49
49
49
49
49
50
50
50
50
50
50
50
50
50
52
52
52
52
52
52
52
52
52
52
53
54
54
54
54
54
54
54
54
54
54
54
54
56
56
56
56
56
56
56
56
56
56
56
56
58
58
58
58
58
60
60
60
60
60
60
60
60
60
60
60
60
61
61
61
61
61
61
61
61
61
61
61
61
62
62
62
62
62
62
62
62
62
62
62
62
63
63
63
63
63
63
63
63
63
63
63
63
65
65
65
65
65
65
65
67
67
67
67
67
67
67
67
67
67
67
67
67
67
67
67
67
67
69
69
69
69
69
69
69
69
69
69
71
71
71
71
71
71
71
71
71
71
71
73
73
73
73
73
73
73
75
75
75
75
75
75
75
75
75
75
75
75
75
76
78
78
78
78
78
78
78
78
78
79
80
82
82
82
82
82
82
82
82
82
83
84
84
84
84
85
86
86
86
86
86
86
86
86
86
86
86
86
87
88
90
90
90
90
90
90
90
90
90
91
92
92
92
92
93
94
94
94
94
94
94
94
94
94
94
94
94
94
94
94
94
94
94
94
94
94
94
94
95
95
95
95
95
95
95
95
95
95
95
95
95
95
95
95
95
95
95
95
96
96
96
96
96
96
96
96
96
96
96
96
96
96
96
96
96
96
96
96
96
96
96
96
97
97
97
97
97
97
97
97
97
97
97
97
97
97
97
97
97
97
97
97
97
97
97
98
99
101
101
101
101
101
101
101
102
103
105
105
105
105
105
105
105
105
105
105
105
105
106
107
107
107
107
108
109
109
109
109
109
109
109
109
109
109
109
109
109
109
109
109
109
109
109
109
109
109
110
111
113
113
113
113
113
113
113
113
113
113
113
113
114
115
115
115
115
115
115
115
115
116
117
117
117
117
117
117
117
117
117
118
118
118
118
118
118
118
118
118
119
119
119
119
119
119
119
119
119
120
120
120
120
120
120
120
120
120
121
121
121
121
121
121
121
121
121
122
122
122
122
122
122
122
122
122
123
123
123
123
123
123
123
123
123
124
124
124
124
124
124
124
124
124
125
125
125
125
125
125
125
125
125
128
128
128
128
128
128
128
128
129
131
131
131
131
131
131
132
134
134
134
134
134
134
134
134
134
135
136
136
136
136
136
136
136
136
136
136
136
136
136
136
136
136
136
136
137
138
138
138
138
138
138
138
138
140
140
140
140
141
142
142
142
143
143
143
143
144
144
146
146
146
147
147
147
147
148
148
150
150
150
151
151
151
151
152
152
154
154
154
155
155
155
155
156
156
158
158
158
159
159
159
159
160
160
162
162
162
163
163
163
163
164
164
166
166
166
167
167
167
167
168
168
173
174
175
177
177
177
177
177
177
177
178
179
179
179
179
179
179
179
179
181
181
181
181
182
183
183
183
183
183
183
183
183
183
183
183
183
183
183
183
183
184
186
186
186
186
187
188
188
188
188
188
188
188
188
188
188
188
188
188
188
188
188
189
191
191
191
191
192
193
193
193
193
193
193
193
193
193
195
195
195
195
195
195
195
195
195
195
195
195
197
197
197
197
197
197
197
197
197
197
197
197
198
200
200
200
200
201
202
202
202
202
202
202
202
202
202
202
202
202
202
204
204
204
204
204
204
204
204
204
204
204
204
204
204
204
204
206
206
206
206
206
206
206
206
206
206
207
209
209
209
209
210
211
211
211
211
211
211
211
211
211
211
211
211
211
213
214
215
215
215
215
215
215
215
215
215
215
215
215
215
215
215
215
215
215
215
215
215
215
217
217
217
217
217
217
217
217
217
218
219
219
219
219
219
220
221
221
221
221
221
221
222
223
224
225
226
226
226
226
226
226
226
226
226
226
226
226
226
227
229
229
229
229
230
231
231
231
231
231
231
231
231
231
231
231
231
231
232
232
232
232
232
232
232
232
232
232
232
232
232
233
233
233
233
233
233
233
233
233
234
248
250
250
250
250
250
250
250
250
250
250
251
252
252
252
252
252
252
252
252
254
254
254
254
254
254
254
254
254
254
254
254
255
255
255
255
255
255
255
255
255
255
255
255
256
256
256
256
256
256
256
256
256
256
256
256
257
257
257
257
257
257
257
257
257
257
257
257
258
258
258
258
258
258
258
258
258
258
258
258
259
259
259
259
259
259
259
259
259
259
259
259
261
261
261
261
261
261
261
262
263
263
263
264
264
264
266
266
266
266
266
266
266
266
266
266
267
268
268
268
268
268
268
268
268
268
268
268
268
268
268
268
268
269
269
269
269
269
269
269
269
269
269
269
269
269
269
269
270
271
272
273
273
273
273
274
274
274
274
275
277
277
277
277
277
277
277
277
277
277
277
277
277
277
277
277
279
279
279
279
279
279
279
279
279
279
279
279
279
279
279
279
280
280
280
280
280
280
280
280
280
280
280
280
280
280
280
280
281
281
281
281
281
281
281
281
281
281
281
281
282
282
282
282
282
282
282
282
282
282
282
282
283
283
283
283
283
283
283
283
283
283
283
283
283
283
283
283
284
284
284
284
284
284
284
284
284
284
284
284
285
287
287
287
287
287
287
287
288
315
316
