6
6
6
6
6
6
6
6
6
8
8
8
8
8
8
8
8
8
8
8
8
8
9
9
9
9
9
9
9
9
9
10
10
10
10
10
10
10
10
10
12
12
12
12
13
14
14
14
14
14
14
14
14
14
14
14
14
14
14
14
16
16
16
17
18
18
18
18
18
19
21
21
21
21
21
21
22
23
23
23
23
23
23
23
23
23
23
25
25
25
25
25
25
26
27
27
27
27
27
27
27
27
29
29
29
29
29
29
29
29
29
30
31
31
31
31
31
32
33
33
33
33
33
33
33
33
33
33
34
35
35
35
35
35
36
37
37
37
37
37
37
37
37
37
37
37
37
37
37
37
37
37
38
39
39
39
39
39
40
41
43
43
43
43
43
43
43
43
43
45
45
45
46
48
48
48
48
48
48
49
50
50
50
50
50
50
50
50
50
50
52
52
52
52
52
52
53
54
54
54
54
54
54
54
54
56
56
56
56
56
56
56
56
56
56
56
56
56
56
56
56
57
58
58
58
58
58
58
58
58
58
59
60
60
60
60
60
61
62
63
64
64
64
64
64
65
66
67
67
67
67
67
67
67
67
67
67
68
69
69
69
69
69
69
69
69
69
70
71
71
71
71
71
72
73
74
75
75
75
75
75
76
77
78
80
80
80
80
80
81
82
82
