6
6
6
6
6
6
6
6
6
8
8
8
8
8
8
8
8
8
8
8
8
8
8
9
9
9
9
9
9
9
9
9
9
9
9
9
9
10
10
10
10
10
10
10
10
10
10
10
10
10
10
11
11
11
11
11
11
11
11
11
11
11
11
11
11
12
12
12
12
12
12
12
12
12
12
12
12
12
12
13
13
13
13
13
13
13
13
13
13
13
13
13
13
14
14
14
14
14
14
14
14
14
14
14
14
14
14
15
15
15
15
15
15
15
15
15
15
15
15
15
15
16
16
16
16
16
16
16
16
16
16
16
16
16
16
17
17
17
17
17
17
17
17
17
17
17
17
17
17
18
18
18
18
18
18
18
18
18
18
18
18
18
18
19
19
19
19
19
19
19
19
19
19
19
19
19
19
20
20
20
20
20
20
20
20
20
20
20
20
20
20
21
21
21
21
21
21
21
21
21
21
21
21
21
21
22
22
22
22
22
22
22
22
22
22
22
22
22
22
23
23
23
23
23
23
23
23
23
23
23
23
23
23
24
24
24
24
24
24
24
24
24
24
24
24
24
24
26
26
26
26
26
26
26
27
27
27
27
27
27
27
28
28
28
28
28
28
28
29
29
29
29
29
29
29
30
30
30
30
30
30
30
31
31
31
31
31
31
31
32
32
32
32
32
32
32
34
34
34
34
35
36
36
36
36
36
36
36
36
36
36
36
36
38
38
38
38
39
40
42
42
42
42
42
42
42
42
42
42
42
43
44
44
44
44
44
46
46
46
46
46
46
46
46
46
47
47
47
47
47
47
47
48
48
48
48
48
49
49
49
49
49
51
51
51
51
51
51
51
51
51
51
51
51
51
51
51
52
52
52
52
52
52
54
54
54
54
54
54
54
54
54
54
54
54
54
54
54
55
55
55
55
55
55
57
57
57
57
57
57
57
57
57
57
57
57
57
57
57
58
58
58
58
58
58
60
60
60
60
60
60
60
60
60
60
60
60
60
60
60
61
61
61
61
61
61
63
63
63
63
63
65
65
65
65
65
65
65
65
67
67
67
67
67
67
68
69
69
69
69
69
69
69
69
69
69
69
69
70
72
72
72
72
72
72
72
72
72
72
72
72
72
72
72
72
72
73
73
73
73
73
73
73
73
73
73
73
73
73
73
73
73
73
74
74
74
74
74
74
74
74
74
74
74
74
76
76
76
76
77
78
78
78
78
78
78
78
78
78
78
78
78
78
78
78
78
78
79
81
81
81
81
81
81
81
82
84
84
84
84
84
84
84
84
85
86
86
86
86
86
88
88
88
88
88
88
89
90
90
90
90
90
90
90
90
90
90
90
90
90
90
90
90
90
90
90
90
90
90
91
91
91
92
94
94
94
95
97
97
97
97
97
97
97
97
97
97
97
98
99
99
99
99
99
99
99
99
101
101
101
101
101
101
101
101
101
101
101
101
101
101
102
103
103
103
103
103
103
103
104
106
106
106
106
106
106
106
107
109
109
109
109
109
109
109
109
110
111
111
111
111
111
111
111
111
111
111
112
114
114
114
114
114
114
114
114
114
114
114
115
116
116
116
116
116
116
116
116
116
116
116
116
116
116
116
116
116
117
119
119
119
119
119
119
119
119
119
119
119
120
121
121
121
121
121
121
121
121
121
121
121
121
122
124
124
124
124
124
124
124
124
124
124
124
125
126
126
126
126
126
126
126
126
126
126
126
126
126
126
126
126
126
127
129
129
129
129
129
129
129
129
129
129
129
130
131
131
131
131
131
131
131
131
131
131
131
131
132
134
134
134
134
134
134
134
134
134
134
134
135
136
136
136
136
136
136
136
136
136
136
136
136
136
136
136
136
136
137
139
139
139
139
139
139
139
139
139
139
139
139
139
139
139
139
139
140
141
141
141
141
141
141
141
141
143
143
143
143
143
143
144
145
145
145
145
145
145
145
145
145
147
147
147
147
147
148
149
149
149
149
149
149
149
150
152
152
152
152
152
152
153
154
154
154
154
154
154
154
154
154
154
154
154
154
154
154
154
155
156
156
156
156
156
156
156
157
158
160
160
160
160
161
162
162
162
162
162
162
162
163
164
166
166
166
166
166
166
166
167
169
169
169
169
169
169
169
169
169
169
169
169
169
169
170
171
171
171
171
171
171
171
171
171
171
171
171
171
173
173
173
173
173
173
174
175
175
175
175
175
175
175
175
175
175
175
175
177
177
177
177
177
177
177
178
179
179
179
179
179
179
179
179
179
179
179
179
179
179
180
181
181
181
181
181
181
181
182
183
184
186
186
186
187
189
189
189
189
189
189
189
189
189
189
189
189
189
189
190
191
191
191
191
191
191
191
191
193
193
193
193
193
193
193
194
195
195
195
195
195
195
195
195
195
195
195
195
196
198
198
198
198
198
198
198
198
198
198
199
200
200
200
200
200
200
200
200
200
200
200
200
200
201
203
203
203
203
203
203
203
204
206
206
206
206
206
206
206
206
206
206
206
206
206
206
207
208
208
208
208
208
208
208
208
208
208
210
210
210
210
210
212
212
212
212
212
212
212
213
214
214
214
214
214
214
214
214
214
214
214
214
214
214
214
214
214
214
216
216
216
216
216
216
216
217
218
218
218
218
218
218
218
218
218
218
218
218
218
218
218
218
218
219
220
222
222
222
223
225
225
225
225
225
225
225
225
226
227
227
227
227
227
227
227
227
227
227
229
229
229
229
229
231
231
231
231
231
231
231
232
233
233
233
233
233
233
233
233
233
233
233
234
236
236
236
237
239
239
239
239
239
239
239
239
240
241
241
241
241
241
241
242
244
244
244
244
244
244
244
244
245
246
246
246
246
246
246
246
246
246
246
248
248
248
248
248
250
250
250
250
250
250
250
251
252
252
252
252
252
252
252
252
252
252
252
253
255
255
255
256
258
258
258
258
258
258
258
258
258
258
258
259
260
260
260
260
260
260
260
260
260
260
260
260
260
261
263
263
263
263
263
263
263
263
263
263
263
263
263
264
265
265
265
265
265
265
265
265
266
268
268
268
268
268
268
268
268
268
268
268
268
268
268
268
268
269
270
270
270
270
270
270
270
270
272
272
272
272
272
272
272
272
272
272
272
272
272
272
272
272
272
272
273
274
274
274
274
274
274
274
274
274
274
274
274
274
274
274
274
274
274
274
274
274
274
274
274
274
274
274
274
274
274
274
274
274
274
274
274
274
274
274
274
275
277
277
277
277
277
277
277
277
277
277
277
278
280
280
280
280
280
280
280
280
280
280
280
280
280
281
282
282
282
282
282
282
282
282
282
282
282
282
282
282
282
284
284
284
284
284
284
285
286
286
286
286
286
286
286
286
286
288
288
288
288
288
288
288
288
289
289
289
289
289
289
289
289
291
291
291
291
291
293
293
293
293
293
293
293
293
293
293
293
293
293
293
294
295
295
295
295
295
295
295
295
295
295
297
297
297
297
298
299
299
299
300
300
300
300
300
301
303
303
303
303
303
303
303
303
303
303
303
303
303
304
305
306
307
307
307
307
307
307
307
308
309
309
310
310
310
311
311
311
311
312
314
314
314
314
314
314
314
314
314
314
314
314
314
314
314
314
314
315
315
315
315
315
315
315
315
315
315
315
315
315
316
316
316
316
316
316
316
316
316
316
316
316
316
317
317
317
317
318
319
320
321
321
321
321
322
323
323
324
324
324
325
325
325
325
326
327
327
327
327
327
327
327
328
329
329
330
330
331
331
331
331
332
333
333
333
333
333
333
333
334
335
336
337
337
337
337
337
337
337
338
339
340
341
343
343
343
344
346
346
346
346
346
346
346
346
346
346
346
346
346
347
348
348
348
348
348
348
348
348
348
348
348
348
348
348
348
350
350
350
350
350
350
351
352
352
352
352
352
352
352
352
352
354
354
354
354
354
354
354
354
355
355
355
355
355
355
355
355
357
357
357
357
357
359
359
359
359
359
359
359
359
359
359
359
359
359
359
360
361
361
361
361
361
361
361
361
361
361
363
363
363
363
364
365
365
365
366
366
366
366
366
367
369
369
369
369
369
369
369
369
369
369
369
369
369
370
371
372
373
373
373
373
373
373
373
374
375
375
376
376
376
377
377
377
377
378
380
380
380
380
380
380
380
380
380
380
380
380
380
380
380
380
380
381
381
381
381
381
381
381
381
381
381
381
381
381
382
382
382
382
382
382
382
382
382
382
382
382
382
383
383
383
383
384
385
386
387
387
387
387
388
389
389
390
390
390
391
391
391
391
392
393
393
393
393
393
393
393
394
395
395
396
396
397
397
397
397
398
399
399
399
399
399
399
399
400
401
402
403
403
403
403
403
403
403
404
405
406
407
409
409
409
410
412
412
412
412
412
412
412
412
413
414
414
414
414
414
416
417
418
418
418
418
418
418
418
418
418
418
418
418
418
418
419
420
420
420
420
420
421
422
424
424
424
425
427
427
427
427
427
427
427
427
427
427
428
429
429
429
429
429
429
429
429
429
429
429
429
429
430
432
432
432
432
432
432
432
432
432
432
432
433
434
434
434
434
434
434
434
434
435
437
437
437
437
437
437
437
437
437
437
437
437
437
437
438
439
439
439
439
439
439
439
439
441
441
441
441
441
441
442
443
443
443
443
443
443
443
444
445
445
445
445
445
445
445
445
445
445
445
445
445
445
445
445
446
448
448
448
448
448
448
448
448
448
448
449
450
450
450
450
450
450
450
450
450
450
450
450
450
451
452
454
454
454
454
454
454
454
455
457
457
457
457
457
457
457
457
457
457
457
458
459
459
459
459
459
459
459
459
459
461
461
461
461
461
463
463
463
463
463
463
463
463
463
463
463
463
463
463
463
463
463
463
463
463
463
463
463
463
463
463
463
463
463
463
464
465
465
465
465
465
465
465
465
465
465
465
465
465
466
468
468
468
468
468
468
468
469
471
471
471
471
471
471
471
471
472
473
473
473
473
473
473
473
473
475
475
475
475
475
475
475
475
475
475
475
475
475
475
476
477
477
477
477
477
477
477
477
477
477
477
477
479
479
479
479
479
479
479
479
479
479
479
479
479
479
479
479
479
479
480
481
481
481
481
481
481
481
481
483
483
483
483
483
483
483
483
483
483
483
483
483
483
483
483
483
484
486
486
486
486
486
486
486
486
486
486
486
486
486
486
487
489
489
489
489
489
489
489
490
492
492
492
492
492
492
492
492
492
492
492
492
492
492
492
492
493
494
494
494
494
494
494
494
494
494
494
494
494
494
494
494
494
494
494
495
495
495
495
495
495
495
497
497
497
498
499
500
