18
18
18
18
18
18
18
18
18
18
18
18
18
20
20
20
20
20
20
20
21
21
21
21
21
21
21
22
22
22
22
22
22
22
24
24
24
24
24
24
24
24
24
24
24
24
24
30
30
30
30
31
33
33
33
33
33
33
33
33
33
33
33
34
35
35
35
35
36
36
36
36
37
37
37
37
38
38
38
38
38
39
39
39
39
41
41
41
41
41
41
41
41
42
43
43
43
43
43
43
43
43
43
44
44
44
44
44
44
44
45
47
47
47
47
47
47
47
47
47
47
47
47
49
49
49
49
49
49
49
51
51
51
51
51
51
51
53
53
53
53
53
53
53
54
55
55
55
55
55
55
55
56
56
56
56
56
56
57
58
59
60
60
60
60
60
60
60
60
60
60
60
60
60
60
61
61
61
61
61
61
61
61
61
61
61
61
61
61
62
64
65
66
66
66
66
66
66
66
66
66
67
67
67
67
67
67
67
67
67
67
67
67
67
67
67
67
67
68
69
69
69
69
69
69
70
71
71
71
71
71
71
71
71
71
71
71
71
71
71
71
72
72
72
72
72
72
72
73
75
76
77
77
77
77
77
77
77
78
78
78
78
78
78
78
78
78
78
78
78
78
78
79
79
79
79
79
79
80
81
81
81
81
81
81
82
83
83
83
83
83
83
83
83
83
83
83
83
83
83
83
84
84
84
84
84
84
84
85
86
88
89
