18
18
18
18
18
18
18
18
18
18
18
20
20
20
20
20
20
20
21
21
21
21
21
21
21
22
22
22
22
22
22
22
23
23
23
23
23
23
23
23
23
25
25
25
25
25
25
25
26
26
26
26
26
26
26
26
26
27
27
27
27
27
27
27
27
27
29
29
29
29
29
29
29
29
29
29
29
29
29
35
35
35
35
35
36
40
40
40
41
43
43
43
43
43
45
45
45
45
45
47
47
47
47
47
49
49
49
49
49
51
51
51
51
51
53
53
53
53
53
55
55
55
55
55
55
55
56
56
56
56
56
56
57
62
62
62
62
62
62
63
64
64
64
65
66
72
72
72
72
73
74
74
74
74
74
74
74
75
81
81
81
81
81
81
81
82
83
83
83
83
83
83
83
84
91
91
91
91
91
91
91
91
91
91
91
92
93
93
93
93
93
93
93
93
93
94
100
100
100
100
100
100
100
101
102
102
102
102
102
102
102
103
109
109
109
109
109
109
109
110
111
111
111
111
111
111
111
112
119
119
119
119
119
119
119
119
119
119
119
120
121
121
121
121
121
121
121
121
121
122
130
130
130
130
130
130
130
130
130
130
130
130
130
130
130
131
132
132
132
132
132
132
132
132
132
133
152
152
152
152
152
152
152
152
152
152
153
153
153
153
153
153
153
153
154
154
154
154
154
155
155
155
156
157
157
157
157
157
157
157
157
157
157
157
157
157
157
157
157
157
157
157
157
157
158
159
159
159
160
162
162
162
162
162
163
163
163
164
166
166
166
166
166
166
167
167
167
167
167
167
167
167
167
167
167
167
167
168
168
168
168
168
168
168
168
168
168
169
169
169
169
169
169
169
169
170
171
171
171
171
171
171
171
171
171
172
173
173
173
173
173
173
173
174
175
175
175
176
178
178
178
178
178
178
178
178
178
178
178
178
178
178
178
178
178
178
178
178
178
178
178
178
180
180
180
180
180
180
180
180
180
180
180
181
181
181
181
181
181
181
181
181
181
181
181
181
181
181
181
181
181
181
181
183
183
183
183
183
183
183
183
183
183
183
183
183
183
183
183
183
183
183
183
183
183
183
185
185
185
185
185
185
185
185
185
185
185
185
185
185
185
186
186
186
186
186
186
186
186
186
186
186
186
186
186
186
186
186
186
186
186
187
187
187
187
187
187
187
187
187
187
187
187
187
187
187
187
187
188
188
188
188
188
188
188
188
188
189
189
189
189
189
189
189
189
189
189
189
189
189
189
189
189
189
189
189
189
189
191
191
191
191
191
191
191
191
191
191
191
191
191
191
192
192
192
192
192
192
192
192
193
194
194
194
194
194
194
194
194
194
195
196
196
196
196
196
196
196
197
198
198
198
199
202
202
202
202
202
202
202
202
202
202
202
202
202
202
202
202
202
202
202
202
202
202
202
203
204
204
204
205
206
206
206
206
206
206
206
206
206
206
206
206
206
206
206
206
206
206
206
206
206
207
207
207
207
207
207
207
207
208
209
209
209
209
209
209
209
209
209
210
211
211
211
211
211
211
211
212
213
213
213
214
214
214
215
216
216
216
216
216
216
216
216
216
217
217
217
217
217
217
217
217
218
219
219
219
219
219
219
219
219
219
220
221
221
221
221
221
221
221
222
223
224
224
224
225
244
244
244
244
244
244
244
244
244
244
245
245
245
245
245
245
245
245
246
246
246
246
246
247
247
247
248
249
249
249
249
249
249
249
249
249
249
250
259
259
259
259
259
259
259
259
259
259
260
261
261
261
261
261
261
261
261
261
261
261
261
261
261
262
262
262
262
262
262
262
262
263
264
264
264
264
264
264
264
264
264
264
264
265
265
265
265
265
265
265
266
267
267
267
267
267
267
267
267
267
267
267
267
267
267
268
269
269
269
269
269
269
269
270
271
273
