1
1
1
1
1
1
1
1
1
1
1
1
1
3
3
3
3
3
3
3
4
4
4
4
4
4
4
6
6
6
6
6
6
6
6
6
6
6
7
7
7
7
7
7
7
7
7
7
7
8
8
8
8
8
8
8
8
8
8
8
8
8
9
9
9
9
9
9
9
9
9
9
9
10
10
10
10
10
10
10
10
10
10
10
10
10
11
11
11
11
11
11
11
11
11
11
11
11
11
11
11
12
12
12
12
12
12
12
12
12
12
12
12
12
13
13
13
13
13
13
13
13
13
13
13
13
13
13
13
19
19
19
20
20
21
22
22
22
22
22
22
22
22
29
29
29
29
29
29
29
29
31
31
31
31
31
34
34
34
34
34
42
42
42
42
42
42
42
43
43
43
43
43
43
43
44
46
46
46
46
46
46
46
46
46
46
46
46
47
48
48
48
48
48
49
49
49
49
50
50
50
50
50
50
50
50
51
51
51
51
51
51
51
51
52
60
60
61
61
61
61
61
61
61
61
61
61
61
61
61
61
64
64
64
64
64
64
64
65
67
67
68
68
68
68
68
68
68
68
68
68
69
69
69
70
70
71
72
72
72
72
72
73
73
73
73
73
73
73
74
74
74
74
74
74
74
74
74
74
74
74
74
75
76
76
76
76
76
76
76
76
76
76
76
76
76
76
76
76
76
77
77
77
77
77
77
77
77
80
80
80
80
80
80
80
80
80
80
80
80
81
81
81
81
81
81
81
81
82
82
82
82
82
82
82
82
82
83
83
83
83
83
83
83
83
83
86
86
86
86
86
86
86
86
86
87
87
87
87
87
87
87
87
87
87
87
88
88
89
90
90
90
90
90
90
90
90
90
92
92
92
92
92
92
92
92
92
92
92
92
92
92
92
92
92
93
93
94
95
95
95
95
95
95
95
96
96
96
96
96
96
96
96
96
96
97
99
99
99
99
99
99
99
99
99
99
99
100
100
100
100
100
100
100
100
100
100
100
100
100
100
100
100
100
101
101
101
101
101
101
101
101
101
101
101
102
103
105
105
105
105
105
105
105
106
106
106
107
109
109
109
109
109
109
109
109
109
110
118
118
119
119
119
119
119
119
119
119
119
119
119
119
120
121
121
121
121
121
122
122
122
122
122
122
122
122
122
122
123
125
125
125
125
125
126
126
127
127
127
127
127
127
127
127
127
127
128
128
128
128
128
129
130
130
130
130
130
131
131
131
131
131
131
131
131
131
131
131
131
131
131
131
131
131
131
131
131
132
134
134
135
135
135
135
135
135
135
135
135
135
136
136
136
136
136
137
138
138
138
138
138
139
139
139
139
139
139
139
139
139
139
139
139
140
148
148
148
148
148
149
149
149
149
149
149
149
149
149
149
150
154
154
154
154
154
154
154
155
155
155
155
155
155
155
155
155
155
155
155
155
156
157
157
157
157
157
157
157
157
157
157
157
157
157
157
157
162
162
162
162
162
162
162
162
162
163
163
163
163
163
163
163
163
163
163
163
163
163
168
168
168
168
168
168
168
168
169
169
169
169
169
169
169
169
169
169
169
169
169
169
170
171
172
174
174
174
174
174
174
174
174
174
174
175
176
176
176
176
176
176
176
176
176
176
177
177
177
177
177
178
178
178
178
178
178
178
178
178
178
178
178
179
180
180
180
180
180
180
181
182
183
