17
17
17
18
19
19
19
20
21
21
21
21
21
21
22
22
22
22
22
22
22
22
22
22
22
22
22
22
22
22
22
22
22
22
22
22
22
23
23
23
23
23
23
23
23
23
23
24
24
24
24
24
24
24
24
24
24
25
27
27
27
27
28
29
29
29
29
29
29
29
29
29
29
29
29
30
32
32
32
32
32
32
32
33
34
34
34
34
34
36
36
36
36
36
36
36
36
36
36
36
36
36
36
37
38
38
38
38
38
38
38
38
38
38
38
44
44
44
44
44
46
46
46
46
46
46
46
46
46
46
46
46
46
46
47
49
49
49
50
52
52
52
52
52
52
52
53
54
54
54
54
54
54
54
54
56
56
56
56
56
56
56
56
56
56
56
56
56
56
56
56
56
56
56
56
56
56
56
56
56
56
56
56
56
56
56
56
56
56
56
58
58
58
58
58
58
58
58
58
58
58
58
58
59
61
61
61
61
61
61
61
61
61
61
62
63
63
63
63
63
64
65
65
