6
6
6
6
6
6
6
6
6
6
6
8
8
8
8
8
8
8
8
8
8
8
8
8
8
9
9
9
9
9
9
9
9
9
9
9
9
9
9
10
10
10
10
10
10
10
10
10
10
10
10
10
10
12
12
12
12
12
12
12
13
13
13
13
13
13
13
14
14
14
14
14
14
14
15
15
15
15
15
15
15
16
16
16
16
16
16
16
17
17
17
17
17
17
17
18
18
18
18
18
18
18
20
20
20
20
20
20
20
20
20
20
20
21
21
21
21
21
21
21
21
21
21
21
21
21
22
22
22
22
22
22
22
22
22
22
22
22
22
23
23
23
23
23
23
23
23
23
23
23
23
23
24
24
24
24
24
24
24
24
24
24
24
24
24
26
26
26
26
26
27
28
28
28
28
28
28
28
28
28
28
28
28
28
28
30
30
30
30
30
30
30
30
30
30
30
30
30
30
31
31
31
31
31
31
31
31
31
31
31
31
31
31
33
33
33
33
33
33
34
35
35
35
35
35
35
35
35
35
35
35
35
35
35
35
35
37
37
37
37
37
37
37
38
39
39
39
39
39
39
39
39
39
39
41
41
41
41
41
41
41
42
43
45
45
45
45
45
46
47
47
47
47
47
49
49
49
49
49
49
49
49
49
49
49
49
49
49
50
51
51
51
51
51
51
51
51
51
51
51
51
51
51
51
51
51
51
52
53
53
53
53
53
53
53
53
53
53
54
54
54
54
54
54
54
54
54
54
56
56
56
56
56
56
57
58
58
58
58
59
59
60
61
62
64
64
64
65
67
67
67
67
67
68
69
69
69
69
69
69
70
72
72
73
73
73
73
73
73
73
73
73
73
74
75
75
75
75
77
77
77
77
77
77
77
77
77
77
77
77
79
79
79
79
79
79
79
79
79
79
79
79
79
79
79
79
79
79
80
81
81
81
81
81
81
81
81
81
81
83
83
83
83
84
85
85
85
85
85
85
85
85
85
85
87
87
87
87
87
87
87
87
87
89
89
89
89
89
89
89
89
89
89
89
89
89
89
89
91
91
91
91
91
91
91
92
93
94
96
96
96
96
96
96
96
96
96
96
96
96
96
97
98
98
98
98
98
99
99
99
99
99
101
101
101
101
101
103
103
103
103
103
103
103
103
103
103
103
103
103
105
105
105
105
105
105
105
105
105
105
105
105
105
105
106
107
107
107
107
107
107
107
107
107
107
109
109
109
109
109
109
109
109
109
111
111
111
111
111
111
111
113
113
113
113
113
113
113
113
113
127
127
127
127
128
129
129
129
130
130
130
131
131
131
132
132
132
133
133
133
134
134
134
135
135
135
135
136
136
138
138
138
139
139
139
139
140
140
142
142
142
143
143
143
144
144
144
145
145
145
145
146
146
148
148
148
149
149
149
150
150
150
150
150
150
150
150
150
150
150
150
150
150
150
150
150
150
150
150
150
150
150
152
152
152
152
152
152
152
152
152
152
153
154
154
154
154
154
154
154
154
154
155
156
156
158
158
159
159
159
160
160
161
163
163
163
163
163
163
163
165
165
165
165
166
167
167
167
167
167
167
167
167
167
167
167
167
167
167
168
169
169
169
169
169
169
170
172
172
172
172
173
173
174
175
175
175
175
175
176
177
177
177
177
178
178
179
180
180
180
180
180
180
180
180
180
180
180
180
180
180
180
181
182
182
182
182
182
182
183
183
183
183
184
184
185
186
188
188
188
189
191
191
191
191
191
191
191
191
191
191
191
191
191
192
193
193
193
193
193
193
195
195
195
195
195
195
195
195
195
195
195
195
195
195
195
195
195
195
196
197
197
197
197
197
197
197
197
197
197
199
199
199
199
199
199
199
199
199
199
200
201
201
201
201
202
202
203
204
206
206
206
207
209
209
210
210
210
210
210
211
212
212
212
212
212
212
212
212
214
214
214
214
214
214
214
214
214
214
214
214
214
215
216
216
217
217
217
217
217
217
217
217
217
217
218
219
219
219
219
219
219
219
219
219
219
219
219
219
219
219
219
220
221
221
221
223
223
223
223
223
223
223
224
225
225
225
225
225
225
225
226
226
226
226
226
226
226
226
226
226
226
226
226
226
226
227
227
227
227
227
227
227
228
228
228
228
228
228
228
229
229
229
229
229
229
229
229
229
229
229
230
230
230
230
230
230
230
231
233
233
233
233
233
233
233
234
235
235
