18
18
18
18
18
18
18
18
18
20
20
20
20
20
20
20
21
21
21
21
21
21
21
22
22
22
22
22
22
22
23
23
23
23
23
23
23
23
23
50
50
50
50
51
56
56
56
56
56
56
57
57
57
57
57
62
62
62
62
62
62
62
62
62
62
65
65
65
65
68
68
68
68
73
73
73
73
76
76
76
76
82
82
82
82
83
84
84
84
84
85
85
85
85
86
86
86
86
87
87
87
87
88
97
97
97
97
97
98
99
99
99
99
99
99
99
100
100
100
100
100
100
101
102
102
102
102
103
103
103
103
104
113
113
113
113
113
113
114
114
114
115
125
125
126
126
126
126
126
126
127
127
127
127
127
127
127
128
139
139
139
139
139
140
141
141
141
142
152
152
152
152
152
153
154
154
154
154
154
154
154
155
166
166
166
166
166
167
168
168
168
168
168
168
168
169
180
180
180
180
180
180
180
181
182
182
182
182
182
182
182
183
191
191
191
191
191
192
193
193
193
194
208
208
208
208
208
208
208
209
210
210
210
210
210
210
210
210
211
211
211
211
211
211
211
212
212
212
212
213
228
228
228
228
228
228
228
228
228
228
229
230
230
230
230
230
230
230
230
230
231
231
231
231
231
231
231
232
232
232
232
233
250
250
250
250
250
250
250
250
250
250
250
250
250
250
251
252
252
252
252
252
252
252
252
252
252
252
253
253
253
253
253
253
253
254
254
254
254
255
264
264
264
264
264
264
264
264
264
265
265
265
265
265
265
266
277
277
277
277
277
277
277
277
278
279
279
279
279
279
279
279
280
280
280
280
281
281
281
282
282
282
282
283
284
297
297
297
297
297
297
297
297
298
299
299
299
299
300
311
311
311
311
311
311
311
311
311
311
312
313
313
313
313
313
313
313
314
315
316
