18
18
18
18
18
18
18
18
18
20
20
20
20
20
20
20
21
21
21
21
21
21
21
22
22
22
22
22
22
22
23
23
23
23
23
23
23
39
39
39
39
39
39
39
39
51
51
51
51
51
51
54
54
54
54
57
57
57
57
60
60
60
60
63
63
63
63
66
66
66
66
69
69
69
69
72
72
72
72
72
72
75
75
75
75
75
75
75
75
75
75
75
78
78
78
78
86
86
86
86
86
86
86
86
86
86
87
87
87
87
87
87
87
87
87
87
87
88
96
96
96
96
96
96
96
96
96
97
97
97
97
97
97
98
98
98
99
107
107
107
107
107
107
108
108
108
108
108
108
108
108
108
108
108
109
109
109
109
109
109
109
110
111
111
111
111
111
111
111
112
120
120
120
120
120
120
120
120
120
121
121
121
121
121
121
122
122
122
123
130
130
130
130
130
130
131
131
131
131
131
131
132
140
140
140
140
140
140
140
140
140
142
142
142
142
142
142
142
142
142
142
143
143
143
144
151
151
151
151
151
151
152
152
152
152
152
152
153
153
153
154
162
162
162
162
162
162
162
162
162
163
163
163
163
163
163
164
164
164
165
173
173
173
173
173
173
173
173
173
174
174
174
174
174
174
175
175
175
176
186
186
186
186
186
186
186
186
186
186
187
187
187
187
187
187
187
187
187
187
187
188
188
188
189
197
197
197
197
197
197
197
197
197
198
198
198
198
198
198
199
199
199
200
207
207
207
207
207
207
208
208
208
208
208
208
209
217
217
217
217
217
217
217
217
217
218
218
218
218
218
218
219
219
219
220
228
228
228
228
228
228
228
228
228
228
228
228
229
229
229
229
229
229
230
230
230
231
238
238
238
238
238
238
239
239
239
239
239
239
240
261
261
261
261
261
261
261
261
261
262
262
262
262
263
263
263
264
265
268
268
268
268
268
268
268
268
268
271
271
271
271
271
271
271
271
271
274
274
274
274
274
274
274
274
282
282
282
282
282
282
282
283
283
283
283
283
283
284
294
294
294
294
294
294
294
294
294
294
295
295
295
295
295
295
295
296
299
299
299
299
299
302
302
302
302
305
305
305
305
308
308
308
308
311
311
311
311
314
314
314
314
317
317
317
317
317
317
320
320
320
320
320
320
320
320
320
320
320
323
323
323
323
323
323
323
323
323
323
323
323
323
323
326
326
326
326
333
333
333
333
333
333
333
333
334
334
334
334
334
334
334
334
335
335
335
335
335
335
335
335
336
336
336
336
336
336
336
336
337
337
337
337
337
337
337
337
338
338
338
338
338
338
338
338
339
339
339
339
339
339
339
339
340
340
340
340
340
340
340
340
341
341
341
341
341
341
341
341
342
342
342
342
342
342
342
342
343
354
354
354
354
354
354
354
354
354
354
354
354
354
354
354
354
354
354
355
355
355
355
355
355
355
355
355
355
355
356
366
366
366
366
366
366
366
366
366
366
366
366
366
366
367
367
367
367
367
367
367
367
367
367
367
368
380
380
380
380
380
380
380
380
380
380
380
380
380
380
380
380
380
380
380
380
380
380
382
382
382
382
382
382
382
382
382
382
382
383
383
383
383
383
383
386
386
386
386
386
387
387
387
387
387
387
388
390
390
390
390
390
390
391
399
399
399
399
399
400
400
400
400
400
400
400
400
400
400
400
400
400
400
400
400
400
400
400
400
400
400
400
400
400
400
400
400
400
401
411
411
411
411
411
411
411
411
411
412
412
412
412
412
412
412
412
413
413
413
413
413
413
413
414
417
417
417
417
417
417
417
418
429
429
430
430
430
430
430
430
430
430
430
431
431
431
431
432
432
432
432
432
433
440
440
440
440
440
440
440
440
441
441
441
441
441
441
441
442
442
442
442
442
442
442
443
444
444
444
444
444
445
453
453
453
453
453
454
454
454
454
454
454
455
466
466
467
467
467
467
467
467
468
468
469
469
469
469
469
469
469
469
469
469
469
469
469
470
470
470
470
470
470
470
470
470
470
470
470
471
471
471
472
472
472
472
472
472
472
472
473
473
473
473
473
473
473
473
473
473
473
473
473
474
475
477
477
478
478
478
478
478
478
478
478
478
479
479
479
479
479
479
479
480
480
480
481
482
482
482
482
482
482
482
482
482
482
483
483
483
484
485
485
485
485
485
485
485
485
485
486
486
486
486
486
486
486
486
486
486
486
486
486
486
486
486
486
486
486
486
486
486
486
487
494
494
494
494
494
494
495
495
495
496
511
511
511
511
511
511
512
512
512
513
520
520
520
520
520
520
521
521
521
522
530
530
530
530
530
530
531
531
531
531
531
531
531
531
531
531
532
539
539
539
539
539
541
541
541
541
541
541
541
541
541
542
549
549
549
549
549
549
550
550
550
551
561
561
561
561
561
561
562
562
562
563
570
570
570
570
570
570
571
571
571
572
579
579
579
579
579
579
580
580
580
580
580
580
580
580
580
580
580
580
580
580
581
592
592
592
592
592
592
592
592
592
592
592
593
593
593
593
593
593
593
593
593
593
593
593
593
593
594
603
603
603
603
603
603
603
603
603
604
604
604
604
604
604
604
604
606
606
606
606
606
606
606
606
606
607
614
614
614
614
614
614
614
614
615
615
615
615
615
615
615
615
615
615
615
615
615
615
615
615
615
615
615
615
615
615
616
623
623
623
623
623
623
624
624
624
625
632
632
632
632
632
632
632
632
632
633
633
633
634
641
641
641
641
641
641
642
642
642
642
642
642
642
642
642
643
650
650
650
650
650
650
651
651
651
651
651
651
651
651
651
651
651
651
652
659
659
659
659
659
659
660
660
660
660
660
660
660
660
660
661
663
663
664
664
664
664
664
664
665
665
665
665
665
665
665
665
665
665
666
673
673
673
673
673
673
674
674
674
674
674
675
682
682
682
682
682
682
683
683
683
683
683
683
683
684
689
689
689
689
689
689
690
690
690
691
699
699
699
699
699
699
700
700
700
700
700
701
708
708
708
708
708
708
709
709
709
710
721
721
721
721
721
721
721
721
723
723
723
723
723
723
723
725
725
725
725
725
725
725
725
728
728
728
728
728
728
728
728
728
728
731
731
731
731
731
731
731
731
733
733
733
733
733
733
733
733
733
733
733
733
733
734
734
735
738
738
738
738
738
738
738
738
738
738
738
738
741
741
741
741
741
741
741
741
741
741
741
744
744
744
744
744
744
744
744
744
745
746
749
749
749
749
749
750
758
758
758
758
758
759
759
759
759
759
760
760
760
761
762
762
762
762
762
762
762
763
763
763
763
763
763
763
764
765
765
765
765
765
766
773
773
773
773
773
773
773
773
773
774
774
774
774
774
774
775
782
782
782
782
782
782
782
782
782
783
783
783
783
783
783
784
792
792
792
792
792
792
792
792
792
793
793
793
793
793
793
794
801
801
801
801
801
801
801
801
801
802
802
802
802
802
802
803
810
810
810
810
810
810
810
810
810
811
811
811
811
811
811
812
819
819
819
819
819
819
819
819
819
820
820
820
820
820
820
821
829
829
829
829
829
829
829
829
829
829
829
829
830
830
830
830
830
830
831
842
842
843
843
843
843
843
843
843
843
843
844
844
844
844
844
844
844
844
844
844
844
845
852
852
852
852
852
852
852
852
852
853
853
853
853
853
853
854
861
861
862
862
862
862
862
862
863
863
863
863
863
863
863
863
863
863
863
863
863
863
865
865
865
865
865
865
865
867
867
867
867
867
867
867
868
868
868
868
868
868
868
868
868
868
868
868
869
871
871
871
871
871
871
871
873
873
873
873
873
873
873
874
874
874
874
874
874
874
875
875
875
875
875
875
875
875
875
876
876
876
876
876
876
876
877
879
879
879
879
879
879
879
879
879
879
879
879
881
881
881
881
881
881
881
882
882
882
882
882
882
882
882
882
882
882
882
883
885
885
885
885
885
885
885
887
887
887
887
887
887
887
888
889
890
