19
19
19
19
19
19
19
19
19
19
19
21
21
21
21
21
21
21
22
22
22
22
22
22
22
23
23
23
23
23
23
23
24
24
24
24
24
24
24
25
25
25
25
25
25
25
26
26
26
26
26
26
26
27
27
27
27
27
27
27
28
28
28
28
28
28
28
29
29
29
29
29
29
29
30
30
30
30
30
30
30
30
30
31
31
31
31
31
31
31
31
31
32
32
32
32
32
32
32
34
34
34
34
34
34
34
34
34
35
35
35
35
35
35
35
35
35
37
37
37
37
37
37
37
37
37
37
37
37
37
65
65
65
65
65
67
67
67
67
67
69
69
69
69
69
69
69
70
70
70
70
70
71
71
71
71
71
73
73
73
73
73
73
73
73
73
73
73
73
73
73
73
73
74
75
75
75
75
75
75
76
76
76
76
76
76
76
76
76
76
76
76
76
76
76
76
76
76
76
76
76
76
77
77
77
77
77
77
77
77
77
77
77
77
77
77
77
78
78
78
78
78
78
78
78
78
78
78
78
78
78
79
79
79
79
79
79
79
79
79
79
79
79
79
79
79
79
79
80
80
80
80
80
80
80
80
80
80
80
80
80
81
82
82
82
82
82
82
83
85
85
85
85
85
85
86
86
86
86
86
87
89
89
89
89
89
89
89
89
90
90
90
90
90
91
93
93
93
93
93
93
94
94
94
94
94
95
96
98
98
98
98
98
98
98
100
100
100
100
100
102
102
102
102
102
102
102
103
103
103
103
103
103
104
107
107
108
108
108
108
108
108
108
108
108
108
108
108
108
108
108
108
109
109
109
109
109
110
110
110
110
110
110
110
111
113
113
114
114
114
114
114
114
114
114
114
114
114
114
114
114
114
114
114
114
114
115
115
115
116
119
119
120
120
120
120
120
120
120
120
120
120
120
121
121
121
121
121
121
121
122
124
124
125
125
125
125
125
125
125
125
125
125
125
125
125
125
125
125
125
126
126
126
126
126
126
126
126
126
126
126
126
126
127
130
130
131
131
131
131
131
131
131
131
131
132
132
132
132
132
132
132
133
135
135
136
136
136
136
136
136
136
136
136
136
136
136
136
136
136
136
136
137
137
137
138
140
142
142
142
142
142
142
142
142
142
142
142
142
156
156
156
156
156
156
156
156
156
156
156
156
156
157
157
157
157
158
159
159
159
159
159
159
159
159
159
159
159
159
159
159
160
174
174
174
174
174
174
174
174
174
174
174
174
174
174
174
174
174
175
175
175
175
176
177
177
177
177
177
177
177
177
177
177
177
177
177
177
178
190
190
190
190
190
190
190
190
190
190
190
190
190
190
190
190
190
191
191
192
193
193
193
193
193
193
193
193
193
193
193
193
193
193
193
193
193
193
193
193
193
193
193
194
194
194
194
194
194
194
195
210
210
210
210
210
211
211
211
211
211
211
211
211
211
211
211
211
211
211
211
211
211
211
211
211
212
212
212
212
213
214
214
214
214
214
214
214
214
214
214
214
214
214
215
215
215
215
215
215
215
215
215
215
216
218
218
218
218
218
218
218
218
218
218
218
218
219
219
219
219
219
219
219
219
219
219
219
219
219
220
220
220
220
220
220
220
220
220
221
221
221
221
221
221
221
221
221
221
222
222
222
222
222
222
222
222
222
222
223
223
223
224
225
226
226
226
226
226
226
226
227
229
229
229
229
229
229
229
229
229
229
229
229
229
229
229
229
229
230
230
230
230
230
230
230
231
231
231
231
231
231
231
231
231
231
231
232
232
232
232
232
233
233
234
234
234
234
234
234
234
234
235
235
235
235
235
235
235
235
235
235
235
235
235
236
236
236
237
237
237
237
237
237
237
238
239
239
239
240
242
242
242
242
242
244
246
247
