17
17
17
17
17
17
17
17
17
17
17
17
17
17
17
19
19
19
19
19
19
19
21
21
21
21
21
21
21
21
21
21
21
22
22
22
22
22
22
22
22
22
22
22
22
22
23
23
23
23
23
23
23
23
23
23
23
23
23
23
23
24
24
24
24
24
24
24
24
24
24
24
24
24
24
24
25
25
25
25
25
25
25
25
25
25
25
25
25
25
25
26
26
26
26
26
26
26
26
26
26
26
26
26
33
33
33
33
33
33
34
34
34
34
34
35
35
35
35
37
37
37
37
37
37
37
37
44
44
44
44
44
44
44
44
44
44
44
44
45
45
45
45
45
45
45
46
46
46
46
46
46
47
54
54
54
54
54
54
54
54
54
54
54
54
55
55
55
55
55
56
56
56
56
56
56
57
63
63
64
64
64
64
64
64
65
65
65
66
68
68
69
69
69
69
69
69
70
70
70
71
73
73
74
74
74
74
74
74
75
75
75
76
78
78
79
79
79
79
79
79
80
80
80
80
80
80
80
80
81
81
81
81
81
81
81
81
81
81
81
81
82
84
84
85
85
85
85
85
85
86
86
86
86
86
86
86
86
87
87
87
87
87
87
87
87
87
87
87
87
87
87
88
90
90
91
91
91
91
91
91
92
92
92
92
92
92
92
92
92
93
95
95
96
96
96
96
96
96
97
97
97
97
97
97
97
97
98
98
98
98
98
98
98
99
99
99
99
99
99
99
99
99
99
99
99
99
99
99
99
99
99
99
99
99
99
100
101
101
101
101
101
101
101
101
102
104
104
105
105
105
105
105
105
105
105
105
107
107
107
107
107
107
107
108
110
110
111
111
111
111
111
111
112
112
112
112
112
112
112
113
113
113
113
113
113
113
113
114
114
114
114
114
114
114
114
114
114
114
114
114
114
114
115
116
116
116
117
119
119
120
120
120
120
120
120
121
121
121
121
121
121
121
121
121
121
122
124
124
125
125
125
125
125
125
125
125
125
126
126
126
126
126
126
126
127
127
127
128
130
130
130
130
130
130
130
130
130
130
131
131
131
132
134
134
134
134
134
134
134
134
134
135
135
135
135
135
135
135
135
135
135
135
135
135
136
138
138
139
139
139
139
140
140
140
140
141
141
141
141
142
142
142
142
142
143
143
143
143
143
143
143
143
143
143
143
143
143
143
144
146
146
147
147
147
147
147
147
147
147
147
148
148
148
148
148
148
148
148
148
148
149
151
151
152
152
152
152
152
152
153
153
153
153
153
153
153
153
153
154
156
156
157
157
157
157
157
157
157
157
157
158
158
158
158
158
158
158
158
158
158
159
161
161
162
162
162
162
162
162
162
162
162
163
163
163
163
163
163
163
163
163
163
164
166
166
167
167
167
167
168
168
168
168
169
169
169
169
169
170
170
170
170
170
170
170
170
170
170
170
170
170
171
173
173
174
174
174
174
174
174
174
174
174
175
175
175
175
175
175
175
175
175
175
176
178
178
179
179
179
179
179
179
180
180
180
180
180
180
180
180
180
180
180
180
180
181
182
183
