18
18
18
18
18
18
18
18
18
18
18
20
20
20
20
20
20
20
21
21
21
21
21
21
21
22
22
22
22
22
22
22
23
23
23
23
23
23
23
24
24
24
24
24
24
24
25
25
25
25
25
25
25
26
26
26
26
26
26
26
27
27
27
27
27
27
27
28
28
28
28
28
28
28
29
29
29
29
29
29
29
30
30
30
30
30
30
30
30
30
31
31
31
31
31
31
31
31
31
32
32
32
32
32
32
32
33
33
33
33
33
33
33
35
35
35
35
35
35
35
35
35
35
35
35
35
42
42
42
42
42
42
43
43
43
43
43
43
43
43
43
43
43
43
43
43
44
44
44
44
44
45
45
45
45
45
46
46
46
46
46
47
47
47
47
47
49
49
49
49
49
50
50
50
50
50
50
50
50
50
50
52
52
52
52
60
60
60
60
60
60
60
60
60
60
60
60
61
61
61
61
61
61
61
61
61
61
61
62
71
71
71
71
71
71
71
71
71
71
71
71
71
71
71
71
72
72
72
72
72
72
72
72
72
72
72
72
72
73
83
83
83
83
83
83
83
83
83
83
83
83
83
83
83
83
83
83
83
83
84
84
84
84
84
84
84
84
84
84
84
84
84
84
84
85
97
97
97
97
97
97
97
97
97
97
97
97
97
97
97
97
97
97
97
98
98
98
98
98
99
99
99
99
99
99
100
100
100
100
100
100
101
101
101
101
101
101
102
102
102
102
102
102
103
103
103
103
103
103
104
104
104
104
104
104
105
116
116
117
117
118
118
118
118
118
118
118
118
118
118
118
118
119
119
119
120
120
120
120
120
120
120
120
120
120
121
129
129
130
130
130
130
130
130
130
130
130
130
130
130
131
131
131
133
133
133
133
133
133
133
133
133
134
134
134
134
134
134
134
135
137
137
137
137
137
137
137
137
137
137
138
138
138
138
138
140
140
140
140
140
140
140
140
140
140
141
141
141
141
141
141
141
141
141
141
141
141
141
142
142
142
142
142
142
142
142
142
142
143
143
143
143
143
143
144
144
144
145
145
145
145
145
146
146
146
147
149
149
149
149
149
149
149
149
149
149
149
150
150
150
151
152
152
152
152
152
152
152
152
152
152
153
153
153
153
153
153
153
153
154
156
156
156
156
156
156
156
156
156
156
156
156
156
157
157
157
157
157
157
157
157
157
157
158
158
158
158
158
158
158
158
158
158
159
159
159
159
159
159
159
159
159
159
159
159
159
159
159
160
160
160
160
160
160
160
160
160
160
160
160
160
160
160
160
160
161
161
161
161
161
161
162
162
162
163
165
165
165
165
165
165
165
165
165
165
165
165
165
165
165
165
166
166
166
166
166
166
167
167
167
168
170
170
170
171
173
173
174
174
174
174
174
174
174
174
174
174
174
174
174
174
174
174
174
176
176
176
176
176
176
176
176
176
176
176
177
177
177
177
177
177
177
177
178
178
178
178
178
178
178
178
179
179
179
179
180
180
181
181
181
181
181
181
181
181
181
181
181
181
181
182
183
183
183
183
183
183
183
184
184
184
184
184
184
184
184
184
184
184
184
184
184
184
184
185
185
185
185
185
185
185
186
186
186
187
188
188
188
188
188
188
188
189
191
191
191
191
191
191
191
191
191
191
191
191
191
191
191
191
192
192
192
192
192
192
192
192
192
193
193
193
193
193
193
193
193
193
193
193
193
193
193
194
194
194
194
194
194
194
194
194
194
194
194
196
196
196
196
196
196
197
197
197
197
197
197
197
197
197
197
197
197
198
198
198
198
198
198
198
199
199
199
199
199
199
199
199
199
199
199
199
200
200
200
200
200
200
200
202
202
202
202
202
202
202
202
202
202
202
203
203
203
203
203
203
203
203
203
203
204
204
204
204
204
204
204
204
204
204
204
204
204
204
204
204
204
204
205
205
205
205
205
205
205
205
205
205
205
205
206
207
207
207
207
207
207
207
209
209
209
209
209
209
209
209
209
209
209
209
209
209
210
210
210
210
210
210
210
210
210
210
210
210
210
210
210
210
210
210
212
212
212
212
212
212
212
212
212
212
212
212
212
212
212
212
212
212
212
212
212
212
212
212
212
212
212
212
212
212
212
213
213
213
213
213
213
213
214
216
216
216
216
216
216
216
216
216
216
217
217
217
217
217
217
217
218
218
218
218
218
218
218
219
221
221
221
221
221
222
222
222
222
222
222
222
222
222
222
222
223
223
223
223
223
223
223
223
223
223
223
223
223
223
223
223
223
223
223
223
223
224
224
224
224
224
224
224
224
224
225
226
226
226
226
226
226
226
226
226
226
226
228
228
228
228
228
228
228
228
228
228
228
229
229
229
229
229
229
229
229
229
230
230
230
230
230
230
230
231
231
231
231
231
231
231
232
232
232
232
232
232
232
232
232
233
233
233
233
233
233
233
234
234
234
234
234
234
234
235
236
236
236
236
236
236
236
236
236
236
236
237
238
238
238
239
240
243
