18
18
18
18
18
18
18
18
18
18
18
20
20
20
20
20
20
20
21
21
21
21
21
21
21
22
22
22
22
22
22
22
23
23
23
23
23
23
23
24
24
24
24
24
24
24
25
25
25
25
25
25
25
26
26
26
26
26
26
26
28
28
28
28
28
28
28
28
28
28
28
28
28
29
29
29
29
29
29
29
29
29
29
29
29
29
57
57
57
57
57
58
64
64
64
64
64
64
64
64
67
67
67
67
70
70
70
70
73
73
73
73
80
80
80
80
81
82
82
82
82
83
91
91
91
91
91
92
93
93
93
94
99
99
99
99
99
99
100
100
100
101
107
107
107
107
107
107
108
108
108
109
122
122
122
122
122
122
122
122
122
122
122
122
122
122
122
122
123
123
123
123
124
124
125
126
126
126
126
126
126
126
126
126
126
126
126
126
126
127
146
146
146
146
146
146
146
146
146
146
146
146
146
146
146
147
147
147
147
147
147
147
147
147
148
149
149
149
149
149
150
150
150
150
150
151
151
151
151
151
152
152
152
152
152
153
153
153
153
153
155
155
155
155
157
157
157
157
157
157
157
157
157
158
158
158
158
158
158
158
158
159
161
161
161
161
161
161
161
161
161
161
161
161
161
161
161
162
162
162
162
162
162
162
162
162
162
162
162
162
162
164
164
164
164
166
166
166
166
166
167
167
168
168
169
169
169
169
169
170
170
170
170
170
171
171
171
171
171
172
172
173
173
174
174
174
174
174
174
174
174
177
177
177
177
177
177
177
177
177
177
178
178
178
178
178
178
178
178
178
178
179
179
179
179
179
180
180
180
180
181
181
181
181
181
181
181
182
182
182
182
182
182
182
182
182
183
183
183
183
183
183
184
184
184
185
185
185
185
185
186
186
186
186
186
186
186
186
186
186
186
187
188
188
188
188
189
189
189
189
189
189
189
190
190
190
190
190
190
190
190
190
190
191
192
192
192
192
193
193
193
193
193
193
193
194
194
194
194
194
194
194
195
196
199
199
199
199
199
199
199
199
199
199
199
199
199
199
200
200
200
200
200
200
200
200
200
202
202
202
202
202
203
203
203
203
203
203
203
203
204
204
204
204
204
204
204
204
204
204
204
204
205
205
205
205
205
205
205
205
205
206
206
206
206
206
207
207
207
207
207
207
207
207
207
208
208
208
208
208
208
208
208
209
209
209
209
209
209
209
209
211
211
211
211
211
211
211
212
212
213
213
213
213
213
213
213
213
213
213
213
213
213
213
213
213
213
213
213
214
214
214
214
214
214
214
214
215
215
215
215
215
215
215
215
215
216
216
216
216
217
217
217
218
218
218
218
218
219
219
219
220
221
221
221
222
222
222
222
222
222
222
224
224
224
224
225
226
226
226
226
227
227
227
228
228
228
228
229
229
229
229
229
229
229
229
229
229
229
229
229
229
229
229
229
230
230
230
230
231
232
233
233
235
235
236
236
236
236
236
236
236
236
236
236
236
236
236
236
236
237
238
238
238
239
239
239
239
239
239
239
239
239
239
239
240
240
240
240
241
241
241
242
242
242
242
242
243
244
244
244
244
244
244
244
244
244
244
245
245
245
245
245
245
245
245
246
246
246
246
246
246
246
247
248
248
248
248
248
248
248
248
249
249
249
249
249
249
249
249
249
249
249
249
249
250
251
251
251
251
251
251
253
253
253
253
253
253
253
254
254
254
254
255
255
255
255
256
256
256
256
257
257
257
257
257
257
257
257
257
257
258
258
258
258
258
259
259
259
260
260
260
260
261
262
262
262
263
278
278
278
278
278
278
278
278
278
278
278
278
278
278
278
278
279
279
279
279
280
280
280
280
281
282
282
282
282
282
282
282
282
282
282
282
282
282
282
282
282
283
283
283
284
305
305
305
305
305
305
305
305
305
305
305
305
305
305
305
305
306
306
306
306
306
306
306
306
307
307
307
307
308
309
309
309
309
309
309
309
309
309
309
309
309
309
309
309
309
310
310
310
311
325
325
325
325
325
325
325
325
325
325
325
325
325
325
325
325
326
326
326
326
327
327
328
329
329
329
329
329
329
329
329
329
329
329
329
329
330
350
350
350
350
350
350
350
350
350
350
350
350
350
350
350
351
351
351
351
351
351
351
351
351
352
353
353
353
353
353
354
354
354
354
354
355
355
355
355
355
356
356
356
356
356
358
358
358
358
360
360
360
360
360
360
360
360
360
361
361
361
361
361
361
361
361
362
364
364
364
364
364
364
364
364
364
364
364
364
364
364
364
365
365
365
365
365
365
365
365
365
365
365
365
365
365
365
365
365
365
365
365
367
367
367
367
369
369
370
370
373
373
373
373
373
374
374
374
374
374
375
375
375
375
375
376
376
377
377
378
378
378
378
378
378
378
378
379
379
379
379
379
379
379
379
379
379
380
380
380
380
380
380
380
380
380
380
383
383
383
383
383
384
384
384
384
385
385
385
385
385
385
385
386
386
386
386
386
386
386
386
386
387
387
387
387
387
387
388
388
388
389
389
389
389
389
390
390
390
390
390
390
390
390
390
390
390
391
392
392
392
392
393
393
393
393
393
393
393
394
394
394
394
394
394
394
394
394
394
394
395
395
395
395
396
396
396
396
396
396
396
397
397
397
397
397
397
397
398
399
402
402
402
402
402
402
402
402
402
402
402
402
402
402
404
404
404
404
404
404
404
404
404
405
405
405
405
405
406
406
406
406
406
406
406
406
406
407
407
407
407
407
407
407
407
407
407
407
407
408
408
408
408
408
408
408
408
408
409
409
409
409
409
411
411
411
411
411
411
411
411
411
411
411
411
411
411
411
413
413
413
413
413
413
413
414
414
414
415
415
415
415
415
415
415
417
417
417
417
418
419
419
419
419
420
420
420
421
421
421
421
422
423
423
424
424
425
425
425
425
425
425
425
426
427
427
427
428
428
428
428
428
428
428
428
428
429
429
430
430
430
430
431
431
431
432
432
432
432
432
433
434
434
434
434
434
434
434
434
434
434
435
435
435
435
435
435
435
435
436
436
436
436
436
436
436
437
438
438
438
438
438
438
438
438
439
439
439
439
439
439
439
439
439
439
439
439
439
440
442
442
442
442
442
442
444
444
444
444
444
445
445
446
448
448
448
448
448
448
448
449
449
449
449
449
450
450
450
450
450
451
451
451
451
451
452
452
452
452
452
452
453
453
453
453
453
453
453
453
453
453
453
453
453
453
453
453
453
453
454
454
454
454
455
455
455
455
456
456
456
456
457
458
458
458
458
458
458
458
458
458
460
460
460
460
461
462
462
462
462
462
462
462
463
463
463
463
463
463
463
463
463
463
463
464
464
464
464
465
465
465
465
466
466
466
466
466
466
467
467
467
468
468
468
468
469
470
485
485
485
485
485
485
485
485
485
485
485
485
485
485
485
485
486
486
486
486
487
487
487
487
488
489
489
489
489
489
489
489
489
489
489
489
489
489
489
489
490
490
490
491
512
512
512
512
512
512
512
512
512
512
512
512
512
512
512
512
513
513
513
513
513
513
513
513
514
514
514
514
515
516
516
516
516
516
516
516
516
516
516
516
516
516
516
516
516
516
516
517
529
529
529
529
529
529
529
529
530
531
531
531
531
531
531
531
531
531
531
531
532
533
534
