17
17
17
17
17
17
17
19
19
19
19
19
19
19
19
19
20
20
20
20
20
20
20
21
21
21
21
21
21
21
22
22
22
22
22
22
22
23
23
23
23
23
23
23
24
24
24
24
24
24
24
24
24
25
25
25
25
25
25
25
57
57
57
58
59
59
59
59
59
59
61
61
61
61
61
61
61
61
62
62
62
62
62
62
62
62
62
62
63
63
63
63
64
64
64
64
66
66
67
67
67
67
67
68
68
68
68
68
68
68
68
68
68
68
68
68
68
69
69
69
69
69
69
69
69
69
69
69
69
69
69
69
69
69
70
70
70
70
71
72
72
72
72
72
72
72
72
72
72
72
73
73
73
73
74
75
75
75
75
75
75
75
75
75
75
75
76
76
76
76
77
78
78
78
78
78
78
78
78
78
78
78
79
79
79
79
80
82
82
82
82
82
82
82
83
83
83
83
83
83
83
83
83
84
86
86
87
87
87
87
87
87
87
87
87
87
87
87
87
88
88
88
88
88
88
88
88
88
88
88
89
90
90
90
90
90
90
91
91
91
91
91
91
91
92
93
105
105
105
105
105
105
105
105
105
105
105
105
105
105
105
105
105
106
107
107
107
107
107
107
107
107
107
107
107
107
107
108
108
108
108
108
108
108
109
111
111
111
111
111
111
111
111
111
111
111
111
111
111
111
112
112
112
112
112
112
112
112
112
112
112
112
112
113
124
124
124
124
124
124
124
124
124
125
126
126
126
126
126
126
126
126
126
126
126
126
126
127
127
127
127
127
127
127
128
130
130
130
130
130
130
130
130
130
130
130
130
130
130
130
130
130
130
130
131
131
131
131
131
131
131
131
131
131
131
131
131
132
142
142
142
142
142
142
142
143
144
144
144
144
144
144
144
144
144
144
144
144
144
145
145
145
145
145
145
145
146
148
148
148
148
148
148
148
148
148
148
148
148
148
148
148
148
148
148
148
149
149
149
149
149
149
149
149
149
149
149
149
149
149
149
149
149
149
150
159
159
159
159
159
159
159
159
159
159
160
161
161
161
161
161
163
163
163
163
163
163
163
164
164
164
164
164
164
164
165
167
167
167
167
167
167
168
178
178
178
178
178
178
178
178
178
178
178
178
179
180
180
180
180
180
182
182
182
182
182
182
182
183
183
183
183
183
183
183
184
186
186
186
186
186
186
187
195
195
195
195
195
195
195
195
196
197
197
197
198
212
212
212
212
212
212
212
212
212
212
213
214
214
214
215
224
224
224
224
224
224
224
225
226
226
226
226
226
226
226
227
227
227
227
227
227
227
228
230
230
230
230
230
230
231
242
242
242
242
242
242
242
243
244
244
244
244
244
244
245
254
254
254
254
254
255
256
256
256
256
256
257
257
257
257
258
258
258
258
258
258
258
258
258
260
260
260
260
260
260
260
260
260
260
260
260
260
260
261
269
269
269
269
269
270
271
271
271
271
271
272
272
272
272
273
273
273
273
273
273
273
273
273
275
275
275
275
275
275
275
275
275
275
275
275
275
276
278
278
278
278
278
279
280
280
280
280
280
280
280
281
281
281
281
281
281
281
282
283
285
285
285
285
285
285
285
285
285
285
285
286
286
286
286
286
286
286
286
287
287
287
287
287
287
287
287
287
287
287
287
288
288
288
288
288
288
288
289
290
291
293
293
293
293
293
293
293
293
294
294
294
294
294
294
294
294
294
294
294
294
295
295
295
295
295
295
295
296
297
299
299
299
299
299
299
299
300
301
301
301
301
301
301
301
301
301
301
301
301
301
301
301
302
302
302
302
302
303
303
303
303
303
303
303
303
303
303
303
303
303
303
303
303
303
304
304
304
304
304
304
304
304
304
305
305
305
305
305
305
305
305
305
306
306
306
306
306
307
307
307
307
307
308
308
308
308
308
308
308
308
308
308
308
308
309
311
311
311
312
313
314
