18
18
18
18
18
18
18
18
18
18
18
20
20
20
20
20
20
20
21
21
21
21
21
21
21
22
22
22
22
22
22
22
24
24
24
24
24
24
24
24
24
24
24
35
35
35
35
35
35
35
37
37
37
37
37
37
37
37
39
39
39
39
39
39
39
39
39
39
39
39
39
41
41
41
41
41
41
41
41
41
41
41
41
41
50
50
50
50
50
50
50
50
50
50
50
51
51
51
51
51
51
51
51
52
62
62
62
62
62
62
62
62
62
62
62
62
62
62
62
63
63
63
63
64
64
64
64
66
66
66
66
66
66
66
66
66
66
66
66
66
66
66
66
67
67
67
67
67
67
67
67
67
67
67
67
69
69
69
69
69
69
69
70
70
70
70
70
70
70
72
72
72
72
72
72
72
72
72
72
72
72
72
72
72
72
72
72
72
72
72
72
72
73
75
76
