18
18
18
18
18
18
18
18
18
18
18
20
20
20
20
20
20
20
21
21
21
21
21
21
21
22
22
22
22
22
22
22
23
23
23
23
23
23
23
24
24
24
24
24
24
24
25
25
25
25
25
25
25
25
25
27
27
27
27
27
27
27
27
27
27
27
28
28
28
28
28
28
28
28
28
28
28
28
28
29
29
29
29
29
29
29
29
29
29
29
29
29
52
52
52
52
52
52
56
56
56
56
56
56
56
56
61
61
61
61
61
61
61
61
63
63
63
63
69
69
69
69
74
74
74
74
74
75
75
75
75
76
76
76
76
76
77
81
81
81
81
81
81
81
82
82
82
82
84
84
84
84
84
84
84
84
84
84
84
84
84
84
84
84
84
84
84
84
85
85
85
85
85
85
85
85
85
85
85
85
85
85
85
85
85
85
85
85
85
85
85
86
86
86
86
86
86
86
87
87
87
87
87
87
88
88
88
88
88
88
88
88
89
91
91
91
91
91
91
91
91
91
91
91
92
92
92
92
92
92
93
93
93
93
93
93
93
93
93
93
93
93
93
93
93
93
93
94
96
96
96
96
96
96
96
96
96
96
96
96
96
97
104
104
105
105
105
105
105
105
105
105
106
106
106
106
106
106
106
107
107
107
107
107
107
108
109
109
109
109
110
110
110
110
110
110
111
120
120
120
120
120
120
121
121
121
122
130
130
130
130
130
130
131
131
131
132
140
140
140
140
140
140
141
141
141
142
150
150
150
150
150
150
150
151
151
151
152
162
162
162
162
162
162
162
162
162
162
162
162
162
162
162
162
162
162
162
163
163
163
163
163
163
163
163
163
163
163
164
184
184
184
184
184
184
184
184
184
184
184
184
184
184
184
184
184
184
184
184
184
184
184
185
185
185
187
187
187
187
187
188
188
188
188
188
188
189
189
189
190
190
190
190
190
190
190
191
193
193
193
193
193
193
193
193
193
193
193
193
193
193
194
194
194
194
194
194
194
195
195
195
195
195
195
195
195
195
195
195
195
195
195
196
196
196
196
196
196
196
197
197
197
197
197
197
197
197
197
197
197
197
197
197
198
198
198
198
198
198
198
199
199
199
199
199
199
201
201
201
201
201
201
201
201
202
202
202
202
202
202
202
203
203
203
203
203
203
203
203
203
205
205
205
205
205
205
205
205
205
205
205
205
205
205
205
205
205
205
205
205
205
206
206
206
206
206
206
206
206
206
206
207
209
209
209
209
209
209
209
209
209
209
209
210
211
211
211
211
211
211
211
212
212
212
212
212
212
212
213
214
222
222
222
222
222
222
222
222
222
222
223
223
223
223
224
226
227
