17
17
17
17
17
17
17
19
19
19
19
19
19
19
19
19
20
20
20
20
20
20
20
21
21
21
21
21
21
21
22
22
22
22
22
22
22
23
23
23
23
23
23
23
24
24
24
24
24
24
24
24
24
25
25
25
25
25
25
25
57
57
57
58
59
59
59
59
59
59
61
61
61
61
61
61
61
61
62
62
62
62
62
62
62
62
62
62
63
63
63
63
64
64
64
64
66
66
67
67
67
67
67
68
68
68
68
68
68
68
68
68
68
68
68
68
68
69
69
69
69
69
69
69
69
69
69
69
69
69
69
69
69
69
70
70
70
70
71
72
72
72
72
72
72
72
72
72
72
72
73
73
73
73
74
75
75
75
75
75
75
75
75
75
75
75
76
76
76
76
77
78
78
78
78
78
78
78
78
78
78
78
79
79
79
79
80
82
82
82
82
82
82
82
83
83
83
83
83
83
83
83
83
84
86
86
87
87
87
87
87
87
87
87
87
87
87
87
87
88
88
88
88
88
88
88
88
88
88
88
89
90
90
90
90
90
90
91
91
91
91
91
91
91
92
93
105
105
105
105
105
105
105
105
105
105
105
105
105
105
105
105
105
106
107
107
107
107
107
107
107
107
107
107
107
107
107
108
108
108
108
108
108
108
109
110
110
110
110
110
112
112
112
112
112
112
112
112
112
112
112
112
112
112
112
113
113
113
113
113
113
113
113
113
113
113
113
113
114
125
125
125
125
125
125
125
125
125
126
127
127
127
127
127
127
127
127
127
127
127
127
127
128
128
128
128
128
128
128
129
130
130
130
130
130
132
132
132
132
132
132
132
132
132
132
132
132
132
132
132
132
132
132
132
133
133
133
133
133
133
133
133
133
133
133
133
133
134
144
144
144
144
144
144
144
145
146
146
146
146
146
146
146
146
146
146
146
146
146
147
147
147
147
147
147
147
148
149
149
149
149
149
149
149
149
149
149
149
149
149
150
150
150
150
150
152
152
152
152
152
152
152
152
152
152
152
152
152
152
152
152
152
152
152
153
153
153
153
153
153
153
153
153
153
153
153
153
154
163
163
163
163
163
163
163
163
163
163
164
165
165
165
165
165
167
167
167
167
167
167
167
168
168
168
168
168
168
168
169
171
171
171
171
171
171
172
182
182
182
182
182
182
182
182
182
182
182
182
183
184
184
184
184
184
186
186
186
186
186
186
186
187
187
187
187
187
187
187
188
190
190
190
190
190
190
191
199
199
199
199
199
199
199
199
200
201
201
201
202
216
216
216
216
216
216
216
216
216
216
217
218
218
218
219
228
228
228
228
228
228
228
229
230
230
230
230
230
230
230
231
231
231
231
231
231
231
232
234
234
234
234
234
234
235
246
246
246
246
246
246
246
247
248
248
248
248
248
248
249
258
258
258
258
258
259
260
260
260
260
261
261
261
261
261
261
261
261
261
263
263
263
263
263
263
263
263
263
263
263
263
263
263
264
272
272
272
272
272
273
274
274
274
274
275
275
275
275
275
275
275
275
275
277
277
277
277
277
277
277
277
277
277
277
277
277
278
280
280
280
280
280
281
282
282
282
282
282
282
282
283
283
283
283
283
283
283
284
285
287
287
287
287
287
287
287
287
287
287
287
288
288
288
288
288
288
288
288
289
289
289
289
289
289
289
289
289
289
289
289
290
290
290
290
290
290
290
291
292
293
295
295
295
295
295
295
295
296
297
297
297
297
297
297
297
297
297
297
297
297
297
297
297
298
298
298
298
298
299
299
299
299
299
299
299
299
299
299
299
299
299
299
299
299
299
300
300
300
300
300
300
300
300
300
300
300
300
300
300
300
300
300
300
300
300
301
303
303
303
304
305
306
