17
17
17
17
17
17
17
17
17
17
17
17
17
17
17
19
19
19
19
19
19
19
21
21
21
21
21
21
21
21
21
21
21
22
22
22
22
22
22
22
22
22
22
22
22
22
23
23
23
23
23
23
23
23
23
23
23
23
23
23
23
24
24
24
24
24
24
24
24
24
24
24
24
24
24
24
24
24
25
25
25
25
25
25
25
25
25
25
25
25
25
25
25
25
25
32
32
32
32
32
32
33
33
33
33
33
33
33
33
33
35
35
35
35
36
36
36
36
44
44
44
44
44
44
44
44
44
44
44
44
44
45
45
45
45
45
45
45
46
46
46
46
46
46
47
47
47
47
47
47
48
56
56
56
56
56
56
56
56
56
56
56
56
56
57
57
57
57
57
58
58
58
58
58
58
59
59
59
59
59
59
60
62
62
62
62
62
62
63
63
63
63
63
63
63
63
63
64
66
66
66
66
66
66
67
67
67
68
70
70
70
70
70
70
71
71
71
72
74
74
74
74
74
74
75
75
75
76
78
78
78
78
78
78
79
79
79
80
82
82
82
82
82
82
83
83
83
84
86
86
86
86
86
86
87
87
87
88
90
90
90
90
90
90
91
91
91
91
91
91
91
91
91
91
91
91
91
92
94
94
94
94
94
94
94
94
95
95
95
95
95
95
95
96
96
96
97
99
99
99
99
99
99
99
99
99
99
100
100
100
101
103
103
103
103
103
103
103
103
104
104
104
104
104
104
104
104
104
104
104
104
104
104
104
104
104
104
104
104
104
104
104
104
105
105
105
106
108
108
108
108
108
108
108
108
108
108
108
108
108
109
109
109
109
109
109
109
109
109
109
109
109
109
109
109
109
109
110
110
110
110
110
110
110
110
110
110
110
111
113
113
113
113
113
113
114
114
114
114
114
114
114
114
114
114
114
114
114
115
123
123
123
123
123
123
123
123
123
123
123
123
124
124
124
124
124
124
124
124
124
124
124
124
124
124
124
124
125
126
127
