17
17
17
17
17
17
17
17
17
17
17
17
17
17
17
19
19
19
19
19
19
19
20
20
20
20
20
20
20
22
22
22
22
22
22
22
22
22
22
22
23
23
23
23
23
23
23
23
23
23
23
24
24
24
24
24
24
24
24
24
24
24
25
25
25
25
25
25
25
25
25
25
25
26
26
26
26
26
26
26
26
26
26
26
27
27
27
27
27
27
27
27
27
27
27
27
27
27
27
28
28
28
28
28
28
28
28
28
28
28
28
28
28
28
28
28
29
29
29
29
29
29
29
29
29
29
29
29
29
34
34
34
34
34
34
36
36
36
36
36
36
36
36
36
38
38
38
38
39
39
39
39
40
40
40
40
40
40
41
41
41
41
48
48
48
48
48
48
49
49
49
49
50
50
50
50
50
51
51
51
51
51
51
52
58
58
58
58
58
58
59
59
59
60
66
66
66
66
66
66
67
67
67
67
67
67
67
68
74
74
74
74
74
74
74
74
75
75
75
75
75
75
75
76
76
76
76
76
76
76
76
76
76
76
76
76
76
77
77
77
77
77
77
77
77
77
77
78
78
78
78
78
78
78
78
78
78
78
78
78
78
78
78
78
79
79
79
79
79
79
79
80
80
80
80
80
80
80
81
81
81
81
81
81
81
81
81
81
81
81
82
82
82
82
82
82
82
83
83
83
83
84
84
84
84
84
84
84
84
84
84
84
84
85
85
85
85
85
85
85
86
86
86
86
86
86
86
86
86
86
86
86
86
86
86
86
86
87
87
87
87
87
87
87
88
89
90
91
91
91
92
99
99
99
99
99
99
100
100
100
100
100
100
100
101
101
101
101
101
101
101
101
101
102
102
102
102
102
102
102
102
102
102
102
102
102
102
102
102
102
102
102
103
104
104
104
105
115
115
115
115
115
115
115
115
116
116
116
116
116
117
117
117
117
117
117
118
118
118
118
119
119
119
119
119
119
119
119
119
119
119
119
119
119
119
119
119
119
120
120
120
120
121
122
129
129
129
129
129
129
130
130
130
130
130
130
130
131
131
131
131
131
131
131
131
131
132
132
132
132
132
132
132
132
132
132
132
132
132
132
132
132
132
133
133
133
133
133
133
133
133
133
133
133
133
133
134
134
134
134
134
135
135
136
137
138
139
139
139
139
139
139
139
140
147
147
147
147
147
147
147
147
148
148
148
148
148
148
148
149
149
149
149
149
149
149
150
150
150
150
151
152
159
159
159
159
159
159
160
160
160
160
160
160
160
160
160
160
160
160
160
160
161
170
170
170
170
170
170
171
171
171
172
172
172
172
172
172
172
173
173
173
173
173
173
173
173
173
173
174
174
174
174
175
175
175
175
175
175
176
177
177
178
178
178
178
178
178
178
178
178
178
179
179
179
179
180
180
180
180
180
180
180
180
181
182
182
182
183
190
190
190
190
190
190
191
191
191
192
200
200
200
200
200
200
200
200
201
201
201
201
201
201
201
202
202
202
202
202
202
202
202
202
202
202
202
202
202
202
203
204
204
205
205
205
205
206
206
206
206
206
206
206
206
206
206
206
206
206
207
207
208
208
208
209
210
212
212
212
212
212
212
212
212
214
214
214
214
214
214
214
215
215
215
215
215
215
215
216
216
216
216
216
216
216
216
217
217
217
218
218
218
218
219
219
220
220
221
221
221
221
222
222
222
222
223
223
223
224
224
224
224
224
224
225
225
225
225
226
226
226
226
226
226
226
227
228
228
228
228
228
228
229
231
231
231
231
231
231
231
232
232
232
232
232
232
232
233
233
233
233
233
234
234
234
234
234
234
235
237
237
237
237
237
237
237
237
237
238
238
238
238
238
238
238
238
238
238
238
238
238
239
239
239
239
239
239
239
239
239
239
239
239
239
239
239
240
241
243
243
243
244
246
246
246
246
246
246
246
246
246
246
246
247
247
247
247
247
247
247
248
248
248
248
248
248
248
248
248
248
248
248
248
248
248
249
250
250
251
251
251
251
251
252
252
252
252
252
252
252
252
252
252
252
252
252
253
254
254
254
255
257
257
257
257
257
257
258
258
258
258
258
258
258
259
259
259
259
260
261
261
261
261
261
261
261
261
262
262
262
262
262
262
262
262
262
262
262
262
262
262
263
263
263
263
263
263
263
263
263
263
263
263
263
263
263
264
265
265
265
265
265
265
265
265
266
266
266
266
267
268
273
273
273
273
273
273
274
274
274
274
274
274
274
275
275
275
275
275
275
275
276
276
276
276
276
276
276
276
276
276
276
276
276
276
277
278
278
279
279
279
279
279
279
279
279
279
279
279
279
279
280
281
283
283
283
283
283
283
284
284
284
284
284
284
284
284
285
285
285
285
285
285
285
285
285
285
285
285
285
286
286
286
286
286
286
286
286
286
286
286
287
287
287
287
287
287
287
288
289
289
289
289
289
289
289
289
289
289
289
289
289
289
289
289
289
289
289
290
290
290
290
290
290
290
291
292
292
292
292
292
292
292
293
293
293
293
293
293
293
293
293
293
293
293
294
294
294
294
294
294
294
295
295
295
295
295
295
295
295
295
295
295
296
296
296
296
296
296
296
296
296
296
296
296
296
296
296
296
296
296
296
297
298
298
298
298
298
298
298
299
301
302
