17
17
17
17
17
17
17
17
17
17
17
17
17
19
19
19
19
19
19
19
21
21
21
21
21
21
21
21
21
21
21
21
21
22
22
22
22
22
22
22
22
22
22
22
22
22
22
22
23
23
23
23
23
23
23
23
23
23
23
23
23
23
23
24
24
24
24
24
24
24
24
24
24
24
24
24
24
24
29
29
29
29
29
29
30
30
30
30
31
31
31
31
31
31
32
32
32
32
32
32
33
33
33
33
34
34
34
34
35
35
35
35
43
43
43
44
44
44
45
45
45
46
46
46
46
47
47
47
47
47
48
48
48
48
48
48
49
49
49
49
49
49
50
52
52
52
52
52
52
53
53
53
54
56
56
56
56
56
56
57
57
57
57
57
57
57
57
58
60
60
60
60
60
60
61
61
61
61
61
61
62
62
62
62
63
65
65
65
65
65
65
65
65
66
66
66
66
66
66
66
66
66
67
67
67
67
68
70
70
70
70
70
70
70
70
70
71
71
71
71
71
71
71
71
72
72
72
73
74
75
75
75
76
78
78
78
78
78
78
79
79
79
79
79
79
80
80
80
80
81
81
81
81
81
81
81
82
82
82
82
82
82
82
83
84
84
85
85
85
85
85
85
86
87
87
87
87
87
87
87
87
88
88
88
88
88
88
88
88
88
89
89
89
89
89
89
89
91
91
91
91
92
92
92
92
92
92
92
92
92
92
92
92
93
94
96
96
96
96
96
97
97
97
97
97
97
97
97
97
98
98
98
98
98
98
98
98
100
100
100
100
100
101
101
101
101
101
101
101
101
102
102
103
105
105
105
105
105
105
105
105
105
106
106
106
106
106
106
106
107
107
107
107
108
108
108
108
109
109
110
110
111
111
111
111
112
113
115
115
115
115
115
115
115
115
115
115
116
116
116
116
116
116
117
117
117
117
117
117
117
117
117
117
117
117
118
118
118
118
118
118
118
118
118
118
118
118
118
118
118
118
119
119
119
119
119
119
119
119
120
120
120
120
120
120
120
120
120
120
121
121
121
121
122
122
122
122
123
123
124
124
125
125
125
125
126
127
127
127
127
127
127
127
127
127
127
128
128
128
128
128
128
128
128
128
128
128
129
129
129
130
131
132
132
135
135
135
135
135
135
136
137
138
138
139
139
139
139
139
139
139
139
139
139
139
139
140
140
140
140
140
140
140
140
140
140
140
140
140
140
140
140
141
141
141
141
141
141
141
141
142
142
142
142
142
142
142
142
142
142
143
143
143
143
144
144
144
144
145
145
146
146
147
147
147
147
148
149
149
149
149
149
149
149
149
149
149
149
150
150
150
150
150
150
150
150
150
150
150
151
151
151
152
153
154
154
155
155
155
155
155
155
156
156
156
156
156
156
156
156
156
156
157
157
157
157
157
157
157
157
157
157
157
158
158
158
158
158
158
158
158
159
159
159
159
159
159
159
159
159
159
160
160
160
160
160
160
160
160
160
160
160
161
161
161
162
163
164
165
166
167
168
168
168
169
170
171
