17
17
17
17
17
17
17
17
17
19
19
19
19
19
19
19
21
21
21
21
21
21
21
21
21
22
22
22
22
22
22
22
22
22
23
23
23
23
23
23
23
23
23
24
24
24
24
24
24
24
24
24
24
24
26
26
26
26
26
26
26
26
26
26
26
26
26
40
40
41
41
41
41
41
41
43
43
43
43
43
43
43
43
44
44
44
44
45
45
45
45
46
46
46
46
47
47
47
47
54
54
54
54
54
54
54
54
55
55
55
55
55
55
56
56
56
56
56
56
56
56
57
63
63
63
63
63
63
63
63
64
64
64
64
64
64
65
65
65
65
65
65
65
66
66
66
66
66
66
66
67
68
74
74
75
75
75
75
75
75
76
76
76
76
76
76
76
77
77
78
78
78
78
78
78
78
79
79
79
79
79
79
79
79
79
80
80
80
80
81
81
81
81
81
81
81
81
81
81
82
82
82
82
82
82
82
82
82
83
83
83
83
83
83
83
83
84
85
85
86
86
86
86
86
86
86
86
87
88
89
89
89
89
89
89
89
90
90
90
90
91
92
92
92
92
92
93
93
93
93
93
93
94
94
94
94
95
95
95
95
95
95
96
96
96
96
97
97
97
98
99
100
100
100
101
107
107
108
108
108
108
108
108
108
108
108
109
109
109
109
109
109
110
111
112
