1
1
1
1
1
1
1
1
1
1
1
1
1
3
3
3
3
3
3
3
4
4
4
4
4
4
4
5
5
5
5
5
5
5
6
6
6
6
6
6
6
8
8
8
8
8
8
8
8
8
8
8
8
8
9
9
9
9
9
9
9
9
9
9
9
9
9
11
11
11
11
11
12
12
12
12
12
13
14
14
14
14
14
14
14
16
16
16
16
16
16
16
16
16
17
17
17
17
18
20
20
21
21
21
21
21
21
21
21
21
21
22
22
23
24
24
24
24
24
24
24
25
25
25
25
25
25
25
26
27
27
27
27
27
27
27
27
27
28
30
30
31
31
31
31
31
31
31
31
31
31
31
31
31
32
32
32
32
32
32
32
32
33
33
33
33
33
33
33
33
33
33
33
33
33
33
34
35
35
35
36
38
38
38
38
38
38
39
39
39
39
39
39
41
41
41
41
41
41
41
41
41
41
41
41
42
42
42
42
42
43
43
43
43
44
46
46
47
47
47
47
47
47
47
47
47
47
48
48
48
48
48
48
48
49
49
49
49
49
49
49
50
50
50
50
51
52
52
52
52
52
52
52
53
55
55
56
56
56
56
56
56
56
56
56
56
56
56
56
56
56
56
56
56
57
57
57
57
57
57
57
58
58
58
58
58
58
58
59
59
59
59
60
61
61
61
61
61
61
61
61
61
61
61
62
63
64
65
