17
17
17
17
17
17
17
17
17
17
17
17
17
19
19
19
19
19
19
19
19
19
19
19
20
20
20
20
20
20
20
20
20
20
20
20
20
21
21
21
21
21
21
21
21
21
21
21
21
21
22
22
22
22
22
22
22
22
22
22
22
22
22
23
23
23
23
23
23
23
23
23
23
23
23
23
23
23
24
24
24
24
24
24
24
24
24
24
24
24
24
24
24
25
25
25
25
25
25
25
25
25
25
25
25
25
25
25
26
26
26
26
26
26
26
26
26
26
26
26
26
26
26
27
27
27
27
27
27
27
27
27
27
27
27
27
27
27
28
28
28
28
28
28
28
28
28
28
28
28
28
28
28
29
29
29
29
29
29
29
29
29
29
29
29
29
29
29
30
30
30
30
30
30
30
30
30
30
30
30
30
30
30
31
31
31
31
31
31
31
31
31
31
31
31
31
31
31
32
32
32
32
32
32
32
32
32
32
32
32
32
32
32
33
33
33
33
33
33
33
33
33
33
33
33
33
33
33
34
34
34
34
34
34
34
34
34
34
34
34
34
34
34
35
35
35
35
35
35
35
35
35
35
35
35
35
35
35
39
39
39
39
39
39
39
41
41
41
41
41
41
41
42
42
42
42
42
42
43
43
43
43
49
49
49
49
49
49
49
49
49
49
50
50
50
50
50
50
51
57
57
57
57
57
57
57
57
58
58
58
59
61
61
62
62
62
62
62
62
63
63
63
63
63
63
63
64
64
64
64
64
64
64
64
64
65
65
65
65
65
65
65
65
65
66
66
66
67
68
69
70
70
70
71
79
79
79
79
79
79
79
80
80
80
80
80
80
81
81
81
81
82
82
82
82
83
83
83
83
83
83
83
83
83
83
84
84
84
84
84
84
84
84
84
85
85
85
85
85
85
85
85
85
86
86
86
86
87
87
88
89
90
91
91
91
92
101
101
101
101
101
101
101
101
101
102
102
102
102
102
102
102
102
102
102
102
102
102
103
103
103
103
103
103
103
103
103
103
104
104
104
104
104
104
104
104
104
104
105
105
105
106
107
107
107
107
107
107
107
107
107
107
107
107
107
107
107
108
108
108
108
108
108
108
108
108
109
109
109
110
111
111
111
111
111
111
111
111
111
111
112
113
113
113
113
113
113
113
113
113
113
113
114
114
114
114
114
114
114
114
114
114
114
114
115
115
115
115
115
115
115
115
115
115
116
116
116
116
116
116
116
116
116
116
117
117
117
118
119
119
119
119
119
119
119
119
119
119
119
119
119
119
120
120
120
121
122
122
122
122
122
122
122
122
122
122
123
124
124
124
125
132
132
132
132
132
132
132
132
132
132
132
133
133
133
133
133
133
133
133
133
133
133
133
133
134
134
134
134
134
135
135
135
135
135
135
135
135
135
136
136
136
136
136
136
136
137
137
137
137
137
137
137
137
138
138
138
138
139
139
139
139
139
139
140
140
140
141
142
143
143
143
143
143
143
143
143
143
143
144
144
144
145
146
146
147
147
147
147
147
147
148
148
148
149
150
150
150
150
151
152
153
154
154
154
155
163
163
163
163
163
163
163
163
163
164
164
164
164
164
164
164
164
164
165
165
165
165
165
165
165
166
168
168
168
168
168
168
168
169
169
169
169
169
169
169
169
169
169
169
169
169
170
170
170
170
170
171
171
172
172
173
173
173
174
175
175
175
175
175
175
176
198
198
198
198
198
198
198
198
198
199
199
199
199
199
199
199
199
199
199
199
199
199
199
200
200
200
200
200
200
200
200
200
200
202
202
202
202
202
202
202
203
203
203
204
206
206
206
206
206
206
206
206
206
206
206
206
206
206
206
206
207
207
207
207
207
207
207
207
207
207
207
207
208
208
208
209
210
210
210
210
210
210
210
210
210
210
210
211
211
211
211
211
211
211
211
211
212
212
212
212
212
212
212
212
212
212
212
212
212
213
213
213
213
213
213
213
213
213
216
216
216
217
218
218
218
218
218
218
218
219
219
219
219
219
220
220
221
221
221
221
221
222
222
223
223
223
224
225
226
227
227
227
228
236
236
236
236
236
236
236
236
236
237
237
237
237
237
237
237
237
237
237
237
237
238
247
247
247
247
248
248
248
249
249
249
249
250
250
250
250
250
251
251
251
251
251
252
252
252
252
252
252
252
252
253
254
254
254
254
254
254
254
254
254
255
255
255
256
257
257
257
257
257
257
257
257
257
257
257
257
257
257
257
258
258
259
259
260
260
261
261
261
261
261
261
261
261
261
262
262
262
262
262
262
262
262
262
262
263
263
263
263
263
263
263
263
263
263
263
263
263
263
263
264
264
264
264
264
264
264
265
265
265
265
265
265
265
265
265
265
265
265
265
265
265
265
265
266
266
266
266
266
266
266
267
267
267
267
267
267
267
267
267
267
267
267
267
267
267
267
268
269
269
269
269
269
269
269
269
269
269
269
269
269
270
271
272
273
273
273
274
284
284
284
284
285
285
285
285
286
286
286
286
287
287
287
287
288
288
288
288
288
288
288
289
289
289
289
289
289
289
289
289
289
289
289
289
289
289
290
290
290
290
290
290
290
290
290
290
291
291
291
291
291
291
291
292
292
292
292
292
292
292
292
292
293
293
293
293
293
293
294
294
294
294
294
294
294
294
294
294
295
296
298
298
298
298
298
299
299
299
299
299
300
300
300
300
300
300
300
300
300
300
300
301
301
301
301
301
302
302
302
302
302
302
302
302
302
302
302
303
303
303
303
303
304
304
304
304
304
304
304
304
304
305
305
305
305
305
306
306
306
306
306
306
306
306
306
306
306
306
306
307
307
307
307
307
308
308
308
308
308
308
308
308
308
308
308
309
309
309
309
309
310
310
310
310
310
310
310
310
310
310
310
311
311
311
311
311
312
312
312
312
312
312
312
312
312
312
312
313
313
313
313
313
314
314
314
314
314
314
314
314
314
314
314
314
314
315
315
315
315
315
316
316
316
316
316
316
316
316
316
317
317
317
317
317
318
318
318
318
318
318
318
318
318
319
319
319
319
319
320
320
320
320
320
320
320
320
320
320
320
321
321
321
321
321
322
322
322
322
322
322
322
322
322
322
322
322
322
323
323
323
323
323
324
324
324
324
324
324
324
324
324
325
325
326
326
326
327
328
329
330
