18
18
18
18
18
18
18
18
18
18
18
47
47
47
48
49
49
49
49
49
49
49
50
50
50
50
50
51
51
51
51
51
52
52
52
52
63
63
63
63
63
63
63
63
63
63
63
64
65
65
65
65
65
65
66
66
66
66
66
66
67
67
67
67
67
67
67
67
67
68
68
68
68
68
68
68
68
68
69
69
69
69
69
69
70
84
84
84
84
84
84
84
84
84
84
84
84
85
86
86
86
86
86
86
86
87
87
87
87
87
87
87
88
88
88
88
88
88
88
89
89
89
89
89
89
89
90
98
98
98
98
98
98
98
98
99
100
100
100
100
100
100
100
100
101
101
101
101
101
101
101
102
103
103
103
103
103
103
103
104
112
112
112
112
112
113
114
114
114
115
123
123
123
123
123
124
125
125
125
125
125
125
125
126
133
133
133
133
133
134
135
135
135
136
145
145
146
146
146
146
146
147
148
148
148
148
148
148
148
148
148
150
150
150
150
150
150
150
151
151
151
151
151
151
151
152
152
152
152
152
152
152
153
153
153
153
153
153
153
153
153
153
153
154
154
154
154
154
154
154
155
155
155
155
155
155
155
156
156
156
156
156
156
156
157
157
157
157
157
157
157
157
157
157
157
158
158
158
158
158
158
158
158
158
158
158
159
160
160
160
160
160
160
160
162
162
162
162
162
162
162
163
164
165
