17
17
17
17
17
17
17
19
19
19
19
19
19
19
20
20
20
20
20
20
20
21
21
21
21
21
21
21
22
22
22
22
22
22
22
22
22
23
23
23
23
23
23
23
23
23
24
24
24
24
24
24
24
24
24
25
25
25
25
25
25
25
25
25
26
26
26
26
26
26
26
26
26
27
27
27
27
27
27
27
28
28
28
28
28
28
28
28
28
29
29
29
29
29
29
29
29
29
30
30
30
30
30
30
30
30
30
31
31
31
31
31
31
31
31
31
32
32
32
32
32
32
32
32
32
32
32
33
33
33
33
33
33
33
33
33
35
35
35
35
35
35
35
36
36
36
36
36
36
36
37
37
37
37
37
37
37
38
38
38
38
38
38
38
39
39
39
39
39
39
39
39
39
41
41
41
41
41
41
41
41
41
41
41
49
49
49
50
51
51
51
51
53
53
54
54
54
54
54
54
54
54
54
56
56
57
57
57
57
57
58
59
59
59
59
60
60
60
60
60
60
60
60
60
60
60
60
60
60
60
60
60
60
60
61
61
61
61
62
63
65
65
66
66
66
66
66
66
66
67
68
68
68
68
68
68
68
68
68
69
69
69
69
69
69
69
69
69
69
69
69
69
69
69
70
70
70
70
70
70
70
70
70
70
70
70
70
72
72
72
72
72
72
72
72
72
72
72
73
73
73
73
73
73
73
73
73
73
73
75
75
75
75
75
75
75
75
75
75
75
75
75
75
75
75
75
76
76
76
76
76
76
76
76
76
76
76
77
77
77
77
77
77
77
77
77
77
77
77
77
77
78
78
78
78
78
78
78
78
78
78
78
78
78
78
79
79
79
79
79
79
81
83
83
83
83
83
83
83
83
84
84
84
84
84
84
85
87
87
87
87
87
87
87
87
88
88
88
88
88
88
88
88
88
88
88
88
88
89
89
89
89
89
89
89
89
89
89
89
89
89
89
89
90
91
93
93
93
93
93
93
93
93
93
94
96
96
97
97
97
97
97
97
97
98
99
99
99
99
99
99
99
99
99
100
100
100
100
100
100
100
100
100
100
100
100
100
100
100
101
101
101
101
101
101
101
101
101
103
103
103
103
103
103
103
103
103
104
104
104
104
104
104
104
104
104
104
104
105
105
105
105
105
105
106
106
106
106
106
106
108
108
108
108
108
108
108
108
108
108
108
108
108
109
111
111
111
111
111
111
111
111
111
112
114
114
115
115
115
115
115
115
115
116
117
117
117
117
117
117
117
117
117
118
118
118
118
118
119
119
119
119
119
119
119
119
119
120
120
120
120
120
120
120
120
120
120
120
120
120
121
121
121
121
121
121
121
121
121
121
121
122
122
122
122
122
122
123
123
123
123
123
123
124
124
124
124
124
124
124
124
124
124
124
124
124
124
124
124
124
125
125
125
125
125
125
125
125
125
125
125
125
125
126
126
126
126
126
126
126
126
126
126
126
127
127
127
127
127
127
127
127
127
128
130
130
131
131
131
131
131
131
131
132
133
133
133
133
133
133
133
133
133
135
135
135
135
135
136
136
136
136
136
136
136
136
137
137
137
137
137
137
137
137
137
137
137
137
137
137
137
137
137
137
137
138
138
138
138
138
138
138
139
140
140
140
140
140
140
140
140
140
141
141
141
141
141
141
141
141
141
141
141
141
141
141
141
141
141
142
142
142
142
142
142
142
142
142
142
142
143
143
143
143
143
143
144
144
144
144
144
144
145
145
145
145
145
145
145
145
145
145
145
145
145
145
145
145
145
145
145
145
145
146
146
146
146
146
146
146
146
146
146
146
146
146
147
147
147
147
147
147
147
147
147
147
147
148
148
148
148
148
148
148
148
148
149
151
151
152
152
152
152
152
152
152
153
154
154
154
154
154
154
154
154
154
156
156
156
156
156
156
156
156
156
157
157
157
157
157
157
157
157
157
157
159
159
159
159
159
159
159
159
160
160
161
161
161
161
161
161
161
162
163
163
163
163
163
163
163
164
164
164
164
164
164
165
166
166
168
168
168
168
168
168
168
168
168
168
168
168
168
169
169
169
169
169
169
169
169
169
170
170
170
170
170
170
170
170
170
170
170
170
170
170
171
171
171
171
171
171
171
171
171
171
171
171
171
171
172
172
172
172
172
172
172
172
172
174
174
174
174
174
174
174
174
174
174
174
174
174
174
174
174
174
174
174
174
174
174
174
174
175
175
175
175
175
175
175
175
175
175
175
176
176
176
176
176
176
176
176
176
176
176
176
176
176
176
178
178
178
178
178
178
178
178
178
179
181
181
182
182
182
182
182
183
184
184
184
184
184
184
184
184
184
186
186
186
186
186
186
186
186
186
186
187
187
187
187
187
187
187
187
187
189
189
189
189
189
189
189
189
190
190
191
191
191
191
191
191
191
192
193
193
193
193
193
193
193
194
194
194
194
194
194
195
196
196
198
198
198
198
198
198
198
198
198
198
198
199
199
199
199
199
199
199
199
199
200
200
200
200
200
200
201
201
201
201
201
201
201
201
201
201
201
201
201
202
202
202
202
202
202
202
202
202
202
202
202
202
202
202
202
202
204
204
204
204
204
204
204
204
204
205
207
207
208
208
208
208
208
208
208
209
210
210
210
210
210
210
210
210
210
210
210
210
210
210
210
211
211
211
211
211
211
211
211
211
211
213
213
213
213
213
213
213
213
214
214
214
214
216
216
217
217
217
217
217
217
217
217
217
217
218
219
219
219
219
219
219
219
220
220
220
220
220
220
220
221
223
223
224
224
224
224
224
224
224
225
226
226
226
226
226
226
226
227
227
227
227
227
227
227
227
227
227
227
227
227
227
227
228
228
228
229
231
231
232
232
232
232
232
232
232
232
232
232
233
234
234
234
234
234
234
234
235
237
237
238
238
238
238
238
238
238
239
240
240
240
240
240
240
240
241
241
241
241
241
241
242
242
242
242
242
242
243
245
245
246
246
246
246
246
246
246
247
248
248
248
248
248
248
248
249
251
251
252
252
252
252
252
252
252
253
254
254
254
254
254
254
254
255
255
255
255
255
255
256
257
257
259
259
259
259
259
259
259
259
259
259
259
259
259
259
259
259
259
259
259
260
260
260
260
260
260
262
262
262
262
262
262
262
262
262
262
262
262
262
262
262
262
263
263
263
263
263
263
263
263
263
263
263
263
263
263
263
263
263
263
263
263
263
264
266
266
267
267
267
267
267
267
267
267
267
268
269
269
269
269
269
269
269
269
269
269
269
269
269
269
269
270
270
270
270
270
270
270
270
270
270
270
270
270
271
271
271
271
271
271
271
271
271
271
271
271
271
271
271
271
271
272
272
272
272
272
272
272
272
272
272
272
272
272
272
272
272
272
272
272
273
273
273
273
273
274
274
274
274
274
274
274
274
274
274
274
274
274
274
274
274
274
274
274
274
274
274
274
274
275
275
275
275
275
275
275
275
275
275
276
276
276
276
276
276
276
276
276
276
276
276
276
277
277
277
277
277
277
277
277
277
277
277
277
277
278
278
278
278
278
278
278
279
279
279
279
279
279
280
280
280
280
280
280
281
281
281
281
281
281
281
281
281
281
281
281
281
281
281
281
281
282
282
282
282
282
282
282
282
282
282
282
282
282
283
283
283
283
283
283
283
283
283
283
283
283
283
283
284
284
284
284
284
284
284
284
284
284
284
284
284
284
284
284
284
284
284
285
285
285
285
285
285
285
285
285
286
288
288
289
289
289
289
289
289
289
290
291
291
291
291
291
291
291
291
291
292
292
292
292
292
293
293
293
293
293
293
293
293
293
294
294
294
294
294
294
294
294
294
294
294
294
294
295
295
295
295
295
295
295
295
295
295
295
296
296
296
296
296
296
297
297
297
297
297
297
298
298
298
298
298
298
298
298
298
298
298
298
298
298
298
298
298
299
299
299
299
299
299
299
299
299
299
299
299
299
300
300
300
300
300
300
300
300
300
300
300
301
301
301
301
301
301
301
301
301
302
304
304
305
305
305
305
305
305
305
306
307
307
307
307
307
307
307
307
307
309
309
309
309
309
309
309
309
309
309
310
310
310
310
310
310
310
310
310
310
311
311
311
311
311
311
311
311
311
311
312
312
312
312
312
312
312
312
313
313
313
313
315
315
316
316
316
316
316
316
316
316
317
317
317
317
317
317
318
320
320
321
321
321
321
321
321
321
321
322
322
322
322
322
322
322
322
322
322
322
325
325
325
325
325
325
327
327
328
328
328
328
328
328
328
328
328
328
328
329
329
329
329
329
329
329
330
330
330
330
330
330
330
330
330
331
332
332
332
334
334
334
334
334
334
334
335
338
338
338
339
340
340
342
342
342
342
342
342
342
342
342
342
342
343
343
343
343
343
343
343
343
343
345
345
345
345
345
345
347
347
347
347
347
347
347
347
347
347
347
349
349
349
349
349
349
351
351
351
351
351
351
353
353
354
354
354
354
354
354
354
354
355
355
355
355
355
355
355
355
355
355
355
355
355
355
355
355
356
356
356
356
356
356
356
356
356
356
356
356
356
356
356
357
357
357
358
358
358
358
358
358
358
358
358
359
359
359
359
359
359
359
360
360
360
360
360
360
360
361
362
364
364
364
364
364
364
364
364
364
365
367
367
367
367
367
367
367
367
368
369
369
369
369
369
369
370
372
372
372
372
372
372
372
372
372
373
374
374
374
374
374
374
374
374
375
375
375
375
375
375
375
375
375
375
375
375
375
375
375
376
376
376
376
376
376
376
377
379
379
379
379
379
379
379
379
379
379
379
380
382
382
382
382
382
382
383
384
384
384
384
384
384
384
384
385
385
385
385
386
386
386
386
387
387
387
387
388
388
388
388
389
389
389
389
391
391
391
391
392
392
392
392
393
393
393
393
393
393
395
395
395
395
395
396
397
397
397
397
397
397
399
399
399
399
399
399
399
399
399
400
400
400
400
400
400
400
400
400
402
402
402
402
402
402
403
403
403
403
403
404
406
406
407
407
407
407
407
407
407
408
409
409
409
409
409
409
410
410
410
410
410
410
411
413
413
414
414
414
414
414
414
414
415
416
416
416
416
417
417
417
417
417
417
418
420
420
421
421
421
421
421
421
421
421
421
421
422
423
423
423
423
423
423
423
423
424
424
424
424
424
424
424
424
424
424
424
424
424
425
425
425
425
425
425
425
426
428
428
428
428
428
428
428
428
428
428
428
428
428
428
428
429
429
429
429
429
429
429
430
430
430
430
430
430
430
431
433
433
434
434
434
434
434
434
434
435
436
436
436
436
436
436
436
438
438
438
438
438
438
438
439
439
439
439
439
439
441
441
441
441
441
441
441
441
442
444
444
444
444
445
446
446
446
447
449
449
449
449
450
451
451
451
451
451
451
451
451
451
451
451
451
451
451
451
451
451
452
453
455
455
455
455
455
455
456
457
457
457
457
457
458
458
458
458
458
459
459
459
459
459
460
460
460
460
461
461
461
461
462
462
462
462
463
463
463
463
464
464
464
464
465
465
465
465
467
467
467
467
467
467
467
467
467
467
467
468
469
469
469
469
469
469
469
469
469
469
470
470
470
470
470
470
471
471
471
471
471
471
471
471
471
471
471
472
472
472
472
472
472
473
473
473
473
473
473
474
474
474
474
474
474
475
475
475
475
475
475
475
475
475
476
476
476
476
476
476
477
477
477
477
477
477
477
478
480
480
481
481
481
481
481
481
481
482
483
483
483
483
483
483
484
484
484
484
484
484
485
487
487
488
488
488
488
488
488
488
489
490
490
490
490
491
491
491
491
491
491
492
494
494
495
495
495
495
495
495
495
495
495
495
495
495
495
496
497
497
497
497
497
497
497
497
498
498
498
498
498
498
498
499
499
499
499
499
499
499
499
499
499
499
501
501
501
501
501
501
501
501
501
502
502
502
502
502
502
502
503
504
506
506
507
507
507
507
507
507
507
508
509
509
509
509
509
509
509
509
509
509
509
509
509
509
509
510
510
510
510
510
510
510
510
511
511
511
511
511
511
511
512
512
512
512
512
512
513
513
513
513
513
513
514
514
514
514
514
514
514
515
516
516
516
517
518
518
519
519
519
519
519
519
519
519
520
520
520
520
520
520
520
520
520
520
520
520
520
520
520
520
520
520
521
521
521
521
521
521
522
522
522
522
522
522
522
522
522
522
522
522
522
522
522
522
522
523
523
523
523
524
524
524
525
526
527
528
529
