17
17
17
17
17
17
17
17
17
19
19
19
19
19
19
19
19
19
20
20
20
20
20
20
20
20
20
20
20
21
21
21
21
21
21
21
21
21
22
22
22
22
22
22
22
22
22
23
23
23
23
23
23
23
23
23
23
23
24
24
24
24
24
24
24
24
24
24
24
25
25
25
25
25
25
25
25
25
25
25
27
27
27
27
27
27
27
27
27
28
28
28
28
28
28
28
29
29
29
29
29
29
29
29
29
31
31
31
31
31
31
31
31
31
31
31
31
31
31
32
32
32
32
32
32
32
32
32
32
32
32
32
32
37
37
37
37
37
38
39
39
40
40
40
40
40
40
40
40
40
44
44
44
44
44
44
44
44
44
44
44
44
44
44
44
44
44
45
45
45
45
45
45
45
45
45
45
46
47
49
49
49
49
49
50
50
50
50
52
52
53
53
54
55
57
57
57
57
57
57
58
58
58
58
58
59
61
61
62
62
62
62
62
62
62
62
62
62
62
62
62
62
62
62
62
62
62
63
63
63
63
65
65
66
66
66
66
66
66
66
66
66
68
68
68
68
68
68
68
68
69
69
69
70
72
72
72
72
74
74
74
74
76
76
76
76
78
78
78
78
80
80
80
80
81
82
82
82
82
82
82
84
84
84
84
84
84
84
84
84
84
84
84
84
85
85
85
85
85
85
85
86
86
86
87
89
89
89
90
92
92
93
93
93
93
93
93
93
93
93
93
93
93
93
93
93
93
93
93
94
95
95
95
95
97
97
98
98
98
98
98
98
98
98
98
100
100
100
100
100
100
100
100
101
101
102
104
104
104
104
106
106
106
106
108
108
108
108
110
110
110
110
110
110
110
110
110
110
110
112
112
112
112
114
114
114
114
114
114
115
116
116
116
116
116
116
117
117
117
117
117
117
117
117
117
117
117
117
117
118
118
118
118
118
118
118
119
120
122
122
122
122
122
122
122
122
122
122
122
122
122
122
122
122
122
122
123
124
124
124
124
124
124
124
124
124
124
124
124
124
124
124
124
127
127
127
127
127
127
127
127
127
127
127
127
127
127
127
127
127
127
127
128
128
128
128
128
128
128
129
129
129
129
129
129
129
129
129
129
129
129
129
129
129
129
129
130
130
130
130
130
130
130
130
130
130
130
130
130
130
130
130
131
131
131
131
131
131
131
131
131
132
133
133
133
133
133
133
133
133
133
133
133
134
134
134
134
134
135
135
135
135
135
135
135
135
135
135
136
136
136
136
136
136
136
136
136
136
136
136
136
136
136
136
136
137
137
137
137
137
137
137
137
139
142
142
142
142
142
142
142
142
142
142
145
145
145
145
146
146
146
146
146
146
146
146
146
146
146
146
146
148
148
148
148
148
148
148
149
149
149
149
149
149
149
149
149
149
149
149
149
149
150
150
150
150
151
151
152
152
152
152
152
152
152
152
152
152
153
153
153
153
153
153
153
153
153
153
153
153
154
154
154
154
154
154
154
154
155
155
155
155
155
155
156
156
156
156
156
156
157
157
157
157
157
157
157
157
157
157
157
157
157
157
157
157
157
158
158
159
159
159
159
159
159
160
161
161
164
164
164
164
164
164
164
164
164
164
164
164
164
164
165
165
165
165
166
166
167
167
167
167
167
167
167
167
167
167
168
168
168
168
168
168
168
168
168
168
168
168
169
169
169
169
169
169
169
169
170
170
170
170
170
170
171
171
171
171
171
171
172
172
172
172
172
172
172
172
172
172
172
172
172
172
172
172
172
173
173
174
174
174
174
174
174
175
176
178
178
178
178
178
179
181
181
181
181
181
181
181
182
182
182
182
182
182
182
183
183
183
183
183
183
183
184
186
186
187
187
187
187
187
188
191
191
191
191
191
191
191
191
192
192
192
192
192
192
192
192
192
192
192
192
192
192
192
192
193
193
193
193
193
193
193
193
193
194
194
194
194
194
194
194
194
194
194
194
194
194
194
194
194
194
194
194
196
196
196
196
196
199
199
199
199
199
199
199
200
201
201
201
201
201
201
201
201
202
202
202
202
202
202
202
202
203
203
203
203
203
203
203
204
204
204
204
204
204
204
205
205
205
205
205
205
205
206
207
207
208
208
208
208
208
209
210
211
211
211
211
211
211
211
211
211
212
212
212
212
212
212
212
212
213
215
215
215
216
218
218
218
219
221
221
221
221
221
221
221
221
221
221
221
222
222
222
222
222
222
223
223
223
224
224
224
224
224
224
224
224
224
224
224
225
225
225
225
225
225
225
225
225
225
225
225
225
225
225
226
226
226
226
226
226
226
226
227
227
227
227
228
228
228
228
228
229
229
229
229
229
229
229
229
229
229
229
229
229
229
230
230
230
231
233
233
233
233
233
233
233
233
233
233
233
233
233
234
234
234
234
234
234
234
235
235
235
235
235
235
235
235
236
236
236
236
236
236
236
236
236
236
237
239
239
239
239
239
239
239
239
239
239
239
241
241
241
241
241
242
242
242
242
242
242
242
242
243
243
243
243
243
243
243
243
243
243
243
244
244
244
244
244
244
244
244
244
244
244
244
244
244
244
244
244
245
245
245
245
245
245
245
245
248
250
250
250
251
252
253
