17
17
17
17
17
17
17
17
17
19
19
19
19
19
19
19
19
19
20
20
20
20
20
20
20
20
20
21
21
21
21
21
21
21
21
21
22
22
22
22
22
22
22
22
22
23
23
23
23
23
23
23
23
23
23
23
24
24
24
24
24
24
24
24
24
25
25
25
25
25
25
25
25
25
26
26
26
26
26
26
26
26
26
26
26
27
27
27
27
27
27
27
27
27
27
27
28
28
28
28
28
28
28
28
28
28
28
29
29
29
29
29
29
29
29
29
29
29
29
29
31
31
31
31
31
31
31
31
31
32
32
32
32
32
32
32
33
33
33
33
33
33
33
33
33
38
38
38
38
39
40
40
41
41
41
41
41
41
41
41
41
41
41
41
41
41
41
41
41
42
42
42
42
42
42
42
42
42
42
43
46
46
46
46
46
46
46
46
46
46
46
46
46
47
49
49
49
49
49
49
50
50
50
50
50
51
53
53
54
54
54
54
54
54
54
54
54
54
54
54
54
54
54
54
54
54
54
55
55
55
55
57
57
57
57
57
57
57
57
57
57
57
57
57
57
57
57
59
59
59
59
59
59
59
60
60
60
60
60
60
60
62
62
63
63
63
63
63
63
63
63
63
63
63
63
63
63
63
63
64
64
64
64
64
64
64
66
66
66
66
68
68
68
68
70
70
70
70
72
72
72
72
73
74
74
74
74
74
74
76
76
76
76
76
76
76
76
76
76
76
76
76
77
77
77
77
77
77
77
78
78
78
79
80
80
81
81
81
81
81
81
81
82
82
82
82
82
82
82
85
85
85
85
86
88
88
88
89
91
91
92
92
92
92
92
92
92
92
92
92
92
92
92
92
92
92
92
92
93
94
94
94
94
96
96
96
96
96
96
96
96
96
96
96
96
96
96
96
96
98
98
98
98
98
98
98
99
99
99
99
99
99
99
101
101
102
102
102
102
102
102
102
102
102
102
102
102
102
102
102
102
103
103
103
103
103
103
103
105
105
105
105
107
107
107
107
107
107
107
107
107
107
107
109
109
109
109
111
111
111
111
113
113
113
113
113
113
114
115
115
115
115
115
115
117
117
117
117
117
117
117
117
117
117
117
117
117
118
118
118
118
118
118
118
119
120
120
121
121
121
121
121
121
121
122
122
122
122
122
122
122
125
125
125
125
126
127
129
129
129
129
129
129
129
129
129
129
129
129
129
129
129
129
129
130
130
130
130
130
130
131
132
132
132
132
132
132
132
132
132
132
133
133
133
133
133
133
133
135
135
135
135
135
135
135
135
135
135
135
135
135
135
135
135
135
135
135
135
137
137
137
137
137
137
137
137
138
138
138
138
138
138
138
138
138
139
139
139
139
139
139
139
139
139
140
140
140
140
140
140
140
141
141
141
141
141
141
141
141
141
141
141
141
141
141
141
141
141
141
141
141
141
141
142
143
143
144
144
144
144
144
144
144
144
144
144
144
144
144
144
144
144
144
144
144
144
144
144
145
147
147
147
147
147
147
147
147
149
149
149
149
151
151
151
152
154
154
154
154
154
155
156
156
156
156
156
156
156
157
157
157
157
157
157
157
158
158
158
158
158
158
158
159
161
161
161
161
161
161
161
161
162
162
162
162
163
163
163
163
164
164
164
164
165
165
165
165
166
166
166
166
167
167
167
167
168
169
169
169
169
169
170
170
170
170
170
170
170
170
170
170
171
171
171
171
171
171
171
171
171
172
172
172
172
172
172
172
172
172
173
173
173
173
173
173
173
173
173
173
173
173
173
174
174
174
174
174
174
174
174
174
174
174
174
174
174
174
174
175
175
175
175
175
175
175
177
177
178
178
178
178
178
178
178
178
178
178
178
178
178
178
178
178
178
178
179
180
180
181
181
181
181
181
181
181
181
181
181
181
181
181
181
181
182
182
182
182
182
182
182
182
182
182
182
182
183
183
183
183
183
183
183
184
185
187
187
187
187
187
188
190
190
190
190
190
190
190
190
190
190
190
191
193
193
193
193
193
194
195
195
195
197
197
197
197
197
197
197
199
199
200
200
200
200
200
200
200
200
200
203
203
203
203
203
203
203
203
203
204
204
204
204
204
204
204
207
207
207
207
207
207
207
207
207
207
207
207
207
208
208
208
208
208
208
208
210
210
210
210
210
210
210
210
210
210
210
210
210
210
211
211
211
211
211
211
211
214
214
214
214
214
214
214
214
214
214
214
214
214
215
215
215
215
215
215
215
217
217
217
217
217
217
217
217
217
217
217
217
217
217
218
218
218
218
218
218
218
221
221
221
221
221
221
221
221
221
221
221
221
221
222
222
222
222
222
222
222
224
224
224
224
224
224
224
224
224
224
224
224
224
224
225
225
225
225
225
225
225
227
227
227
228
229
229
229
229
229
229
230
230
230
230
230
230
230
230
230
230
230
230
230
231
231
231
231
231
231
231
232
232
232
233
234
236
236
236
236
236
237
238
238
238
238
238
238
238
238
238
239
241
241
241
241
241
242
243
243
243
243
243
243
243
243
243
244
245
246
