6
6
6
6
6
6
6
6
6
6
6
8
8
8
8
8
8
8
8
8
8
8
8
8
8
9
9
9
9
9
9
9
9
9
9
9
9
9
9
10
10
10
10
10
10
10
10
10
10
10
10
10
10
11
11
11
11
11
11
11
11
11
11
11
11
11
11
13
13
13
13
13
13
13
14
14
14
14
14
14
14
15
15
15
15
15
15
15
16
16
16
16
16
16
16
17
17
17
17
17
17
17
18
18
18
18
18
18
18
20
20
20
20
20
20
20
20
20
20
20
21
21
21
21
21
21
21
21
21
21
21
22
22
22
22
22
22
22
22
22
22
22
22
22
23
23
23
23
23
23
23
23
23
23
23
23
23
24
24
24
24
24
24
24
24
24
24
24
26
26
26
26
26
27
28
28
28
28
30
30
30
30
30
30
30
30
30
30
30
30
30
30
30
30
32
32
32
32
32
32
33
34
34
34
34
34
34
35
37
37
38
38
38
38
38
39
40
40
40
40
40
40
40
40
40
40
40
40
40
40
40
40
40
40
40
40
40
40
40
40
40
42
42
42
42
42
42
42
42
42
42
42
42
42
42
42
42
42
42
42
42
43
44
44
45
45
45
45
45
45
45
45
45
45
45
45
45
45
45
45
45
45
45
45
45
45
45
45
46
47
47
47
47
47
47
47
47
47
47
47
47
47
47
47
47
48
49
49
49
51
51
51
51
51
51
51
51
53
53
53
53
53
53
53
53
53
53
53
53
53
53
54
55
55
55
55
55
55
55
55
55
56
56
56
56
56
56
56
56
56
58
58
58
58
58
58
58
58
58
60
60
60
60
60
60
60
61
61
61
61
61
61
61
61
61
61
61
61
62
62
62
62
62
62
62
63
63
63
63
63
63
63
65
65
65
65
65
65
65
66
66
66
66
66
66
66
66
66
66
66
66
67
67
67
67
67
67
67
68
68
68
68
68
68
68
70
70
70
70
70
70
70
71
71
71
71
71
71
71
71
71
71
71
72
72
72
72
72
72
72
73
73
73
73
73
73
73
75
75
75
75
75
75
75
77
77
77
77
77
77
77
77
77
77
77
77
77
77
78
79
79
79
79
79
79
79
79
79
79
79
80
81
81
81
81
81
81
81
81
81
81
81
81
82
84
84
84
84
84
84
84
84
84
84
84
84
84
85
86
86
86
86
86
86
86
87
87
87
87
87
87
87
89
89
89
89
89
89
89
90
90
90
90
90
90
90
91
93
93
93
93
93
93
93
94
96
96
97
97
97
97
97
97
97
97
97
97
98
99
99
99
99
99
99
99
99
99
99
99
99
101
101
101
101
101
101
101
101
101
101
101
101
101
101
102
103
103
103
103
103
103
103
103
103
103
103
103
103
103
103
103
106
106
106
106
106
106
106
106
106
106
106
108
108
108
108
108
108
108
108
108
110
110
110
110
110
110
110
110
110
110
110
110
110
110
110
110
110
110
111
112
112
112
112
112
112
112
112
112
113
114
115
116
117
