6
6
6
6
6
6
6
6
6
6
6
8
8
8
8
8
8
8
8
8
8
8
8
8
8
9
9
9
9
9
9
9
9
9
9
9
9
9
9
11
11
11
11
11
11
11
11
11
12
12
12
12
12
12
12
12
12
14
14
14
15
16
16
16
16
17
17
17
17
19
19
19
19
19
19
19
19
19
19
19
19
19
22
22
22
22
23
24
26
26
26
26
26
26
26
26
27
28
28
28
28
28
30
30
30
30
30
30
30
30
30
30
32
32
32
32
32
32
32
32
33
34
34
34
34
34
34
34
36
36
36
36
36
36
36
36
36
36
36
36
36
36
36
36
36
36
36
36
36
36
36
36
36
36
36
36
36
36
36
37
37
37
37
37
37
37
37
37
37
37
37
37
37
37
37
37
37
37
37
37
37
37
37
37
37
37
37
37
37
37
38
40
40
40
41
43
43
43
43
43
44
45
45
45
46
48
48
48
48
48
49
50
50
50
51
53
53
54
54
54
54
54
55
56
56
56
56
56
56
56
56
56
56
56
57
58
58
