1
1
1
1
1
1
1
1
1
1
1
19
19
19
19
19
19
19
26
26
26
26
26
27
29
29
29
29
29
29
29
29
30
30
30
30
30
30
30
30
32
32
32
32
32
32
32
32
33
33
33
33
33
33
33
33
35
35
35
35
35
35
35
35
36
36
36
36
36
36
36
36
38
38
38
38
38
38
38
38
39
39
39
39
39
39
39
39
40
40
40
40
40
40
40
40
42
42
42
42
42
42
42
42
43
43
43
43
43
43
43
43
44
44
44
44
44
44
44
44
46
46
46
46
46
46
46
46
47
47
47
47
47
47
47
47
48
48
48
48
48
48
48
48
49
49
49
49
49
49
49
49
62
62
62
62
62
62
62
62
62
62
63
64
64
64
64
64
64
64
64
65
65
65
66
76
76
76
76
76
76
76
76
76
76
77
78
78
78
78
78
78
78
78
79
79
79
80
82
82
82
82
82
82
82
82
82
82
82
82
82
84
84
84
84
84
87
87
87
87
88
89
102
102
103
103
103
103
103
103
103
103
104
105
105
105
105
105
105
105
106
106
106
107
108
108
108
108
108
108
108
108
108
108
108
108
108
108
108
108
108
109
109
109
110
111
111
111
111
111
111
111
111
111
112
112
112
112
112
112
112
112
112
112
112
112
112
112
112
112
113
120
120
121
121
121
121
121
121
122
123
123
123
123
123
123
123
124
124
124
124
124
124
124
124
124
124
124
124
125
125
125
125
125
125
125
126
127
127
127
128
133
133
133
133
133
133
133
133
134
135
135
135
135
135
135
135
135
135
135
135
135
135
135
135
136
136
136
136
136
136
136
136
136
136
136
136
136
137
137
137
137
137
137
137
137
137
137
137
137
137
138
138
138
138
138
138
138
138
138
138
140
140
140
141
152
152
153
153
153
153
153
154
155
155
155
155
155
155
155
155
155
155
155
155
155
155
155
155
156
163
163
163
163
163
163
163
163
164
165
165
165
165
165
165
165
165
165
165
165
165
165
165
165
166
166
166
166
166
166
166
166
166
166
166
166
166
167
167
167
167
167
167
167
167
167
167
167
167
167
168
168
168
168
168
168
168
168
168
168
168
168
168
169
169
169
169
169
169
169
169
169
169
169
169
169
170
170
170
170
170
170
170
170
170
170
170
170
170
171
171
171
171
171
171
171
171
171
171
171
171
171
172
172
172
172
172
172
172
172
172
172
173
173
173
174
182
182
183
183
183
183
183
184
185
185
185
185
185
185
185
185
185
185
185
185
185
185
185
185
186
193
193
194
194
194
194
194
195
196
196
196
196
196
196
196
196
196
196
197
205
205
206
206
206
206
206
207
208
208
208
208
208
208
209
220
220
221
221
221
221
221
222
223
223
223
223
223
223
224
233
233
234
234
234
234
234
235
236
236
236
236
236
236
237
245
245
246
246
246
246
246
247
248
248
248
248
248
248
249
257
257
258
258
258
258
258
259
260
260
260
260
260
260
261
271
271
272
272
272
272
272
273
274
274
274
274
274
274
274
274
275
275
275
275
275
275
275
275
276
276
276
276
276
276
276
276
276
276
276
277
277
277
277
277
277
277
277
277
277
277
278
278
278
278
278
279
281
281
281
281
281
281
281
282
282
282
282
282
283
284
288
288
288
288
288
288
288
289
289
289
289
289
290
291
291
291
291
291
292
300
300
301
301
301
301
301
302
303
303
303
303
303
303
304
313
313
314
314
314
314
314
315
316
316
316
316
316
316
317
327
327
328
328
328
328
328
329
330
330
330
330
330
330
330
330
331
331
331
331
331
332
338
338
339
339
339
339
339
340
341
341
341
341
341
341
342
349
349
350
350
350
350
350
351
352
352
352
352
352
352
352
352
353
353
353
353
353
353
353
353
353
354
362
362
363
363
363
363
363
364
365
365
365
365
365
365
365
365
366
366
366
366
366
367
376
376
377
377
377
377
377
378
379
379
379
379
379
379
379
379
379
380
388
388
388
388
388
388
388
388
389
390
390
390
390
390
390
390
390
390
390
391
399
399
400
400
400
400
400
401
402
402
402
402
402
402
403
411
411
412
412
412
412
412
413
414
414
414
415
422
422
423
423
423
423
423
424
425
425
425
425
425
425
425
425
425
425
425
425
425
425
425
425
426
435
435
436
436
436
436
436
437
438
438
438
438
438
438
438
438
438
438
438
438
439
441
441
441
441
441
442
443
443
443
443
443
443
443
443
443
443
444
450
450
450
450
450
451
452
452
452
452
452
452
452
452
452
452
452
453
453
453
453
453
453
453
453
453
453
453
453
454
454
454
454
454
454
454
454
454
454
454
454
455
455
455
455
455
455
455
455
455
455
456
458
458
458
458
458
459
460
460
460
460
460
460
460
460
460
461
461
461
461
461
461
461
461
461
461
461
461
461
461
461
462
462
462
462
462
462
462
462
462
462
462
462
462
462
463
463
463
463
463
463
463
464
464
465
466
466
466
466
466
466
466
467
468
468
468
468
468
468
468
469
477
477
478
478
478
478
478
478
478
478
479
480
480
480
480
480
480
480
480
480
480
480
480
480
480
480
480
480
481
481
481
481
481
481
482
483
483
483
483
483
483
483
483
483
483
483
483
484
484
484
484
484
484
484
484
484
485
485
485
485
485
485
485
485
485
486
486
486
486
486
486
487
488
488
488
488
488
488
488
488
488
488
488
488
488
488
488
489
489
489
489
489
489
489
489
490
490
490
490
490
490
490
490
490
490
490
491
491
491
491
491
491
491
491
491
491
492
492
492
492
492
492
492
492
492
492
492
492
492
493
493
493
493
493
493
493
494
502
502
502
502
502
502
502
502
502
502
502
503
504
504
504
504
504
504
504
504
504
504
504
504
504
504
504
505
505
505
505
505
505
505
505
505
505
505
505
505
505
505
505
506
506
506
506
507
508
515
515
516
516
516
516
516
516
516
516
517
518
518
518
518
518
518
518
518
518
518
518
518
518
518
518
518
518
518
518
518
518
518
518
518
518
518
518
518
519
526
526
527
527
527
527
527
527
527
527
528
529
529
529
529
529
529
529
529
529
529
529
529
529
529
529
529
529
529
529
529
529
530
538
538
539
539
539
539
539
539
539
539
540
541
541
541
541
541
541
541
542
549
549
550
550
550
550
550
550
550
550
551
552
552
552
552
552
552
552
552
552
552
552
552
552
552
553
560
560
561
561
561
561
561
561
561
561
562
563
563
563
563
563
563
563
563
563
563
563
563
563
563
564
572
572
573
573
573
573
573
573
573
573
574
575
575
575
575
575
575
575
576
584
584
585
585
585
585
585
585
585
585
586
587
587
587
587
587
587
587
588
596
596
597
597
597
597
597
597
597
597
598
599
599
599
599
599
599
599
600
608
608
609
609
609
609
609
609
609
609
610
611
611
611
611
611
611
611
612
620
620
621
621
621
621
621
621
621
621
622
623
623
623
623
623
623
623
624
631
631
632
632
632
632
632
632
632
632
633
634
634
634
634
634
634
634
634
634
634
634
634
634
634
635
643
643
643
643
643
643
643
643
643
643
643
643
644
645
645
645
645
645
645
645
645
645
645
645
645
645
645
645
645
645
648
648
648
648
648
648
648
648
648
648
648
648
648
648
648
649
649
649
649
649
649
649
649
649
649
649
649
649
649
649
649
650
650
650
650
651
653
661
661
662
662
662
662
662
662
662
662
663
664
664
664
664
664
664
664
665
672
672
673
673
673
673
673
673
673
673
674
675
675
675
675
675
675
675
675
675
675
675
675
675
675
675
675
675
675
675
675
675
675
675
675
675
675
675
675
676
683
683
684
684
684
684
684
685
686
686
686
687
687
687
687
687
687
688
688
688
688
688
688
689
689
689
689
689
689
690
690
690
690
690
690
691
691
691
691
691
691
692
692
692
692
692
692
693
693
693
693
693
693
694
694
694
694
694
694
694
694
694
694
695
695
696
698
699
