1
1
1
1
1
1
1
1
1
3
3
3
3
3
3
3
4
4
4
4
4
4
4
5
5
5
5
5
5
5
6
6
6
6
6
6
6
7
7
7
7
7
7
7
7
7
8
8
8
8
8
8
8
8
8
9
9
9
9
9
9
9
9
9
10
10
10
10
10
10
10
10
10
11
11
11
11
11
11
11
11
11
41
41
41
42
43
43
43
43
43
43
45
45
45
45
45
45
45
45
45
46
47
47
47
47
47
47
47
47
48
49
49
49
49
49
49
49
49
49
50
50
50
50
50
50
50
51
53
53
53
53
53
53
53
53
53
53
53
53
53
55
55
55
55
55
55
55
55
55
55
55
55
55
55
55
55
55
55
55
55
55
55
55
55
55
56
56
56
56
56
56
56
56
56
56
56
56
56
56
56
56
56
56
56
56
56
56
56
56
56
58
58
58
58
58
59
59
59
59
59
59
59
59
59
59
59
59
59
59
59
59
59
59
60
61
61
61
61
62
64
64
64
64
64
64
64
64
64
65
65
65
65
65
65
65
67
67
67
67
67
67
67
67
67
68
68
68
68
68
70
70
70
70
70
70
70
70
70
70
70
70
70
70
71
73
73
73
73
73
73
73
73
73
73
73
74
74
74
74
74
74
74
74
74
74
74
75
75
75
75
75
75
75
75
75
75
75
77
77
77
77
77
77
77
77
78
79
80
80
80
80
80
80
80
80
80
80
80
80
80
80
81
82
82
82
82
82
82
82
82
82
83
83
83
83
83
83
83
85
85
85
85
85
85
85
85
85
85
85
85
85
85
85
85
85
85
85
85
85
86
86
86
86
86
86
86
86
86
86
86
86
86
86
86
86
86
86
86
86
86
88
88
88
88
88
88
88
88
88
88
89
89
89
89
89
89
89
89
89
89
90
92
92
92
92
92
92
92
93
94
94
94
94
94
94
94
94
94
94
94
94
94
94
94
94
94
94
94
95
95
95
95
95
95
95
95
95
95
96
97
97
97
97
97
97
97
97
97
98
98
98
98
98
98
98
98
99
100
102
102
102
102
102
102
102
103
104
104
104
104
104
104
104
104
104
104
105
106
106
106
106
106
106
106
106
106
107
107
107
107
107
107
107
107
108
109
110
111
111
111
111
111
112
113
113
113
113
113
113
113
113
113
114
114
114
114
114
114
114
114
115
116
118
118
118
118
118
118
118
118
118
118
118
118
118
118
118
118
118
118
118
118
118
119
119
119
119
119
119
119
119
119
119
119
119
119
119
119
119
119
119
119
120
120
120
120
120
120
120
121
123
123
123
123
123
123
124
125
125
125
125
125
125
125
125
126
126
126
126
128
129
131
131
131
131
131
131
131
131
132
132
132
132
132
132
132
132
132
132
132
132
132
132
133
134
134
134
134
134
134
134
135
136
136
136
136
136
136
136
136
136
136
136
136
137
139
139
139
139
139
139
140
141
141
141
141
141
141
142
144
144
145
145
145
145
145
146
147
148
149
149
149
149
149
149
150
150
150
150
150
150
150
150
150
150
150
150
150
150
151
152
152
152
152
152
152
152
153
155
155
155
155
155
155
156
157
157
157
157
157
158
159
159
159
159
159
159
159
159
159
160
160
161
162
163
165
165
165
165
165
165
166
167
167
167
167
168
168
168
168
170
170
170
170
170
171
172
172
172
172
172
172
174
174
174
174
174
174
174
174
174
175
177
177
178
178
178
178
178
179
180
181
182
182
182
182
182
182
182
182
182
182
182
183
183
183
183
184
185
185
185
185
185
185
185
185
185
185
186
186
186
186
186
186
186
187
188
188
189
191
191
191
191
191
191
191
191
191
191
191
192
194
194
194
194
194
194
195
196
196
196
196
196
197
198
198
198
198
198
198
198
198
198
199
199
200
201
203
203
203
203
204
205
205
205
205
205
205
205
206
207
208
209
