18
18
18
18
18
18
18
18
18
18
18
20
20
20
20
20
20
20
21
21
21
21
21
21
21
22
22
22
22
22
22
22
23
23
23
23
23
23
23
24
24
24
24
24
24
24
24
24
25
25
25
25
25
25
25
27
27
27
27
27
27
27
28
28
28
28
28
28
28
28
28
29
29
29
29
29
29
29
29
29
31
31
31
31
31
31
31
31
31
31
31
31
31
39
39
39
39
39
39
43
43
43
43
45
45
47
47
49
49
51
51
53
53
61
61
61
61
61
61
61
61
61
61
61
62
62
62
62
62
62
62
62
62
62
62
62
63
63
63
64
65
65
65
65
65
65
65
65
65
65
65
65
66
66
66
67
68
68
68
68
68
68
68
68
68
68
68
68
69
69
69
70
71
71
71
71
71
71
71
71
71
71
71
71
72
72
72
73
74
74
74
74
74
74
74
74
74
74
74
74
75
75
75
76
77
77
77
78
79
84
84
84
84
84
85
94
94
94
94
94
94
94
94
94
94
94
94
95
95
95
95
95
95
95
96
103
103
103
103
103
103
103
103
104
104
104
104
104
105
114
114
114
114
114
114
114
114
114
114
114
114
115
115
115
115
115
115
115
116
126
126
126
126
126
126
126
126
126
126
126
126
126
126
126
126
127
127
127
127
127
127
127
127
127
128
137
137
137
137
137
137
137
137
137
137
137
137
138
138
138
138
138
138
138
138
138
139
158
158
158
158
158
158
158
158
158
158
158
158
158
158
158
158
158
158
159
159
159
159
159
159
159
159
159
160
160
160
160
160
160
160
160
160
160
160
160
160
160
160
160
160
160
160
160
160
160
160
161
161
161
162
164
164
164
164
164
164
164
164
164
164
164
164
166
166
167
167
167
167
167
167
167
167
167
167
167
167
167
167
167
167
167
167
167
167
167
167
167
167
167
167
167
167
167
168
169
169
169
169
169
169
169
169
169
169
169
169
171
171
171
171
171
171
171
171
171
171
171
171
171
171
171
171
171
171
171
171
171
171
171
171
173
173
173
173
173
173
173
173
173
173
173
174
174
174
174
174
174
174
174
174
174
174
174
174
174
174
174
174
174
174
174
176
176
176
176
176
176
176
176
176
176
176
176
176
176
176
176
176
176
176
176
176
176
176
178
178
178
178
178
178
178
178
178
178
178
178
178
178
178
179
179
179
179
179
179
179
179
179
179
179
179
179
179
179
179
179
179
179
179
180
180
180
180
180
180
180
180
180
180
180
180
180
180
180
180
180
181
181
181
181
181
181
181
181
181
182
182
182
182
182
182
182
182
182
182
182
182
182
182
182
182
182
182
182
182
182
184
184
184
184
184
184
184
184
184
184
184
184
184
184
184
184
185
186
186
186
186
186
186
186
186
186
186
186
186
189
189
189
189
189
189
189
189
189
189
189
189
189
189
189
189
189
189
189
189
189
189
189
189
189
189
190
190
190
191
192
192
192
192
192
192
192
192
192
192
192
192
192
192
192
192
192
192
192
192
192
192
192
193
194
194
194
194
194
194
194
194
194
194
194
194
194
194
194
194
194
194
194
194
194
195
195
195
195
195
195
195
195
195
195
195
195
195
195
195
195
195
195
195
195
195
195
195
196
197
197
197
198
207
207
207
207
207
207
207
207
207
207
207
208
208
208
208
208
208
208
208
208
208
208
208
208
208
209
209
209
209
209
209
209
209
209
210
210
210
210
210
210
210
210
210
210
210
211
211
211
211
211
211
211
212
213
213
213
213
213
213
213
213
213
213
213
213
213
213
214
215
215
215
215
215
215
215
216
229
229
229
229
229
229
229
229
229
229
229
230
230
230
230
230
230
230
230
230
230
231
243
243
243
243
243
243
243
243
244
244
244
244
245
245
245
245
247
247
247
247
247
247
248
248
248
248
248
248
248
248
250
250
250
250
250
250
250
251
251
251
252
254
254
254
254
254
254
254
254
254
254
254
255
268
268
268
268
268
268
268
268
268
268
268
269
269
269
269
269
269
269
269
269
269
269
270
277
277
277
277
277
277
277
277
278
278
278
278
278
278
278
278
278
278
278
278
278
279
279
279
279
279
279
279
279
279
279
279
279
279
279
279
279
279
279
279
279
279
279
279
279
279
280
280
280
280
280
280
280
280
280
280
280
280
280
280
281
281
281
281
281
281
281
281
281
281
281
281
281
281
281
281
281
281
281
282
282
282
283
284
287
