18
18
18
18
18
18
18
18
18
18
18
20
20
20
20
20
20
20
21
21
21
21
21
21
21
22
22
22
22
22
22
22
23
23
23
23
23
23
23
24
24
24
24
24
24
24
25
25
25
25
25
25
25
25
25
26
26
26
26
26
26
26
26
26
28
28
28
28
28
28
28
28
28
28
28
29
29
29
29
29
29
29
29
29
29
29
30
30
30
30
30
30
30
30
30
30
30
31
31
31
31
31
31
31
31
31
31
31
31
31
59
59
59
59
59
59
61
61
61
61
61
61
61
61
66
66
66
66
66
66
66
66
66
66
68
68
68
69
69
69
69
70
70
70
70
76
76
76
76
82
82
82
82
87
87
87
87
93
93
93
93
93
94
94
94
94
94
95
95
95
95
96
96
96
96
97
97
97
97
98
98
98
98
99
99
99
99
99
99
99
99
100
106
106
107
107
107
107
107
107
107
107
108
108
108
108
108
108
109
109
109
109
109
109
109
109
109
109
109
109
109
109
110
110
110
110
110
110
110
110
110
110
110
110
110
110
111
111
111
111
113
113
113
113
113
113
113
113
114
126
126
126
126
126
126
126
126
127
127
127
127
127
127
127
127
128
136
136
137
137
137
137
137
137
137
137
137
137
137
138
138
138
138
138
138
138
138
138
139
152
152
152
152
152
152
152
152
152
152
152
153
153
153
153
153
153
153
153
153
153
153
153
153
153
153
154
167
167
167
167
167
167
167
167
167
167
167
168
168
168
168
168
168
168
168
168
168
169
183
183
183
183
183
183
183
183
183
183
183
184
184
184
184
184
184
184
184
185
185
185
185
185
185
185
185
185
185
186
199
199
199
199
199
199
199
199
199
199
199
200
200
200
200
200
200
200
200
201
201
201
201
201
201
201
201
201
201
202
214
214
214
214
214
214
214
214
215
215
215
215
215
215
215
215
216
224
224
225
225
225
225
225
225
225
225
225
225
225
226
226
226
226
226
226
226
226
226
227
240
240
240
240
240
240
240
240
240
240
240
241
241
241
241
241
241
241
241
241
241
241
241
241
241
241
242
255
255
255
255
255
255
255
255
255
255
255
256
256
256
256
256
256
256
256
256
256
257
266
266
267
267
267
267
267
267
267
267
268
268
268
268
268
268
269
269
269
269
270
270
270
270
271
271
271
271
272
272
272
272
273
278
278
279
279
279
279
279
279
280
280
280
281
295
295
295
295
295
295
295
295
296
296
296
296
296
296
296
296
298
298
298
298
298
298
298
299
299
299
299
299
299
299
300
304
304
304
304
304
304
304
304
304
304
304
305
305
305
305
305
305
305
305
305
306
308
308
309
309
309
309
309
309
309
309
309
309
309
309
309
309
309
309
310
310
310
310
310
310
310
310
311
311
311
311
311
311
311
311
311
312
314
314
314
314
314
314
314
314
314
314
314
316
316
316
316
316
316
316
316
316
317
317
317
317
317
317
317
318
319
319
319
320
329
329
329
329
329
329
330
330
330
331
339
339
339
339
339
339
340
340
340
341
354
354
354
354
354
354
354
354
354
354
354
355
355
355
355
355
355
355
355
355
355
356
368
368
368
368
368
368
368
368
369
369
369
369
369
369
369
369
370
378
378
379
379
379
379
379
379
379
379
379
379
379
380
380
380
380
380
380
380
380
380
381
394
394
394
394
394
394
394
394
394
394
394
395
395
395
395
395
395
395
395
395
395
395
395
395
395
395
396
409
409
409
409
409
409
409
409
409
409
409
410
410
410
410
410
410
410
410
410
410
411
423
423
423
423
423
423
423
423
424
424
424
424
424
424
424
424
425
438
438
438
438
438
438
438
438
438
438
438
439
439
439
439
439
439
439
439
439
439
440
448
448
448
448
448
448
449
449
449
450
462
462
462
462
462
462
462
462
463
463
463
463
463
463
463
463
464
476
476
476
476
476
476
476
476
477
477
477
477
477
477
477
477
478
488
488
488
488
488
488
488
488
488
488
488
489
489
489
489
489
489
489
489
489
489
490
490
490
490
490
490
490
491
491
491
491
491
491
491
491
491
491
491
491
491
491
492
508
508
508
508
508
508
508
508
508
508
508
508
508
508
508
508
508
508
508
508
508
508
508
509
509
509
509
509
509
509
509
509
511
511
511
511
511
511
511
512
512
512
512
512
512
512
513
513
513
513
513
513
513
515
515
515
515
515
516
516
516
516
516
516
516
517
517
517
517
517
517
517
518
520
520
520
520
520
520
520
521
521
521
521
521
521
521
522
522
522
522
522
522
522
523
523
523
523
523
523
523
524
526
526
526
526
526
526
526
526
526
526
526
526
526
526
527
544
544
544
544
544
544
544
544
544
544
544
544
544
544
544
544
544
544
544
544
544
544
544
544
544
544
544
545
545
545
545
545
545
545
545
545
547
547
547
547
547
547
547
548
548
548
548
548
548
548
549
549
549
549
549
549
549
550
550
550
550
550
550
550
551
551
551
551
551
551
551
553
553
553
553
553
554
554
554
554
554
554
554
555
555
555
555
555
555
555
556
558
558
558
558
558
558
558
559
559
559
559
559
559
559
560
560
560
560
560
560
560
561
561
561
561
561
561
561
562
564
564
564
564
564
564
564
564
564
564
564
564
564
564
565
577
577
577
577
577
577
577
577
578
578
578
578
578
578
578
578
579
591
591
591
591
591
591
591
591
592
592
592
592
592
592
592
592
593
605
605
605
605
605
605
605
605
606
606
606
606
606
606
606
606
607
621
621
621
621
621
621
621
621
621
621
621
622
622
622
622
622
622
622
622
623
638
638
638
638
638
638
638
638
638
638
638
638
638
638
638
639
639
639
639
639
639
639
639
639
639
639
639
639
640
654
654
654
654
654
654
654
654
654
654
654
655
655
655
655
655
655
655
655
656
671
671
671
671
671
671
671
671
671
671
671
671
671
671
671
672
672
672
672
672
672
672
672
672
673
673
673
673
673
673
673
675
675
675
675
675
675
675
676
676
676
676
676
676
676
677
677
677
677
677
677
677
678
679
679
679
679
679
679
679
679
679
681
681
681
681
682
682
682
682
682
682
682
682
682
682
682
682
682
683
683
683
683
683
683
685
685
685
685
685
685
685
687
687
687
687
687
688
700
700
700
700
700
700
700
700
701
701
701
701
701
701
701
701
702
712
712
713
713
713
713
713
713
713
713
713
713
713
714
714
714
714
714
714
714
714
714
715
728
728
728
728
728
728
728
728
728
728
728
729
729
729
729
729
729
729
729
729
729
729
729
729
729
729
730
743
743
743
743
743
743
743
743
743
743
743
744
744
744
744
744
744
744
744
744
744
745
761
761
761
761
761
761
761
761
761
761
761
761
761
761
761
762
762
762
762
762
762
762
762
762
762
763
763
763
763
763
763
763
764
764
764
764
764
764
764
765
765
765
765
765
765
765
765
765
765
765
765
765
765
766
781
781
781
781
781
781
781
781
781
781
781
782
782
782
782
782
782
782
782
782
782
783
784
785
