18
18
18
18
18
18
18
18
18
18
18
20
20
20
20
20
20
20
26
26
26
26
31
31
31
31
31
33
33
33
33
33
34
34
34
34
34
35
35
35
35
35
36
36
36
36
36
39
39
39
39
39
40
40
40
40
40
41
41
41
41
41
42
42
42
42
42
43
43
43
43
43
44
44
44
44
44
45
45
45
45
45
46
46
46
46
46
48
48
48
48
48
49
49
49
49
49
51
51
51
51
51
52
52
52
52
52
54
54
54
54
54
55
55
55
55
55
60
60
60
60
60
61
61
61
61
61
62
62
62
62
62
63
63
63
63
63
68
68
68
68
68
73
73
73
73
73
78
78
78
78
78
83
83
83
83
83
88
88
88
88
88
93
93
93
93
93
98
98
98
98
98
103
103
103
103
103
108
108
108
108
108
113
113
113
113
113
118
118
118
118
118
123
123
123
123
123
128
128
128
128
128
133
133
133
133
133
138
138
138
138
138
143
143
143
143
143
148
148
148
148
148
153
153
153
153
153
160
160
160
160
160
165
165
165
165
165
172
172
172
172
172
172
172
179
179
179
179
179
179
179
186
186
186
186
186
186
186
193
193
193
193
193
193
193
200
200
200
200
200
200
200
208
208
208
208
208
208
208
215
215
215
215
215
215
215
222
222
222
222
222
222
222
229
229
229
229
229
229
229
237
237
237
237
237
237
237
244
244
244
244
244
244
244
251
251
251
251
251
251
251
258
258
258
258
258
258
258
265
265
265
265
265
265
265
267
268
