18
18
18
18
18
18
18
18
18
18
18
20
20
20
20
20
20
20
21
21
21
21
21
21
21
22
22
22
22
22
22
22
23
23
23
23
23
23
23
24
24
24
24
24
24
24
25
25
25
25
25
25
25
26
26
26
26
26
26
26
27
27
27
27
27
27
27
28
28
28
28
28
28
28
28
28
30
30
30
30
30
30
30
30
30
30
30
30
30
61
61
61
61
61
61
65
65
65
65
65
65
65
65
70
70
70
70
70
70
70
70
75
75
75
75
75
75
75
75
80
80
80
80
80
81
81
81
81
81
82
96
96
97
97
97
97
97
97
97
97
97
97
97
97
97
97
97
97
97
98
98
98
98
98
98
98
98
98
98
98
98
98
99
114
114
114
114
114
114
114
114
114
114
114
114
114
114
114
114
114
114
114
114
114
114
114
115
115
115
117
117
117
117
119
119
119
119
119
119
119
119
119
119
119
119
119
119
120
120
121
121
121
121
121
121
121
121
121
121
121
121
121
121
121
122
122
122
122
122
122
122
122
123
123
124
125
125
126
128
128
128
128
128
128
128
129
129
129
129
129
129
129
130
132
132
132
132
133
149
149
150
150
150
150
150
150
150
150
150
150
150
150
150
150
150
150
150
150
150
150
151
151
151
151
151
151
151
152
152
152
152
152
152
152
152
152
152
152
153
153
153
153
153
153
153
153
153
154
155
155
155
155
155
155
155
155
155
155
155
155
155
156
171
171
172
172
172
172
172
172
172
172
172
172
172
172
172
172
172
172
172
172
172
173
173
173
173
173
173
173
173
173
173
173
173
173
173
173
173
173
173
174
189
189
189
189
189
189
189
189
189
189
189
189
189
189
189
189
189
189
189
189
189
190
190
190
190
190
190
190
190
190
190
190
190
190
190
191
208
208
209
209
209
209
209
209
209
209
209
209
209
209
209
209
209
209
209
209
209
209
210
210
210
210
210
210
210
210
210
211
211
211
211
211
211
211
211
211
211
211
212
212
212
212
212
212
212
212
212
213
214
214
214
214
214
214
214
214
214
214
214
214
214
215
219
219
220
220
220
220
220
220
220
221
221
221
222
222
222
223
223
223
223
225
225
225
225
226
226
226
226
228
228
228
228
228
228
228
228
228
228
228
228
228
228
229
229
230
230
230
230
230
230
230
230
230
230
230
230
230
230
230
231
231
232
232
232
232
232
232
232
232
233
233
234
235
237
237
237
237
237
237
237
238
238
238
238
238
238
238
239
241
241
241
241
241
241
241
241
241
241
241
241
241
241
241
241
241
241
241
241
241
241
241
242
242
242
242
242
242
242
243
243
243
243
243
243
245
245
245
245
245
245
245
245
246
246
246
246
246
246
248
248
248
248
248
248
248
248
248
248
248
248
248
249
249
249
249
249
249
250
250
250
250
250
250
250
250
250
250
250
250
250
250
250
250
250
251
253
253
253
253
253
253
253
253
253
253
253
253
253
254
264
264
264
264
264
264
264
264
264
264
264
264
264
264
264
264
264
264
264
265
265
265
265
265
265
265
265
265
265
265
266
288
288
288
288
288
288
288
288
288
288
288
288
288
288
288
288
288
288
288
288
288
288
288
289
289
289
289
289
289
289
289
289
289
289
290
292
293
