18
18
18
18
18
18
18
18
18
20
20
20
20
20
20
20
21
21
21
21
21
21
21
22
22
22
22
22
22
22
23
23
23
23
23
23
23
24
24
24
24
24
24
24
25
25
25
25
25
25
25
26
26
26
26
26
26
26
27
27
27
27
27
27
27
28
28
28
28
28
28
28
29
29
29
29
29
29
29
29
29
31
31
31
31
31
31
31
32
32
32
32
32
32
32
45
45
45
45
45
49
49
49
49
49
49
49
49
52
52
52
52
52
52
52
52
52
52
52
52
55
55
55
55
55
55
55
55
55
55
55
55
58
58
58
58
58
58
58
58
63
63
63
63
66
66
66
66
69
69
69
69
72
72
72
72
75
75
75
75
78
78
78
78
81
81
81
81
84
84
84
84
87
87
87
87
89
89
89
89
89
89
92
92
92
92
92
92
92
95
95
95
95
95
95
95
98
98
98
98
103
103
103
103
103
103
103
103
103
103
109
109
109
109
109
110
110
110
110
111
111
111
111
112
112
112
112
113
113
113
113
114
114
114
114
115
115
115
115
116
116
116
116
117
117
117
117
118
121
121
121
121
121
121
121
121
121
121
121
121
121
121
121
121
121
121
121
121
121
121
121
121
121
122
122
122
122
122
122
122
122
123
123
123
123
123
123
123
123
124
124
124
124
124
124
124
125
126
126
126
126
126
126
126
126
127
127
127
127
127
127
127
128
129
129
129
129
129
129
129
130
130
130
130
130
130
130
130
130
130
130
130
130
131
132
132
132
132
132
132
132
132
132
132
132
132
132
132
132
133
133
133
133
134
149
149
149
149
149
149
149
149
150
150
150
150
151
151
151
151
151
151
151
151
152
152
152
152
152
152
152
152
153
161
161
161
161
161
161
161
161
161
162
162
162
162
162
162
162
162
162
163
171
171
171
171
171
171
171
171
172
172
172
172
172
172
172
173
175
175
175
175
175
175
175
175
175
176
176
176
176
176
176
176
177
177
178
178
178
178
178
178
179
179
179
179
179
179
179
179
181
182
183
185
185
185
185
185
185
185
185
185
186
186
186
186
186
186
186
187
187
188
188
188
188
188
188
189
189
189
189
189
189
189
189
191
192
193
204
204
204
204
204
204
204
204
204
204
204
204
204
205
205
205
205
206
206
206
206
206
206
206
207
219
219
219
219
219
219
219
219
219
219
219
219
219
219
219
219
219
220
220
220
220
221
221
221
221
221
221
221
221
221
221
221
221
222
236
236
236
236
236
236
236
236
236
236
236
236
236
236
236
236
236
236
236
236
236
236
236
236
236
237
237
237
237
238
238
238
238
238
238
238
238
238
238
238
239
251
251
251
251
251
251
251
251
251
251
251
251
251
252
252
252
252
252
252
252
253
266
266
266
266
266
266
266
266
266
266
266
266
266
266
266
266
266
267
267
267
267
268
268
268
268
268
268
268
268
268
268
268
268
268
268
268
268
268
269
284
284
284
284
284
284
284
284
284
284
284
284
284
284
284
284
284
284
284
284
284
284
284
284
284
285
285
285
285
286
286
286
286
286
286
286
286
286
286
286
286
286
286
286
286
287
292
292
292
292
292
292
293
293
293
293
293
293
293
293
294
302
302
302
302
302
302
302
302
303
303
303
303
303
304
304
304
304
304
305
305
305
305
305
306
306
306
306
307
307
307
307
308
308
308
308
309
309
309
309
310
319
319
319
319
319
319
319
319
319
319
319
319
319
320
320
320
320
320
320
320
320
320
320
320
320
320
321
321
321
321
321
321
321
321
321
321
321
322
323
332
332
332
332
332
332
332
332
332
332
332
332
332
333
333
333
333
333
333
333
333
333
333
333
333
333
334
334
334
334
334
334
334
334
334
334
334
335
336
344
344
344
344
344
344
345
345
345
346
355
355
356
356
356
356
356
356
357
357
357
357
357
357
357
358
366
366
366
366
366
366
367
367
367
368
376
376
376
376
376
376
377
377
377
378
385
385
385
385
385
385
386
386
386
387
394
394
394
394
394
394
395
395
395
396
406
406
406
406
406
406
406
406
407
407
407
407
407
407
407
408
416
416
416
416
416
416
417
417
417
417
417
417
417
418
426
426
426
426
426
426
427
427
427
427
427
427
427
428
435
435
435
435
435
435
436
436
436
437
445
445
445
445
445
445
446
446
446
447
453
453
453
453
453
453
454
454
454
454
454
454
454
455
463
463
463
463
463
463
464
464
464
464
464
464
464
465
473
473
473
473
473
473
474
474
474
475
483
483
483
483
483
483
484
484
484
485
494
494
494
494
494
494
494
494
495
495
495
495
495
495
495
496
505
505
505
505
505
505
505
505
506
506
506
506
506
506
506
507
516
516
516
516
516
516
516
516
517
517
517
517
517
517
517
518
527
527
527
527
527
528
528
528
528
528
528
529
529
529
529
529
529
529
530
530
531
531
531
531
531
531
531
531
531
531
531
532
532
532
533
534
534
534
534
534
534
534
534
534
534
534
535
535
535
536
537
537
537
537
537
537
537
537
537
537
537
538
538
538
539
540
540
540
540
540
540
540
540
540
541
541
541
542
546
546
546
546
546
546
546
546
546
547
547
547
548
549
549
549
549
549
549
549
549
549
550
550
550
551
554
554
554
554
554
554
556
556
556
556
556
556
557
557
557
557
557
557
557
557
558
558
558
559
560
560
560
561
562
562
562
563
572
572
572
572
572
572
573
573
573
573
573
573
573
574
574
574
575
577
577
577
577
577
577
577
578
586
586
586
586
586
586
586
586
586
587
587
587
587
587
587
587
587
587
588
596
596
596
596
596
596
596
596
596
597
597
597
597
597
597
598
606
606
606
606
606
606
606
606
606
607
607
607
607
607
607
608
616
616
616
616
616
616
616
616
616
617
617
617
617
618
626
626
626
626
626
626
626
626
626
627
627
627
627
628
641
641
641
641
641
641
641
641
641
641
641
642
642
642
642
642
642
642
643
651
651
651
651
651
651
651
651
651
652
652
652
652
652
652
652
652
652
653
653
653
653
654
663
663
663
663
663
663
663
663
663
663
663
664
664
664
664
665
674
674
674
674
674
674
674
674
674
674
674
675
675
675
675
676
685
685
685
685
685
685
685
685
685
686
686
686
686
686
686
686
687
687
687
687
688
688
688
689
689
689
689
690
691
699
699
699
699
699
699
699
699
699
700
700
700
700
700
700
700
701
701
701
701
702
702
702
703
703
703
703
704
705
715
715
715
715
715
715
715
715
715
715
715
715
715
715
715
716
716
716
716
716
716
716
716
716
717
728
728
728
728
728
728
728
728
728
728
728
729
729
729
729
729
729
729
730
739
739
739
739
739
739
739
739
739
739
739
740
740
740
740
740
740
740
741
751
751
751
751
751
751
751
751
751
752
752
752
752
753
753
753
753
755
755
755
755
755
755
755
755
756
756
756
756
756
756
758
758
758
758
758
758
758
758
759
765
766
