17
17
17
17
17
17
17
17
17
17
17
19
19
19
19
19
19
19
19
19
20
20
20
20
20
20
20
20
20
28
28
28
28
33
33
33
33
33
36
36
36
36
36
36
36
36
38
38
38
38
38
39
41
41
41
41
41
41
41
41
41
42
42
42
42
42
42
43
45
45
45
45
45
45
46
46
46
46
46
47
52
52
52
52
52
52
52
52
52
52
52
53
53
53
53
53
53
53
53
53
53
54
54
54
54
54
54
54
54
54
55
55
55
55
55
55
55
55
55
55
55
55
56
56
56
56
56
56
56
56
56
56
57
57
57
57
57
57
57
58
58
58
58
58
58
58
59
60
60
60
60
60
60
60
61
62
64
64
64
64
64
64
65
65
65
65
65
65
65
65
65
66
75
75
76
76
76
76
76
76
77
77
77
77
77
77
77
77
78
78
78
78
78
78
78
78
78
79
79
79
79
79
79
79
79
79
80
82
82
82
82
82
82
83
91
91
91
91
91
91
92
92
92
92
92
92
92
92
93
93
93
93
93
93
93
93
94
94
94
94
94
94
94
94
94
94
94
94
94
94
94
94
94
94
94
95
95
95
95
95
95
95
95
95
96
98
98
98
98
98
98
98
98
99
99
99
99
99
99
99
99
100
100
100
100
100
100
100
100
100
100
100
100
101
101
101
101
101
101
101
102
102
102
103
104
104
104
104
104
104
104
104
104
104
104
104
104
104
104
104
104
104
104
104
104
104
104
104
104
104
105
105
105
105
105
105
105
105
105
105
105
105
105
106
107
107
107
108
110
110
110
110
110
110
111
111
111
111
111
111
111
111
111
112
114
114
114
114
114
114
115
115
115
115
115
115
115
115
115
115
115
115
115
115
115
115
115
115
116
123
123
123
123
123
123
124
124
124
124
124
124
124
124
124
124
124
125
132
132
132
132
132
132
133
133
133
133
133
133
133
133
133
133
133
134
136
136
136
136
136
136
137
137
137
137
137
137
137
137
137
138
140
140
140
140
140
140
141
141
141
141
141
141
141
141
141
142
144
144
144
144
144
144
145
145
145
145
145
145
145
145
145
145
145
146
148
148
148
148
148
148
149
149
149
149
149
149
149
149
149
149
149
150
152
152
152
152
152
152
153
153
153
153
153
153
153
153
153
153
153
153
153
153
153
153
153
153
153
153
153
153
153
154
164
164
164
164
164
164
164
164
164
165
165
165
165
165
165
165
166
166
166
167
168
168
168
168
168
168
168
168
169
169
169
169
169
169
169
169
169
169
170
170
170
170
170
170
170
170
170
170
171
171
171
171
171
171
171
171
171
172
181
181
181
181
181
181
181
181
181
182
182
182
182
182
182
182
182
182
183
185
185
185
185
185
185
186
186
186
186
186
186
186
186
186
186
186
186
186
186
186
186
186
186
186
186
186
186
186
187
190
190
190
190
190
190
191
191
191
191
191
192
197
197
197
197
197
197
197
197
197
197
197
198
198
198
198
198
198
198
198
198
198
198
198
199
199
199
199
199
199
199
199
199
199
199
199
199
199
199
200
200
200
200
200
200
200
200
200
200
200
200
200
200
200
200
200
200
200
201
202
202
202
203
210
210
211
211
211
211
211
211
212
212
212
212
212
212
212
212
212
214
214
214
214
214
214
214
214
214
214
214
214
214
214
214
214
214
214
215
215
215
215
215
215
215
215
215
215
215
215
215
215
215
215
215
216
216
216
216
216
216
216
216
216
216
216
216
216
216
216
216
216
217
217
217
217
217
217
217
217
217
217
217
217
217
217
217
217
217
218
218
218
218
218
218
218
218
218
218
218
218
218
218
218
218
218
219
219
219
219
219
219
219
219
219
219
219
219
219
219
219
219
219
220
220
220
220
220
220
220
220
220
220
220
220
220
220
220
220
220
220
222
222
222
222
222
222
222
223
224
226
226
226
226
226
226
226
226
227
227
227
227
227
227
227
227
227
227
228
228
228
228
228
228
228
228
228
228
228
228
228
229
229
229
229
229
229
229
229
229
229
229
229
229
231
231
231
231
231
231
231
231
233
233
233
233
233
233
233
233
238
238
238
238
238
238
238
238
238
238
239
239
239
239
239
240
240
240
240
240
240
240
240
240
240
240
240
240
240
240
241
241
241
241
241
241
241
241
241
241
241
241
241
241
241
241
241
241
241
241
241
241
241
242
242
242
242
242
242
242
242
242
242
242
242
242
242
242
242
242
243
244
244
244
245
250
250
250
250
250
250
250
250
250
250
250
250
250
250
250
250
250
250
251
251
251
251
251
251
251
251
251
251
251
252
252
252
253
254
254
254
254
254
254
254
254
254
254
254
254
254
254
254
254
254
254
254
255
260
260
260
260
260
260
260
260
260
260
261
261
261
261
261
261
261
261
261
261
261
262
262
262
262
262
262
262
262
262
263
263
263
263
263
263
264
265
265
265
265
265
265
265
265
265
265
265
265
265
265
266
268
268
268
268
268
270
270
270
270
270
272
272
272
272
272
274
274
274
274
274
277
277
277
277
286
286
286
286
286
286
286
286
287
287
287
287
287
287
287
287
287
287
287
289
289
289
289
289
289
289
289
289
289
290
290
290
290
290
290
290
290
290
290
290
290
290
290
291
292
292
292
292
292
292
292
292
292
296
296
296
296
296
296
296
296
296
296
296
296
296
296
296
296
296
296
296
296
296
296
296
296
296
306
306
306
306
306
306
306
306
306
306
306
306
306
306
309
309
309
309
309
309
309
309
312
312
312
312
312
312
312
312
312
313
322
322
322
322
322
322
322
322
322
322
322
322
323
323
323
323
323
323
323
323
323
324
324
324
324
324
324
324
324
324
326
326
326
326
326
326
326
326
326
326
326
326
326
326
326
326
326
326
326
326
326
327
327
327
327
327
327
327
327
327
327
327
327
327
327
328
331
331
331
331
331
331
331
331
331
331
331
331
334
334
334
334
334
334
334
334
334
334
334
334
334
335
342
342
342
342
342
342
342
343
343
343
343
343
343
344
346
346
346
346
346
346
347
347
347
347
347
347
347
347
347
347
347
347
347
347
347
347
347
347
347
347
347
348
350
350
350
350
350
350
351
351
351
351
351
351
351
351
351
351
351
351
351
351
351
351
351
351
351
351
351
352
360
360
360
360
360
360
361
361
361
362
371
371
371
371
371
371
371
371
371
372
372
372
372
372
372
373
375
376
