18
18
18
18
18
18
18
18
18
18
18
20
20
20
20
20
20
20
21
21
21
21
21
21
21
37
37
37
37
37
37
37
39
39
39
39
39
39
39
39
42
42
42
42
42
42
42
42
45
45
45
48
48
48
48
51
51
51
51
54
54
54
54
54
54
62
62
62
62
62
62
62
62
62
63
63
63
63
63
63
63
63
63
63
63
63
63
63
63
63
63
63
63
65
65
65
65
65
65
65
65
65
65
66
66
66
66
66
66
68
68
68
68
68
68
68
68
68
68
68
68
68
68
69
69
69
69
69
69
69
70
72
72
72
72
72
72
72
72
72
72
72
72
72
72
72
72
72
72
72
72
72
72
72
72
72
72
72
72
72
72
72
72
72
74
74
74
74
74
74
74
74
74
74
74
74
76
76
76
76
76
76
76
76
76
77
77
77
77
77
77
78
79
81
81
81
81
81
81
81
81
81
81
81
81
81
81
81
81
81
81
81
81
81
81
82
82
82
82
82
82
82
82
82
82
82
82
82
82
82
82
82
83
97
97
97
97
97
97
97
97
97
97
97
97
97
97
97
97
97
97
97
97
97
97
97
97
97
97
97
97
97
97
98
98
98
98
98
98
98
98
98
98
98
100
100
100
100
100
100
101
101
101
101
101
101
102
102
102
102
102
102
104
104
104
104
104
104
104
104
104
104
104
104
104
105
112
112
112
112
112
112
113
113
113
114
121
121
121
121
121
121
121
121
122
122
122
123
130
130
130
130
130
130
131
131
131
132
139
139
139
139
139
139
140
140
140
141
150
150
151
151
151
151
151
151
152
152
152
152
152
152
154
154
154
154
154
154
154
154
154
154
155
155
155
155
155
155
155
156
156
156
156
156
156
156
156
156
156
157
157
157
157
157
157
157
157
157
157
157
157
157
157
157
157
157
157
157
158
158
158
158
158
158
158
158
158
158
158
158
158
158
160
160
160
160
160
160
160
160
160
160
160
160
160
160
160
160
160
162
162
162
162
162
162
162
162
162
162
162
162
162
162
162
163
173
173
174
174
174
174
174
174
174
174
174
174
174
174
174
174
175
175
175
175
175
175
175
176
176
176
176
176
176
176
176
176
176
177
177
177
177
177
177
177
177
177
177
177
177
177
177
177
177
177
177
177
178
178
178
178
178
178
178
178
178
178
178
178
178
178
181
181
181
181
181
181
181
181
181
182
182
182
182
182
182
182
182
182
182
182
182
182
182
182
182
182
183
185
185
185
185
185
185
185
186
186
186
186
186
186
186
187
187
187
187
187
187
187
188
188
188
188
188
188
188
188
188
190
190
190
191
198
198
198
198
198
198
198
198
198
199
199
199
199
199
199
200
209
209
209
209
209
209
209
209
209
209
209
209
209
209
209
209
209
209
209
210
210
210
210
210
210
211
211
211
211
211
211
212
212
212
212
212
212
214
214
214
214
214
214
214
214
214
214
214
214
214
215
222
222
223
223
223
223
223
223
224
224
224
224
224
224
224
224
224
224
224
224
224
224
224
225
226
227
