18
18
18
18
18
18
18
18
18
18
18
18
18
20
20
20
20
20
20
20
21
21
21
21
21
21
21
22
22
22
22
22
22
22
23
23
23
23
23
23
23
23
23
24
24
24
24
24
24
24
24
24
25
25
25
25
25
25
25
25
25
26
26
26
26
26
26
26
26
26
28
28
28
28
28
28
28
28
28
28
28
28
28
45
45
45
45
45
45
47
47
47
47
47
47
47
47
48
48
48
48
48
56
56
56
56
56
57
57
57
57
57
58
68
68
68
68
68
68
68
68
69
69
69
69
69
70
70
72
72
72
72
72
72
72
72
72
73
73
73
73
73
73
73
73
74
74
74
74
74
74
74
74
74
75
77
79
79
80
80
80
80
80
80
81
81
81
82
92
92
93
93
93
93
93
93
93
93
93
93
93
93
93
93
93
94
94
94
94
94
94
94
94
94
94
94
94
94
94
94
94
95
95
95
95
95
95
95
95
95
95
95
95
95
96
96
96
96
96
96
96
96
96
97
97
97
97
97
97
97
97
97
97
97
97
97
97
98
98
98
98
98
99
99
99
99
99
99
99
99
99
99
99
100
100
100
100
100
100
100
100
100
101
101
101
101
101
101
101
101
102
102
102
102
102
102
102
102
102
102
102
103
103
103
103
103
103
103
103
103
103
103
104
104
104
104
104
104
104
104
104
104
104
105
105
105
105
105
105
105
105
105
105
105
106
106
106
106
106
106
106
106
106
106
106
106
106
106
106
106
106
106
106
106
106
106
106
107
107
107
107
107
107
108
108
109
110
110
110
110
110
110
110
110
110
111
113
118
118
118
118
118
118
118
118
118
119
119
119
119
119
119
119
119
119
119
119
119
119
119
120
120
120
120
120
121
121
121
121
121
121
121
121
121
121
121
122
122
122
122
122
122
122
122
122
123
123
123
123
123
123
123
123
124
124
124
124
124
124
124
124
124
124
124
125
125
125
125
125
125
125
125
125
125
125
126
126
126
126
126
126
126
126
126
126
126
127
127
127
127
127
127
127
127
127
127
127
128
128
128
128
128
128
128
128
128
128
128
128
128
128
128
128
128
128
128
129
129
129
129
129
129
130
131
133
134
134
134
135
137
138
