18
18
18
18
18
18
18
18
18
18
18
25
25
25
25
25
25
29
29
29
29
29
29
29
29
34
34
34
34
34
34
39
39
39
39
39
39
48
48
48
48
48
48
48
48
48
48
48
48
49
49
49
49
49
49
49
49
49
49
49
49
49
49
49
51
51
51
51
52
52
52
52
53
67
67
67
67
67
67
67
67
67
67
67
67
67
67
67
67
67
67
67
67
67
67
67
68
68
68
68
68
69
69
69
69
69
69
69
69
69
69
69
69
69
69
69
71
71
71
71
72
72
72
72
73
81
81
82
82
82
82
82
82
82
82
83
83
83
83
83
83
83
83
83
83
84
84
84
84
84
85
85
85
86
86
86
87
87
87
89
89
89
89
89
89
89
89
89
90
90
90
90
91
93
93
93
93
93
93
93
93
93
94
94
94
94
95
97
97
97
97
97
97
97
97
97
98
98
98
98
99
101
101
101
101
101
101
101
101
101
102
102
102
102
103
108
108
108
108
108
108
108
108
108
108
108
108
118
118
118
118
118
118
118
120
120
121
121
121
121
121
121
121
121
121
121
121
121
121
121
121
121
121
121
121
121
122
122
122
122
123
123
123
123
124
124
124
124
124
124
124
124
124
124
124
124
124
124
124
126
126
126
126
126
126
126
126
126
126
127
127
127
128
128
128
128
128
128
128
129
130
132
132
132
133
135
136
