6
6
6
6
6
6
6
6
6
8
8
8
8
8
8
8
8
8
8
8
8
8
8
9
9
9
9
9
9
9
9
9
9
9
9
9
9
10
10
10
10
10
10
10
10
10
10
10
10
10
10
11
11
11
11
11
11
11
11
11
11
11
11
11
11
12
12
12
12
12
12
12
12
12
12
12
12
12
12
13
13
13
13
13
13
13
13
13
13
13
13
13
13
14
14
14
14
14
14
14
14
14
14
14
14
14
14
15
15
15
15
15
15
15
15
15
15
15
15
15
15
16
16
16
16
16
16
16
16
16
16
16
16
16
16
17
17
17
17
17
17
17
17
17
17
17
17
17
17
18
18
18
18
18
18
18
18
18
18
18
18
18
18
19
19
19
19
19
19
19
19
19
19
19
19
19
19
20
20
20
20
20
20
20
20
20
20
20
20
20
20
21
21
21
21
21
21
21
21
21
21
21
21
21
21
22
22
22
22
22
22
22
22
22
22
22
22
22
22
23
23
23
23
23
23
23
23
23
23
23
23
23
23
24
24
24
24
24
24
24
24
24
24
24
24
24
24
25
25
25
25
25
25
25
25
25
25
25
25
25
25
26
26
26
26
26
26
26
26
26
26
26
26
26
26
27
27
27
27
27
27
27
27
27
27
27
27
27
27
28
28
28
28
28
28
28
28
28
28
28
28
28
28
29
29
29
29
29
29
29
29
29
29
29
29
29
29
30
30
30
30
30
30
30
30
30
30
30
30
30
30
31
31
31
31
31
31
31
31
31
31
31
31
31
31
32
32
32
32
32
32
32
32
32
32
32
32
32
32
33
33
33
33
33
33
33
33
33
33
33
33
33
33
34
34
34
34
34
34
34
34
34
34
34
34
34
34
35
35
35
35
35
35
35
35
35
35
35
35
35
35
36
36
36
36
36
36
36
36
36
36
36
36
36
36
37
37
37
37
37
37
37
37
37
37
37
37
37
37
38
38
38
38
38
38
38
38
38
38
38
38
38
38
39
39
39
39
39
39
39
39
39
39
39
39
39
39
41
41
41
41
41
41
41
42
42
42
42
42
42
42
42
42
43
43
43
43
43
43
43
44
44
44
44
44
44
44
45
45
45
45
45
45
45
46
46
46
46
46
46
46
47
47
47
47
47
47
47
47
47
48
48
48
48
48
48
48
48
48
50
50
50
50
50
50
50
50
50
50
50
51
51
51
51
51
51
51
51
51
51
51
52
52
52
52
52
52
52
52
52
52
52
52
52
53
53
53
53
53
53
53
53
53
53
53
53
53
54
54
54
54
54
54
54
54
54
54
54
54
54
55
55
55
55
55
55
55
55
55
55
55
55
55
56
56
56
56
56
56
56
56
56
56
56
56
56
57
57
57
57
57
57
57
57
57
57
57
57
57
58
58
58
58
58
58
58
58
58
58
58
58
58
59
59
59
59
59
59
59
59
59
59
59
59
59
60
60
60
60
60
60
60
60
60
60
60
60
60
61
61
61
61
61
61
61
61
61
61
61
61
61
62
62
62
62
62
62
62
62
62
62
62
62
62
63
63
63
63
63
63
63
63
63
63
63
63
63
64
64
64
64
64
64
64
64
64
64
64
64
64
65
65
65
65
65
65
65
65
65
65
65
65
65
66
66
66
66
66
66
66
66
66
66
66
66
66
67
67
67
67
67
67
67
67
67
67
67
68
68
68
68
68
68
68
69
69
69
69
69
69
69
71
71
71
71
72
73
73
73
73
73
73
73
73
73
73
73
73
73
73
73
75
75
75
75
75
75
75
75
75
75
76
76
76
78
78
79
80
80
80
80
80
80
80
80
80
80
80
80
80
80
80
80
80
81
83
83
83
83
83
83
83
83
83
83
83
83
83
83
83
83
83
83
85
86
87
87
87
87
87
87
87
87
87
87
87
88
88
88
88
88
88
88
88
88
88
88
89
89
89
89
89
89
89
89
89
89
89
90
90
90
90
90
90
90
90
90
90
90
91
91
91
91
91
91
91
91
91
91
91
92
92
92
92
92
92
92
92
92
92
92
93
93
93
93
93
93
93
93
93
93
93
94
94
94
94
94
94
94
94
94
94
94
95
97
97
97
97
98
99
105
105
105
105
105
105
105
105
106
108
108
108
109
111
111
111
111
111
111
111
111
111
111
111
111
111
111
111
111
111
112
113
113
113
113
113
113
113
113
113
113
113
113
114
116
116
116
116
116
116
116
116
116
116
116
116
116
116
116
116
116
117
117
117
118
119
119
119
119
120
121
121
121
121
121
121
121
121
121
123
123
123
123
123
123
123
123
123
123
123
123
123
123
124
126
126
126
126
126
128
128
128
128
128
130
131
132
132
132
132
132
132
132
132
133
134
135
136
136
136
136
136
136
136
136
136
136
136
137
138
138
138
138
138
139
140
140
140
140
140
140
140
142
142
142
142
142
142
142
142
142
142
142
143
144
145
146
147
147
147
147
147
147
147
147
147
147
147
148
150
150
150
150
150
150
150
150
150
150
150
152
153
153
153
153
153
154
155
155
155
155
155
155
155
155
155
155
155
156
158
158
158
159
161
161
161
161
161
161
161
161
161
161
161
161
161
161
161
161
161
162
162
163
164
164
164
166
166
166
166
166
166
167
168
168
168
168
168
168
168
168
169
170
171
172
172
172
172
172
172
172
173
175
175
175
175
175
175
175
175
175
177
177
177
177
177
177
177
178
180
180
180
180
180
180
180
180
180
180
180
180
180
180
181
182
182
182
182
182
184
184
184
184
184
184
185
186
186
186
186
186
186
186
186
186
186
186
186
188
189
190
190
190
190
190
190
190
190
190
190
190
191
192
192
192
192
192
193
194
194
194
194
194
194
194
194
194
195
196
198
198
198
199
202
202
202
202
202
202
202
202
202
202
202
202
202
202
202
202
203
204
204
204
204
204
204
204
204
204
206
206
206
206
206
208
208
208
208
208
208
208
208
210
210
210
210
210
210
210
212
212
212
212
212
214
214
214
214
214
216
216
216
216
216
216
216
216
217
218
218
218
218
218
218
218
218
218
218
218
218
220
220
220
220
221
222
222
222
222
222
222
222
222
222
223
225
225
225
225
225
225
225
225
227
227
227
227
227
227
228
229
229
229
229
229
229
229
229
229
229
229
229
229
229
229
231
231
231
231
231
231
231
232
232
232
234
234
234
234
234
234
234
234
235
236
236
236
236
236
236
236
236
236
236
236
237
238
240
240
240
240
241
242
242
242
242
242
242
242
242
242
242
242
243
245
245
245
245
246
247
247
247
248
248
248
248
248
248
248
249
250
250
250
250
250
250
250
250
250
250
250
252
252
252
252
252
252
252
254
254
254
254
255
256
256
256
256
256
256
256
256
256
257
259
259
259
259
259
259
259
259
259
259
261
261
261
261
262
263
263
263
263
263
263
263
264
265
266
266
266
266
266
266
266
266
266
266
267
268
268
268
268
268
268
268
269
270
270
270
270
270
270
270
270
270
270
271
272
272
272
272
272
272
272
272
274
274
274
274
274
274
274
275
276
276
276
276
276
276
276
277
278
279
279
279
279
279
279
279
279
279
279
280
281
281
281
281
281
281
281
281
283
283
283
283
283
283
283
284
285
285
285
285
285
285
285
286
287
288
288
288
288
288
288
288
288
288
288
289
290
290
290
290
290
292
292
292
292
292
292
292
292
292
292
294
294
294
294
294
294
294
295
296
296
296
296
296
296
296
296
298
298
298
298
298
298
298
298
298
298
298
298
300
300
300
300
300
300
300
301
302
302
302
302
302
302
302
302
302
302
302
302
304
304
304
304
304
304
304
305
306
307
308
308
308
308
308
308
308
308
308
308
309
310
310
310
310
310
310
310
310
312
312
312
312
312
312
313
314
314
314
314
314
314
314
316
316
316
316
317
318
318
318
318
318
318
318
319
320
321
322
323
323
323
323
323
323
323
323
323
324
325
326
326
327
327
327
328
328
328
328
328
328
328
328
328
328
330
330
330
330
330
330
331
332
332
332
332
332
332
332
332
332
332
332
332
332
333
334
334
334
334
334
334
334
334
334
334
334
335
336
337
338
339
339
339
339
339
339
339
339
339
340
340
340
341
342
342
343
343
343
344
344
344
344
344
344
344
344
344
344
344
344
344
344
344
344
344
344
344
345
345
346
346
346
347
347
347
347
347
347
347
347
347
347
347
347
347
347
347
347
347
347
347
348
348
349
349
349
350
350
350
350
350
350
350
350
350
350
350
350
350
350
350
350
350
350
350
351
351
352
352
352
353
353
353
353
353
353
353
353
354
355
355
355
355
355
355
355
355
355
356
356
356
357
358
358
359
359
359
360
360
360
360
360
360
360
360
361
362
362
362
362
362
362
362
362
362
363
363
363
364
365
365
366
366
366
367
367
367
367
367
367
367
367
368
369
369
369
369
369
369
369
369
369
370
370
370
371
372
372
373
373
373
374
374
374
374
374
374
374
374
374
374
374
374
374
374
374
374
374
374
374
375
375
376
378
378
378
379
381
381
381
382
384
384
384
384
384
384
384
384
384
384
384
385
386
386
386
386
386
386
386
386
387
387
387
387
387
387
387
387
389
389
389
389
389
390
390
390
390
390
392
392
392
392
392
392
392
392
392
392
392
392
392
392
392
392
392
392
393
394
394
394
394
394
394
394
394
394
394
396
396
396
396
396
396
397
398
398
398
398
399
399
399
399
400
401
401
401
401
401
401
401
402
403
403
403
403
403
403
403
404
405
405
405
405
406
406
406
406
407
408
409
409
409
409
409
409
409
410
411
411
411
411
411
411
411
412
413
413
413
413
413
413
413
413
413
414
414
414
414
414
414
414
414
414
416
416
416
416
416
416
416
416
416
416
417
418
418
418
418
418
418
418
418
418
419
419
419
419
419
419
419
419
419
419
419
420
422
422
422
422
422
422
422
422
422
424
424
424
424
424
424
424
425
425
425
425
425
425
425
427
427
427
427
428
428
428
428
429
430
431
431
431
431
431
432
433
433
433
433
433
433
433
434
435
435
435
435
435
436
437
437
437
437
437
437
437
438
439
441
441
441
441
441
441
441
442
443
443
443
443
443
443
443
443
443
444
444
444
444
444
444
444
444
444
446
446
446
446
446
446
446
446
446
446
447
448
448
448
448
448
448
448
448
448
449
449
449
449
449
449
449
449
449
449
449
450
452
452
452
452
452
452
452
452
452
453
453
453
453
453
453
453
454
454
454
454
454
454
454
456
456
456
456
457
457
457
457
458
459
461
461
461
461
461
461
461
461
461
461
461
461
461
461
462
462
462
462
462
462
462
462
462
462
462
462
463
464
464
464
464
464
464
464
464
464
465
466
466
466
466
466
466
466
466
466
466
466
466
467
468
469
470
470
470
470
470
470
470
470
470
470
470
470
470
470
470
470
470
472
472
472
472
472
472
472
472
472
473
475
475
475
476
478
478
478
478
478
478
478
478
478
478
478
478
478
478
479
479
479
479
479
479
479
479
479
479
479
479
480
481
481
481
481
481
481
481
481
481
482
483
483
483
483
483
483
483
483
483
483
483
483
484
485
485
485
485
485
485
485
485
485
485
485
485
485
485
485
485
485
486
487
488
489
490
490
490
490
490
490
490
490
490
490
490
490
490
490
490
490
490
492
492
492
492
492
492
492
492
492
493
495
495
495
496
498
498
498
498
498
498
498
498
498
498
498
498
498
498
499
499
499
499
499
499
499
499
499
499
499
499
500
501
501
501
501
501
501
501
501
501
501
502
503
503
503
503
503
503
503
503
503
503
503
503
503
503
503
503
503
505
505
505
505
505
505
505
505
505
506
507
507
507
508
510
510
510
510
510
510
510
510
510
510
510
510
510
510
511
511
511
511
511
511
511
511
511
511
511
511
511
512
513
513
513
513
513
513
513
513
513
513
515
515
515
515
515
515
515
516
517
517
517
517
517
517
517
517
517
517
517
517
519
520
522
522
522
522
522
522
522
524
524
524
524
524
524
524
524
524
524
524
524
525
526
526
526
526
526
527
528
528
528
528
528
528
528
528
528
529
531
531
531
531
531
531
531
531
531
531
531
531
532
533
534
535
535
535
535
535
535
535
535
535
535
535
535
535
535
535
535
535
536
536
536
536
536
536
536
536
536
537
538
539
540
540
540
540
540
540
540
540
540
540
540
540
540
540
541
543
543
543
543
543
543
543
543
543
543
543
543
544
545
545
545
546
548
548
548
548
548
548
548
548
548
549
550
550
550
550
550
550
550
550
551
553
553
553
553
553
553
553
553
553
554
555
555
555
555
555
555
555
555
555
555
555
555
555
555
555
555
555
555
555
555
555
555
555
555
555
555
555
555
555
555
556
558
558
558
558
558
558
558
558
558
559
560
560
560
560
560
560
560
560
560
561
561
561
561
561
561
561
561
561
561
561
561
561
561
561
561
561
561
561
561
561
562
562
562
562
562
562
562
562
563
565
565
565
565
565
565
565
565
566
567
567
567
567
567
567
567
567
567
567
567
567
567
567
567
567
567
567
567
567
567
567
567
567
567
567
568
568
568
569
571
571
571
571
571
571
571
571
571
571
571
571
571
571
572
572
572
572
572
572
572
572
572
573
574
574
574
574
575
576
576
576
576
576
576
576
576
576
577
579
579
579
579
579
579
579
579
580
581
581
581
581
581
581
581
581
581
581
581
581
581
581
581
583
583
583
583
583
583
584
585
585
585
585
585
585
585
587
587
587
587
587
587
587
589
589
589
589
590
591
591
591
591
591
591
591
591
591
592
593
594
595
596
596
596
596
596
596
596
598
598
598
598
598
598
598
599
600
600
600
600
600
600
600
600
600
601
602
603
604
604
604
604
604
604
604
604
604
605
606
606
606
606
606
606
606
606
606
606
606
606
606
606
606
608
608
608
608
609
610
610
610
610
610
610
610
610
610
611
612
613
613
613
613
613
613
613
613
613
614
615
615
615
615
615
615
615
615
615
615
615
615
615
615
615
617
617
617
617
618
619
619
619
619
619
619
619
619
619
620
621
623
623
623
623
623
623
623
623
623
623
623
623
623
624
626
626
626
626
626
626
626
626
627
628
628
628
628
629
630
630
630
630
630
630
630
630
630
631
633
633
633
634
636
636
636
636
636
636
636
636
636
637
638
638
638
638
638
640
640
640
640
640
640
641
642
642
642
642
642
642
642
642
642
642
642
642
642
642
642
642
642
642
642
643
644
644
644
644
644
644
645
647
647
647
647
647
647
647
647
647
647
647
647
647
647
647
647
647
647
648
649
649
649
649
649
649
649
649
649
649
649
649
649
649
649
649
649
650
651
651
651
651
651
651
651
651
652
652
653
654
655
657
657
657
658
660
660
660
660
660
660
660
660
660
661
662
662
662
662
662
662
664
664
664
664
664
664
664
664
664
664
666
666
666
666
666
666
666
666
666
666
666
666
666
666
666
666
666
667
668
668
668
668
668
668
668
668
668
668
668
668
668
668
668
668
670
671
672
672
672
672
672
672
672
672
672
673
674
674
674
674
674
675
676
677
679
679
679
680
682
682
682
682
682
682
682
682
682
683
684
684
684
684
684
686
686
686
686
686
686
686
686
686
686
688
688
688
688
688
688
688
688
688
688
688
688
688
688
688
688
688
689
690
690
690
690
690
690
690
690
690
690
690
692
692
692
692
692
692
692
692
692
692
692
692
692
692
692
693
695
695
695
696
698
698
698
698
698
698
698
698
698
698
698
698
699
700
700
700
700
700
700
700
700
700
700
700
700
700
702
702
702
702
703
704
704
704
704
704
704
704
704
704
705
707
707
707
707
707
707
707
707
707
707
707
707
709
709
709
709
709
710
710
710
710
710
710
710
710
711
711
711
711
711
713
713
713
713
713
713
713
714
715
715
715
715
715
715
715
715
717
717
717
717
718
719
719
719
719
719
719
719
719
719
719
719
720
722
722
722
722
723
724
724
724
724
724
724
724
724
724
725
726
726
726
726
726
726
726
728
728
728
728
728
728
728
729
729
729
729
731
731
731
731
732
733
733
733
733
733
733
733
734
735
736
737
738
738
738
738
738
738
738
738
738
738
738
738
740
740
740
740
740
740
740
740
741
742
742
742
742
742
742
742
742
742
742
742
742
742
742
742
742
742
742
742
742
742
742
742
743
744
745
746
746
746
746
746
746
746
746
746
747
748
749
750
751
752
753
754
754
754
754
754
754
754
754
754
754
756
756
756
756
756
756
756
756
757
758
758
758
758
758
758
758
760
760
760
760
760
760
760
760
760
760
761
761
761
761
761
761
761
761
761
761
762
762
762
762
762
762
762
762
762
762
763
763
763
763
763
763
763
763
763
763
765
765
765
765
765
765
765
765
765
765
765
765
765
765
765
765
765
765
765
765
765
765
765
765
765
765
765
765
766
766
766
766
766
766
766
766
766
766
766
766
766
766
766
766
766
766
766
766
766
767
768
768
768
768
768
768
768
768
768
768
768
768
768
768
768
768
768
768
768
768
768
769
771
771
771
771
771
771
771
771
771
771
771
771
772
772
772
772
772
772
772
772
772
772
772
772
774
774
774
774
774
774
774
774
774
774
774
774
774
774
774
774
774
774
775
776
776
776
776
776
776
776
776
776
776
776
777
779
779
779
779
779
779
779
779
779
779
779
779
779
779
779
779
779
779
779
779
779
779
780
781
781
781
781
782
783
783
783
783
783
783
783
784
786
786
786
786
787
788
789
790
790
790
790
790
790
790
790
790
790
790
790
790
790
790
790
790
790
791
792
792
792
792
792
792
792
792
792
792
792
793
795
795
795
795
795
795
795
796
797
798
799
800
800
800
800
800
800
800
800
800
800
800
801
802
803
803
803
803
803
804
805
805
805
805
805
805
805
805
805
805
805
805
805
806
807
808
810
810
810
811
813
813
813
813
813
813
813
813
813
813
813
813
813
813
814
814
814
815
816
816
816
816
816
816
816
816
816
816
816
816
818
818
818
818
818
818
818
819
821
821
821
821
821
821
821
821
821
821
821
821
821
823
823
823
823
823
823
823
823
823
823
823
823
825
825
825
825
825
825
825
825
826
827
827
827
827
827
827
827
827
827
827
827
827
828
828
828
828
828
828
828
828
828
828
828
828
830
831
832
832
832
832
832
832
832
832
832
832
832
832
832
832
832
832
832
832
832
832
832
833
833
833
833
833
833
833
834
835
835
835
835
835
836
837
837
837
837
837
837
837
837
837
837
837
838
839
840
841
842
842
842
842
842
842
842
842
842
843
844
845
847
847
847
847
847
847
847
847
847
847
847
847
847
847
848
848
848
849
850
850
850
850
850
850
850
850
850
850
850
850
852
852
852
852
852
852
852
853
854
854
854
854
854
854
854
854
856
856
856
856
856
856
856
856
856
856
857
858
858
858
858
858
858
858
858
858
858
858
858
860
860
860
860
860
860
860
860
861
862
863
864
864
864
864
864
864
864
864
864
864
864
864
864
864
864
864
864
865
865
865
865
865
865
865
865
865
865
865
865
865
865
865
865
865
866
866
866
866
866
866
866
866
866
866
866
866
866
866
866
866
866
867
867
867
867
867
867
867
867
867
867
867
867
869
869
869
869
869
869
869
869
869
869
869
869
869
869
869
871
871
871
871
871
871
871
872
873
873
873
873
873
874
875
875
875
875
875
875
875
875
875
875
875
876
877
878
879
880
880
880
880
880
880
880
880
880
880
880
880
880
881
882
883
884
886
886
886
886
886
886
886
886
886
886
886
887
888
888
888
888
888
888
888
888
888
888
888
888
890
890
890
890
890
890
890
891
892
892
892
894
894
894
894
894
894
894
894
896
896
896
896
896
896
896
896
896
896
896
897
898
898
898
898
898
898
898
898
899
900
901
902
903
904
904
904
904
904
904
904
904
904
904
905
905
905
905
905
905
905
905
906
907
907
907
907
907
908
909
909
909
909
909
909
909
909
910
911
913
913
913
913
913
913
913
914
915
916
917
