6
6
6
6
6
6
6
6
6
6
6
8
8
8
8
8
8
8
8
8
8
8
8
8
8
9
9
9
9
9
9
9
9
9
9
9
9
9
9
11
11
11
11
11
11
11
12
12
12
12
12
12
12
13
13
13
13
13
13
13
14
14
14
14
14
14
14
15
15
15
15
15
15
15
17
17
17
17
17
17
17
18
18
18
18
18
18
18
20
20
20
21
22
22
22
22
22
22
22
22
22
22
22
22
22
22
22
24
24
24
24
24
24
24
24
24
24
24
24
24
24
24
24
24
24
24
24
26
26
26
26
26
26
27
28
28
28
28
28
28
29
31
31
31
31
31
31
31
31
32
33
33
33
33
33
33
33
33
35
35
35
35
35
35
35
35
35
37
37
37
37
37
37
37
37
37
37
37
37
37
37
38
39
39
39
39
39
39
39
39
39
39
39
39
40
42
42
42
42
42
42
42
42
42
42
42
44
44
44
44
44
44
44
45
47
47
47
47
47
47
47
47
48
49
49
49
49
49
49
49
49
51
51
51
51
51
51
51
51
51
51
51
51
51
53
53
53
53
53
53
54
55
55
55
55
55
55
55
55
55
57
57
57
57
57
57
57
57
57
58
60
60
60
60
60
60
60
61
63
63
63
63
63
63
63
63
63
63
63
64
65
65
65
65
65
65
65
65
67
67
67
67
67
67
67
67
67
67
67
67
67
69
69
69
69
69
69
70
71
71
71
71
71
71
71
71
71
72
74
74
74
74
74
74
74
74
75
77
77
77
77
77
77
77
77
77
77
77
78
79
79
79
79
79
81
81
81
81
81
81
81
81
83
83
83
83
83
83
83
83
83
83
83
83
83
85
85
85
85
85
85
86
87
87
87
87
88
89
89
89
89
89
89
89
89
89
89
89
89
89
89
89
90
92
92
92
92
92
92
92
92
92
93
94
94
94
94
94
94
94
94
94
94
94
95
96
96
96
96
96
96
96
96
96
98
98
98
98
99
100
100
100
100
100
100
100
100
100
100
100
100
100
101
103
103
103
103
103
103
103
103
103
104
105
105
105
105
106
106
106
107
108
109
110
111
112
113
113
113
113
113
113
113
113
113
113
113
113
113
114
116
116
116
116
117
118
118
118
118
118
118
118
118
118
119
121
121
121
122
124
124
124
124
124
124
124
124
124
124
124
125
126
126
126
126
126
126
128
128
128
128
128
128
129
130
130
130
130
130
130
130
130
130
132
132
132
132
132
132
132
132
132
133
135
135
135
136
137
137
