18
18
18
18
18
18
18
18
18
18
18
20
20
20
20
20
20
20
21
21
21
21
21
21
21
22
22
22
22
22
22
22
23
23
23
23
23
23
23
24
24
24
24
24
24
24
25
25
25
25
25
25
25
26
26
26
26
26
26
26
40
40
40
40
40
40
40
40
40
40
40
41
41
41
41
41
41
41
41
46
46
46
46
46
46
46
46
51
51
51
51
51
51
51
51
51
56
56
56
56
56
56
56
56
64
64
64
64
64
64
64
64
64
64
64
64
64
64
65
65
65
65
65
65
65
65
65
65
65
66
66
66
66
66
66
66
66
66
66
66
66
66
66
66
66
66
66
66
67
67
67
67
67
67
67
68
69
69
69
69
69
69
69
70
80
80
80
80
80
80
80
80
80
80
80
80
81
81
81
81
81
81
81
82
82
82
82
82
82
82
83
84
84
84
84
84
84
84
84
84
84
84
85
85
85
85
85
85
85
85
86
86
86
86
86
86
86
86
86
87
87
87
88
89
89
89
89
89
89
89
89
89
89
89
89
89
90
92
92
92
92
92
92
92
92
92
92
92
92
92
92
92
92
92
92
92
92
92
92
92
92
92
92
92
92
92
92
92
92
92
92
92
92
93
101
101
101
101
101
101
101
102
102
102
102
102
102
102
102
102
102
103
120
120
120
120
120
120
120
120
120
120
121
121
121
121
121
121
121
121
121
121
122
134
134
134
134
134
134
134
134
134
134
135
135
135
135
135
135
135
135
135
135
135
135
135
135
136
136
136
136
136
136
136
139
139
139
139
139
139
139
139
139
139
139
139
139
147
147
147
147
147
147
147
147
148
148
148
148
148
148
148
150
150
150
150
150
150
150
150
150
150
150
151
153
153
153
153
153
153
153
153
153
153
153
154
163
163
163
163
163
163
163
163
163
163
163
163
164
164
164
164
164
164
164
164
164
164
165
173
173
173
173
173
173
173
173
173
173
174
174
174
174
174
174
174
174
175
175
175
175
176
176
176
176
176
177
177
177
177
177
177
178
178
178
180
180
180
180
180
180
181
183
183
183
183
183
183
183
184
184
184
184
184
184
184
184
184
184
184
184
184
184
184
184
186
186
186
186
186
187
187
187
187
188
190
190
190
190
190
190
190
190
191
201
201
201
201
201
201
201
201
201
201
202
202
202
202
202
202
202
202
202
204
204
204
204
204
204
204
204
204
204
204
204
204
204
204
207
207
207
207
207
207
207
208
208
208
208
208
208
208
208
208
210
210
210
210
210
210
210
211
217
217
217
217
217
219
219
219
219
221
221
221
221
228
228
228
228
228
228
228
228
229
229
229
229
229
229
229
229
229
229
229
229
229
229
229
229
229
230
237
237
237
237
237
237
237
237
238
238
238
238
238
238
239
248
248
248
248
248
248
248
248
248
248
249
249
249
249
249
249
249
250
260
260
261
261
261
261
261
261
261
261
261
262
262
262
262
262
262
262
262
263
263
263
263
263
263
263
263
264
264
264
264
264
264
264
264
264
264
264
264
265
274
274
275
275
275
275
275
275
275
275
275
276
276
276
276
276
276
276
277
277
277
277
277
277
277
277
277
277
277
277
277
277
278
279
279
279
280
287
287
287
287
287
287
288
288
288
288
288
288
288
288
288
288
289
296
296
296
296
296
296
297
297
297
297
297
298
305
305
305
305
305
305
306
306
306
306
306
306
306
306
306
306
306
307
314
314
314
314
314
314
315
315
315
315
315
315
316
332
332
333
333
333
333
333
333
334
334
334
334
334
334
334
334
334
334
334
334
334
334
334
334
335
342
342
342
342
342
342
343
343
343
344
346
346
346
346
346
346
346
346
346
346
346
346
346
346
346
346
346
347
347
347
347
347
347
347
348
361
361
361
361
361
361
362
362
362
362
362
362
362
363
363
363
363
363
363
363
363
363
363
363
363
364
364
364
364
364
364
364
364
364
364
364
365
366
366
366
366
366
366
366
366
367
367
367
367
367
367
367
367
368
376
376
377
377
377
377
377
377
378
378
378
378
378
378
379
396
396
396
396
396
396
397
397
397
397
397
397
397
398
398
398
398
398
398
398
398
398
398
398
398
398
398
399
399
399
399
399
399
399
399
399
399
399
399
400
401
401
401
401
401
401
401
401
402
402
402
402
402
402
402
402
403
405
405
405
405
405
405
405
405
405
405
405
405
405
405
405
406
406
406
406
406
406
406
407
409
410
