17
17
17
17
17
17
17
17
17
17
17
19
19
19
19
19
19
19
19
19
20
20
20
20
20
20
20
20
20
21
21
21
21
21
21
21
22
22
22
22
22
22
22
23
23
23
23
23
23
23
24
24
24
24
24
24
24
25
25
25
25
25
25
25
26
26
26
26
26
26
26
27
27
27
27
27
27
27
28
28
28
28
28
28
28
29
29
29
29
29
29
29
30
30
30
30
30
30
30
32
32
32
32
32
32
32
32
32
32
32
33
33
33
33
33
33
33
33
33
33
33
34
34
34
34
34
34
34
34
34
34
34
35
35
35
35
35
35
35
35
35
35
35
36
36
36
36
36
36
36
36
36
36
36
37
37
37
37
37
37
37
37
37
37
37
42
42
42
42
42
42
51
51
52
52
52
52
52
52
52
52
52
52
52
52
52
53
53
53
53
53
53
53
54
54
54
55
56
56
56
56
56
56
56
56
56
56
56
57
57
57
57
57
57
57
57
57
57
59
59
59
59
59
59
59
59
59
59
60
60
60
61
63
63
63
63
63
63
63
63
63
64
64
64
65
67
67
67
67
67
67
67
67
67
67
67
67
67
67
67
68
68
69
69
69
69
69
69
69
69
69
69
69
69
70
70
70
71
72
72
72
72
72
73
73
73
73
73
73
73
73
73
73
73
73
73
73
73
73
73
73
73
74
74
74
75
76
76
76
76
76
77
77
77
77
77
77
77
78
78
78
78
78
78
79
79
79
79
79
79
80
80
80
80
80
80
81
81
81
81
81
81
82
82
82
82
82
82
83
83
83
83
83
83
84
84
84
84
84
84
84
84
84
85
85
85
86
87
87
87
87
87
87
87
87
87
89
89
89
89
89
89
89
89
89
90
90
90
90
90
90
90
90
90
90
91
91
91
91
91
91
91
91
91
91
91
92
92
92
92
92
92
92
92
92
92
92
92
92
92
92
93
93
93
93
93
93
93
93
93
93
93
93
93
94
94
94
94
94
94
94
94
94
94
94
95
95
95
96
97
98
98
98
99
100
100
100
100
100
100
100
100
100
100
100
100
101
101
101
101
101
101
102
103
103
103
103
103
103
103
103
103
103
103
103
104
104
104
104
104
104
104
104
104
104
104
104
104
105
105
105
105
105
105
105
105
106
107
107
107
107
107
107
107
107
108
109
109
109
109
109
109
109
111
111
111
111
111
111
111
111
111
112
112
112
112
112
112
112
112
112
112
113
113
113
113
113
113
113
113
113
113
113
113
113
113
113
114
114
114
114
114
114
114
114
114
115
115
115
115
115
115
115
115
115
115
116
116
116
116
116
116
116
116
116
116
116
117
117
117
118
119
120
120
120
121
122
122
122
122
122
122
122
122
122
122
122
122
123
123
123
123
123
123
124
125
125
125
125
125
125
125
125
125
125
125
125
125
125
125
125
126
126
126
127
127
127
127
127
127
127
128
128
128
128
128
128
128
128
128
128
128
128
128
128
129
130
130
131
131
131
131
131
131
131
131
131
131
131
131
131
131
131
132
132
132
132
132
132
132
132
133
134
134
134
134
134
134
134
134
135
136
136
136
136
136
136
136
136
137
138
138
138
138
138
138
138
139
139
139
139
139
139
139
139
139
139
139
139
139
139
139
139
139
140
141
141
141
141
141
141
141
142
142
142
142
142
142
142
142
142
142
142
142
142
142
142
142
142
143
144
144
144
144
144
144
144
144
144
144
145
155
155
156
156
156
156
156
156
156
156
156
156
156
156
156
157
157
157
157
157
157
157
158
158
158
158
158
158
158
158
158
158
158
158
158
158
159
161
161
161
161
161
161
161
161
161
162
162
162
162
162
162
162
163
163
163
163
163
163
163
163
163
163
163
163
163
163
163
163
163
164
165
165
165
165
165
165
165
166
166
166
166
166
166
166
166
166
166
166
166
166
166
166
166
166
167
168
168
168
169
170
170
170
170
170
170
170
170
170
170
170
171
171
171
171
171
171
171
171
171
171
173
173
173
173
173
173
173
173
173
173
174
174
174
175
177
177
177
177
177
177
177
177
177
178
178
178
178
178
178
178
178
178
178
178
179
179
179
179
179
179
179
179
179
180
180
180
180
180
180
180
180
180
180
182
182
182
182
182
182
182
182
182
182
182
182
182
183
183
183
183
183
183
183
183
183
183
183
183
183
183
183
184
184
184
184
184
184
184
184
184
184
184
184
184
185
185
185
185
185
185
185
185
185
185
185
185
185
185
185
185
186
187
187
187
188
189
189
189
189
189
189
189
189
189
189
189
189
190
190
190
190
190
190
190
190
190
191
191
191
191
191
191
191
191
191
191
191
191
191
191
191
192
192
192
192
192
192
192
192
192
192
192
192
192
192
193
194
194
194
194
194
194
195
196
196
196
196
196
196
196
197
197
197
197
197
197
197
197
197
197
197
197
197
198
198
198
198
198
198
198
198
199
200
200
200
200
200
200
200
200
201
202
202
202
202
202
202
202
203
203
203
203
203
203
203
203
203
203
203
203
203
203
203
204
204
204
204
204
204
204
204
204
205
205
205
205
205
205
205
205
205
205
206
206
206
206
206
206
206
206
206
206
206
206
206
207
207
207
207
207
207
207
207
207
207
207
207
207
207
207
208
208
208
208
208
208
208
208
208
208
208
208
208
208
208
209
209
209
209
209
209
209
209
209
209
210
210
210
210
210
210
210
210
210
210
210
210
210
210
210
210
211
212
212
212
213
214
214
214
214
214
214
214
214
214
214
214
214
215
215
215
215
215
215
215
215
215
216
216
216
216
216
216
216
216
216
216
217
217
217
217
217
217
218
219
219
219
219
219
219
219
220
220
220
221
221
221
221
221
221
221
222
222
222
222
222
222
222
222
222
222
222
222
222
222
223
224
224
225
225
225
225
225
225
225
225
225
225
225
225
225
225
225
226
226
226
226
226
226
226
226
227
228
228
228
228
228
228
228
228
229
230
230
230
230
230
230
230
230
231
232
232
232
232
232
232
232
233
233
233
233
233
233
233
233
233
233
233
233
233
233
233
233
233
234
235
235
235
235
235
235
235
236
236
236
236
236
236
236
236
236
236
236
236
236
236
236
236
236
237
238
238
238
238
238
238
238
238
238
239
239
239
239
239
239
239
240
241
241
241
241
241
241
241
242
242
242
242
242
242
242
242
242
242
242
242
243
243
243
243
243
243
243
243
243
243
243
243
243
243
243
243
243
243
243
243
243
244
245
245
245
245
245
245
245
245
245
245
245
245
245
245
246
246
247
247
247
247
247
247
247
247
247
247
247
247
247
247
247
248
248
248
248
248
248
249
250
250
250
250
250
250
250
251
251
251
251
251
251
251
251
251
251
251
251
251
252
253
254
255
255
255
255
255
255
255
256
256
256
256
256
256
256
256
256
256
256
256
256
256
256
257
257
257
257
257
257
257
257
257
258
258
258
258
258
258
258
258
258
258
258
258
258
259
260
260
260
260
260
260
260
260
260
260
260
260
261
261
261
261
261
261
261
261
262
263
264
264
264
264
264
264
264
265
265
265
265
265
265
265
265
265
265
265
266
266
266
266
266
266
266
267
267
267
268
269
271
271
271
271
271
271
271
271
271
271
271
272
272
272
272
272
272
272
273
273
273
273
273
273
273
273
273
273
274
276
276
276
276
276
277
277
277
277
277
277
277
277
277
277
277
277
278
285
285
285
285
285
285
285
285
285
286
286
286
286
286
286
286
286
286
287
287
287
287
287
288
289
289
289
289
289
289
289
289
289
290
290
290
290
290
290
290
290
291
292
292
292
292
292
292
292
292
292
293
293
293
293
293
293
293
293
293
293
293
294
295
295
295
295
295
295
295
295
295
296
296
296
296
296
296
296
296
296
296
296
297
298
298
298
298
298
298
298
298
298
299
299
299
299
299
299
299
299
300
301
301
301
301
301
301
301
301
301
302
302
302
302
302
302
302
302
303
304
304
304
304
304
304
304
304
304
305
305
305
305
305
305
305
305
306
307
307
307
307
307
307
307
307
307
308
308
308
308
308
308
308
308
309
310
310
310
311
319
319
319
319
319
319
319
319
319
319
319
319
320
320
320
320
320
320
320
320
320
321
321
321
321
321
321
321
321
321
322
322
322
322
322
322
322
322
322
322
322
323
324
324
324
324
324
324
324
324
324
325
325
325
325
325
325
325
325
325
325
325
325
325
325
325
325
325
325
326
327
327
327
327
327
327
327
327
327
328
328
328
328
328
328
328
328
328
328
328
329
330
330
330
330
330
330
330
330
330
331
331
331
331
331
331
331
331
331
331
331
332
333
333
333
333
333
333
333
333
333
334
334
334
334
334
334
334
334
334
334
334
335
336
336
336
336
336
336
336
336
336
337
337
337
337
337
337
337
337
337
337
337
338
339
339
339
339
339
339
339
339
339
340
340
340
340
340
340
340
340
340
340
340
341
342
342
342
342
342
342
342
342
342
343
343
343
343
343
343
343
343
343
343
343
344
345
345
345
346
354
354
354
354
354
354
354
354
354
354
354
354
355
355
355
355
355
355
355
355
355
356
356
356
356
356
356
356
356
356
357
357
357
357
357
357
357
357
357
357
357
358
359
359
359
359
359
359
359
359
359
360
360
360
360
360
360
360
360
360
360
360
361
362
362
362
362
362
362
362
362
362
363
363
363
363
363
363
363
363
363
363
363
364
365
365
365
365
365
365
365
365
365
366
366
366
366
366
366
366
366
366
366
366
367
368
368
368
368
368
368
368
368
368
369
369
369
369
369
369
369
369
369
369
369
370
371
371
371
371
371
371
371
371
371
372
372
372
372
372
372
372
372
373
374
374
374
374
374
374
374
374
374
375
375
375
375
375
375
375
375
375
375
375
376
377
377
377
377
377
377
377
377
377
379
379
379
379
379
379
379
380
381
381
381
381
381
381
381
381
381
381
382
382
382
382
382
383
383
383
383
383
383
383
383
383
383
384
384
384
384
384
384
385
386
386
386
386
386
386
386
386
386
386
387
387
387
387
387
387
388
389
389
389
389
389
389
389
390
390
391
391
391
391
391
391
391
391
392
392
392
392
392
392
392
392
393
393
393
394
394
394
394
395
395
395
395
396
397
397
397
397
397
397
397
398
398
398
398
398
398
398
398
398
399
400
401
401
401
402
409
409
409
409
409
409
409
409
409
410
410
410
410
410
410
410
410
411
411
411
411
411
411
411
411
411
411
411
411
411
411
411
411
412
412
413
413
413
413
413
413
414
414
414
415
416
416
416
416
416
416
416
417
417
417
418
419
420
420
420
420
420
420
420
420
420
420
420
420
420
420
420
420
420
420
420
421
428
428
428
428
428
428
428
428
428
429
429
429
429
429
429
429
429
430
430
430
430
430
430
430
430
430
430
430
430
430
430
430
430
431
431
432
432
432
432
432
432
432
432
432
432
432
432
432
432
433
434
434
434
434
434
434
434
435
435
435
435
436
436
436
436
436
436
436
437
438
440
440
440
440
440
440
440
440
440
440
440
440
440
440
440
441
441
441
441
441
441
442
443
443
443
443
443
443
443
443
443
444
444
444
444
444
444
445
446
446
446
446
447
447
447
447
447
448
455
455
455
455
455
455
455
455
455
456
456
456
456
456
456
456
457
457
457
457
457
457
457
457
457
457
457
458
459
459
459
459
459
459
459
460
460
460
460
460
460
460
460
460
460
460
461
462
462
462
462
462
462
462
463
463
463
463
463
463
463
463
463
463
463
464
465
465
465
465
465
465
465
465
466
471
471
471
471
471
471
471
472
472
472
472
472
473
473
473
473
479
479
479
479
479
479
479
479
480
480
480
480
480
480
481
483
483
484
484
484
484
484
484
485
485
485
485
485
485
485
485
486
488
488
489
489
489
489
489
489
490
490
490
490
490
490
490
490
491
493
493
494
494
494
494
494
494
495
495
495
495
495
495
495
496
496
496
496
496
496
496
497
497
497
497
497
497
497
497
497
497
497
497
497
497
497
497
497
497
497
498
498
498
498
498
498
498
498
498
498
498
498
498
498
498
498
499
500
500
500
500
500
500
500
500
500
501
502
502
502
503
504
509
509
509
509
509
509
509
510
510
510
510
510
510
510
510
510
512
512
512
512
512
518
518
518
518
518
518
518
518
519
519
519
519
519
519
520
522
522
523
523
523
523
523
523
524
524
524
525
527
527
528
528
528
528
528
528
529
529
529
530
532
532
533
533
533
533
533
533
534
534
534
535
537
537
538
538
538
538
538
538
538
538
538
539
539
539
539
539
539
540
542
542
543
543
543
543
543
543
544
544
544
545
547
547
548
548
548
548
548
548
548
548
548
549
549
549
550
552
552
553
553
553
553
553
553
554
554
554
554
554
554
554
555
555
555
556
557
557
557
557
557
557
557
558
558
558
558
558
558
558
558
558
559
559
559
559
559
559
559
559
559
559
560
560
560
560
560
560
560
560
560
560
560
560
560
560
560
560
560
561
562
562
562
563
564
564
564
564
564
564
564
565
565
565
565
565
565
565
565
565
565
565
565
565
565
565
565
566
567
567
567
567
567
567
567
568
568
568
568
568
568
568
569
570
570
570
570
570
570
570
570
570
570
570
570
570
570
570
571
572
573
574
