17
17
17
17
17
17
17
17
17
19
19
19
19
19
19
19
19
19
20
20
20
20
20
20
20
20
20
21
21
21
21
21
21
21
22
22
22
22
22
22
22
24
24
24
24
24
24
24
24
24
24
24
24
24
25
25
25
25
25
25
25
25
25
25
25
25
25
26
26
26
26
26
26
26
26
26
26
26
26
26
51
51
51
51
51
51
52
52
52
52
52
52
52
52
52
52
52
52
52
52
54
54
54
54
55
55
55
55
62
62
62
62
62
62
62
62
62
62
63
63
63
63
63
63
64
64
64
64
64
64
65
72
72
72
72
72
72
73
73
73
73
73
73
73
73
74
88
88
88
88
89
89
89
90
90
90
91
91
91
91
91
91
92
92
92
92
92
92
92
93
93
93
93
93
93
93
93
93
94
94
94
95
96
97
97
97
97
97
97
97
97
97
97
97
97
97
97
98
98
98
99
101
101
101
101
101
101
101
102
102
102
102
103
105
105
105
105
105
105
105
105
105
105
106
106
106
107
107
107
107
107
107
107
107
107
108
108
108
108
108
108
108
109
109
109
109
109
109
109
110
111
112
112
113
113
113
113
113
114
114
114
114
114
114
114
114
114
115
115
115
115
115
115
115
116
116
116
116
116
116
116
117
119
119
119
119
120
120
120
120
120
120
120
120
120
121
121
121
121
121
121
121
122
122
122
122
122
122
122
123
124
126
126
126
127
128
129
