17
17
17
17
17
17
17
17
17
17
17
17
17
17
17
19
19
19
19
19
19
19
21
21
21
21
21
21
21
21
21
21
21
22
22
22
22
22
22
22
22
22
22
22
22
22
23
23
23
23
23
23
23
23
23
23
23
23
23
23
23
24
24
24
24
24
24
24
24
24
24
24
24
24
24
24
29
29
29
29
29
29
31
31
31
31
31
31
31
31
33
33
34
34
34
34
34
34
35
35
35
36
38
38
39
39
39
39
39
39
39
39
39
39
39
39
39
39
39
39
39
40
40
40
40
40
40
40
40
41
41
41
41
41
41
41
41
41
41
42
44
44
45
45
45
45
45
45
45
45
45
45
45
45
46
46
46
46
46
47
47
47
47
47
47
47
47
47
47
48
48
48
48
48
48
48
48
49
50
51
