17
17
17
17
17
17
17
17
17
19
19
19
19
19
19
19
20
20
20
20
20
20
20
21
21
21
21
21
21
21
22
22
22
22
22
22
22
23
23
23
23
23
23
23
24
24
24
24
24
24
24
25
25
25
25
25
25
25
26
26
26
26
26
26
26
26
26
26
26
26
26
41
41
41
41
41
44
44
44
44
44
44
45
45
48
48
48
48
48
48
49
49
55
55
55
55
55
55
55
55
55
55
55
55
55
60
60
60
60
60
62
100
100
100
100
100
100
100
101
101
101
102
102
103
103
103
103
103
103
103
103
103
103
103
103
103
104
104
104
104
104
104
104
104
104
104
104
105
106
106
106
106
106
106
106
106
106
106
106
107
107
107
107
107
107
107
108
109
109
109
110
122
122
122
122
122
123
123
123
124
124
124
124
133
133
133
133
133
133
133
134
134
135
135
136
136
136
136
136
136
136
136
136
136
136
137
138
138
138
138
138
138
138
140
141
151
151
151
151
151
151
151
151
151
151
151
151
151
151
153
153
154
154
154
154
154
154
154
154
154
154
154
155
155
155
155
155
155
155
156
156
156
156
156
157
157
157
157
157
157
158
158
158
158
158
159
160
160
160
161
163
164
164
164
164
164
164
164
166
169
169
170
170
170
170
170
170
170
170
170
170
170
171
171
171
171
172
173
173
173
173
174
174
175
175
175
175
176
176
176
177
177
177
177
177
177
177
177
177
177
178
178
178
178
178
178
178
178
178
179
179
179
179
179
179
179
179
179
180
180
180
180
180
180
180
180
180
180
181
181
182
182
182
182
182
182
182
183
184
184
185
185
185
185
185
185
185
186
186
187
187
187
187
187
187
188
189
189
189
189
189
189
189
191
192
193
194
194
194
194
194
194
194
194
194
194
194
195
195
195
195
195
195
195
196
196
196
196
196
197
197
197
197
197
197
198
198
198
198
198
199
200
200
200
201
202
203
204
204
204
204
204
204
204
205
205
205
205
205
206
206
206
206
206
206
207
208
210
210
210
210
210
210
210
210
212
212
213
213
213
213
213
213
213
213
213
213
213
213
214
214
214
215
215
215
215
215
215
215
216
216
216
216
216
216
216
216
216
217
218
218
219
219
219
219
219
219
219
219
219
220
222
222
222
222
222
222
222
223
223
223
223
223
224
224
224
224
224
224
224
224
224
224
224
225
226
226
226
226
226
226
226
226
226
226
226
226
226
226
226
226
228
228
228
228
228
229
229
230
230
230
230
230
230
230
230
231
232
232
233
233
234
234
234
234
234
234
235
236
236
236
236
236
236
236
238
239
241
241
241
241
241
241
241
241
241
241
241
241
241
241
241
242
242
242
242
242
243
243
243
243
243
243
244
244
244
244
244
245
246
246
246
247
248
249
250
250
250
250
250
250
250
251
251
251
251
251
252
252
252
252
252
252
253
254
255
255
255
256
257
258
