18
18
18
18
18
18
18
18
18
20
20
20
20
20
20
20
21
21
21
21
21
21
21
22
22
22
22
22
22
22
23
23
23
23
23
23
23
23
23
39
39
39
39
39
43
43
43
43
43
43
43
43
43
43
43
48
48
48
48
48
48
48
48
48
48
51
51
51
51
54
54
54
54
59
59
59
59
62
62
62
62
67
67
67
67
67
68
68
68
68
69
69
69
69
70
70
70
70
71
71
71
71
72
78
78
78
78
78
78
79
79
79
79
79
79
79
80
80
80
80
80
80
81
82
82
82
82
83
83
83
83
84
92
92
92
92
92
92
93
93
93
94
103
103
104
104
104
104
104
104
105
105
105
105
105
105
105
106
113
113
113
113
113
113
114
114
114
115
123
123
123
123
123
123
124
124
124
124
124
124
124
125
133
133
133
133
133
133
134
134
134
134
134
134
134
135
144
144
144
144
144
144
144
144
145
145
145
145
145
145
145
146
153
153
153
153
153
153
154
154
154
155
165
165
165
165
165
165
165
165
166
166
166
166
166
166
166
166
167
167
167
167
167
167
167
168
168
168
168
169
180
180
180
180
180
180
180
180
180
180
180
181
181
181
181
181
181
181
181
181
182
182
182
182
182
182
182
183
183
183
183
184
196
196
196
196
196
196
196
196
196
196
196
196
196
196
196
197
197
197
197
197
197
197
197
197
197
197
198
198
198
198
198
198
198
199
199
199
199
200
208
208
208
208
208
208
208
208
208
209
209
209
209
209
209
210
218
218
218
218
218
218
218
218
218
219
219
219
219
219
219
219
220
220
220
220
221
221
221
222
222
222
222
223
224
233
233
233
233
233
233
233
233
233
234
234
234
234
235
243
243
243
243
243
243
243
243
243
243
243
244
244
244
244
244
244
244
245
246
247
