18
18
18
18
18
18
18
18
18
18
18
20
20
20
20
20
20
20
21
21
21
21
21
21
21
22
22
22
22
22
22
22
23
23
23
23
23
23
23
24
24
24
24
24
24
24
25
25
25
25
25
25
25
26
26
26
26
26
26
26
28
28
28
28
28
28
28
28
28
28
28
28
28
52
52
52
52
52
53
55
55
55
55
55
55
55
55
55
56
57
57
57
57
57
58
58
58
58
60
60
60
60
60
60
60
60
62
62
62
62
62
62
62
62
62
62
63
63
63
64
66
66
66
66
66
66
68
69
70
70
70
70
70
70
70
70
70
70
70
70
70
72
72
72
72
72
72
72
72
72
72
73
73
73
74
76
76
76
76
76
76
76
76
76
76
76
76
76
77
78
78
78
78
78
78
79
80
80
80
81
83
83
83
83
83
83
83
83
83
84
86
86
86
86
86
86
86
86
87
88
88
88
89
89
89
89
91
91
91
91
91
91
91
91
93
93
93
93
93
93
93
93
93
93
94
94
94
95
97
97
97
97
99
100
101
101
101
101
101
101
101
101
101
101
101
101
101
103
103
103
103
103
103
103
103
103
103
104
104
104
105
107
107
107
107
107
107
107
107
108
109
109
109
109
109
109
110
111
111
111
112
114
114
114
114
114
114
114
114
114
115
124
124
124
124
124
124
124
125
126
126
126
126
126
126
126
126
126
126
126
126
126
126
127
127
127
127
128
128
128
129
130
130
130
132
149
149
149
149
149
149
149
149
149
149
150
151
151
151
151
151
151
151
151
151
152
152
152
152
152
152
152
152
152
152
152
152
152
152
153
153
153
153
153
154
155
155
155
156
176
176
176
176
176
176
176
176
176
176
177
178
178
178
178
178
178
178
178
178
179
179
179
180
181
181
181
181
181
181
181
181
181
181
181
181
181
181
181
182
182
182
182
182
182
183
183
183
184
185
185
185
185
185
185
185
185
185
185
185
186
206
206
206
206
206
206
206
206
206
207
208
208
208
208
208
208
208
208
208
209
209
209
210
211
211
211
211
211
211
211
211
211
211
211
211
211
211
212
212
212
213
214
214
214
214
217
217
217
217
217
217
217
217
217
217
217
217
217
217
217
217
217
217
219
219
219
219
219
219
219
219
219
219
219
219
219
219
222
222
222
222
222
222
222
222
222
222
222
222
222
222
222
222
222
222
224
224
224
225
245
245
245
245
245
245
245
245
246
246
247
248
248
248
248
248
248
248
248
248
249
249
249
250
251
251
251
251
251
251
251
251
251
251
251
251
251
251
251
252
252
252
252
252
252
253
253
253
254
255
255
255
255
255
255
255
255
255
255
255
256
276
276
276
276
276
276
276
276
276
277
278
278
278
278
278
278
278
278
278
279
279
279
280
281
281
281
281
281
281
281
281
281
281
281
281
281
281
282
282
282
283
284
284
284
284
287
287
287
287
287
287
287
287
287
287
287
287
287
287
287
287
287
287
289
289
289
289
289
289
289
289
289
289
289
289
289
289
292
292
292
292
292
292
292
292
292
292
292
292
292
292
292
292
292
292
294
294
294
295
315
315
315
315
315
315
315
315
315
315
315
315
315
315
316
317
317
317
317
317
317
317
317
317
318
318
318
319
321
321
321
321
321
321
321
321
321
321
321
321
321
321
321
321
322
322
322
323
325
325
325
325
325
325
325
325
325
325
325
325
325
325
325
325
326
326
326
327
329
329
329
329
329
331
331
331
332
367
367
367
367
367
367
367
367
367
367
367
367
367
367
367
368
368
368
368
369
370
370
370
371
371
371
371
371
371
372
372
372
372
373
373
373
373
374
374
374
374
376
376
376
376
376
376
376
376
376
377
377
377
378
380
380
380
380
380
380
380
380
380
381
381
381
381
382
382
382
382
382
382
382
382
382
382
382
382
382
382
382
382
383
383
383
383
383
383
383
383
385
385
385
385
385
385
385
385
385
385
385
385
385
385
385
385
386
386
386
386
386
386
386
386
386
386
386
387
387
387
387
387
387
387
388
388
388
388
388
388
388
389
390
390
390
390
390
390
390
390
390
390
390
390
391
393
393
393
393
393
393
393
393
394
394
394
394
394
394
394
395
395
395
395
395
395
395
396
396
396
396
396
396
396
396
396
396
396
398
398
398
398
398
398
398
398
398
398
398
398
398
398
398
398
398
398
398
398
399
399
399
400
402
402
402
402
402
404
404
404
405
423
423
423
423
423
423
423
424
425
425
425
425
425
425
425
425
425
426
426
426
426
426
427
428
428
428
428
428
428
428
429
429
429
429
429
429
429
430
445
445
445
445
445
445
445
446
447
447
447
447
447
447
447
447
447
448
448
448
448
448
448
448
448
448
448
448
448
449
450
450
450
451
464
464
464
464
464
464
464
465
466
466
466
466
466
466
466
466
466
467
467
467
467
467
467
467
467
467
467
467
467
468
469
469
469
470
498
498
498
498
498
498
498
498
498
498
499
500
500
500
500
500
500
500
500
500
501
501
501
502
503
503
503
503
503
503
503
503
503
503
503
503
503
503
503
503
503
503
503
503
503
504
504
504
505
507
507
507
507
507
507
507
508
539
539
539
539
539
539
539
539
539
539
539
539
540
540
541
542
542
542
542
542
542
542
542
542
542
542
542
542
543
543
543
544
545
545
545
545
545
545
545
545
545
545
545
545
545
545
545
545
545
546
546
546
546
546
546
546
546
546
546
546
546
546
547
547
547
548
550
550
550
550
550
550
550
551
569
569
569
569
569
569
569
570
571
571
571
571
571
571
571
571
571
572
572
572
573
574
574
574
574
574
574
574
574
574
574
574
574
574
574
575
575
575
576
577
577
577
577
577
577
577
577
577
577
577
578
581
583
