18
18
18
18
18
18
18
18
18
18
18
18
18
19
19
19
19
19
19
19
20
20
20
20
20
20
20
21
21
21
21
21
21
21
22
22
22
22
22
22
22
24
24
24
24
24
24
24
24
24
24
24
24
24
25
25
25
25
25
25
25
25
25
25
25
25
25
44
44
44
44
44
45
47
47
47
47
47
48
48
48
53
53
53
53
53
53
54
55
55
56
56
57
57
58
58
58
71
71
71
71
72
73
73
73
73
73
74
88
88
88
88
88
88
88
89
90
90
90
90
90
91
91
91
91
91
92
100
100
101
101
101
101
101
101
102
102
102
102
103
103
103
103
104
104
105
105
105
106
109
109
109
109
109
109
110
110
110
111
120
120
121
121
121
121
121
121
121
121
121
121
121
121
121
121
121
121
121
122
122
122
122
122
122
122
122
122
122
122
122
122
122
122
122
122
122
122
122
122
122
122
122
122
122
122
122
122
122
123
123
123
123
123
123
123
123
123
124
124
124
124
124
124
124
125
137
137
138
138
138
138
138
138
138
138
139
141
141
141
141
141
141
143
143
143
143
143
143
143
144
145
145
145
145
145
145
145
145
145
146
146
146
146
146
146
146
147
147
147
147
147
147
147
147
148
148
148
148
148
148
148
148
148
149
149
149
149
149
149
149
149
149
149
149
149
149
149
149
149
150
150
150
150
150
150
150
150
150
151
151
151
151
151
151
151
151
151
151
151
151
152
152
152
152
152
152
152
152
152
152
153
153
153
153
153
153
153
153
153
153
154
154
154
154
154
154
154
154
154
154
155
156
157
157
157
157
157
157
157
157
157
157
157
157
158
159
159
159
159
159
159
160
162
165
165
165
165
166
166
166
166
167
167
167
167
167
167
167
167
167
167
167
167
168
168
168
168
168
168
168
168
168
169
169
169
170
170
170
170
171
171
171
171
171
171
171
171
172
172
173
173
173
174
174
174
174
174
174
174
174
175
175
175
175
175
175
175
175
176
176
177
177
178
178
178
178
179
179
179
179
180
182
182
182
182
182
182
182
182
182
182
182
182
183
184
184
184
184
184
184
184
184
184
185
186
187
188
188
188
188
188
188
188
188
188
189
192
192
192
192
192
192
192
193
194
194
194
194
194
194
194
194
194
194
194
194
194
194
194
194
195
196
196
196
196
196
196
196
199
199
199
199
199
199
199
199
199
199
199
199
199
200
200
200
200
200
200
200
202
202
202
202
202
202
202
203
203
203
203
203
203
203
211
211
211
211
211
211
211
211
211
211
211
211
211
211
212
213
213
213
213
213
213
213
213
213
215
215
215
215
215
215
215
215
215
215
215
215
215
215
215
215
215
215
215
215
216
216
216
216
216
216
216
216
216
216
216
216
216
216
216
216
216
216
216
216
217
217
217
217
217
217
217
217
217
217
217
217
217
217
217
217
217
217
217
217
218
220
220
220
221
222
222
222
223
239
239
240
240
240
240
240
240
240
240
240
240
241
242
242
242
242
242
242
242
242
242
243
243
243
243
243
243
243
243
243
244
244
244
244
244
244
245
246
246
246
246
246
246
246
246
246
246
246
246
246
246
246
246
246
247
247
247
247
247
247
247
247
248
248
249
251
251
251
251
251
251
251
252
252
252
252
252
252
252
252
252
252
252
252
252
253
254
254
255
256
256
256
256
256
256
256
256
257
258
258
258
258
258
258
258
258
258
258
258
258
258
258
258
258
258
259
261
262
