17
17
17
17
17
17
17
17
17
19
19
19
19
19
19
19
20
20
20
20
20
20
20
21
21
21
21
21
21
21
22
22
22
22
22
22
22
23
23
23
23
23
23
23
24
24
24
24
24
24
24
25
25
25
25
25
25
25
35
35
35
35
35
35
36
36
36
36
36
36
36
36
36
38
38
38
38
38
38
38
38
38
38
38
39
39
39
39
39
39
39
39
39
39
39
40
40
40
40
40
40
40
40
40
40
40
40
40
40
41
41
41
41
41
41
41
41
41
41
41
41
42
43
43
45
45
45
45
45
45
46
46
46
46
47
47
47
47
48
48
48
48
48
48
48
49
49
49
49
49
55
55
55
55
55
55
55
56
56
56
56
56
56
57
65
65
65
65
65
65
65
65
65
65
66
66
66
66
66
66
67
67
67
67
67
67
68
75
75
75
75
75
75
75
75
75
75
76
76
76
76
76
76
77
77
77
77
77
77
78
78
78
78
78
78
79
86
86
86
86
86
86
87
87
87
88
94
94
94
94
94
94
95
95
95
95
95
96
98
98
98
98
98
98
98
98
98
99
99
99
99
99
99
99
100
100
100
100
100
100
100
100
100
101
101
101
101
101
101
101
101
102
103
103
104
104
105
105
105
106
106
106
106
106
106
106
106
106
107
107
107
107
107
107
107
107
107
108
109
109
110
110
110
110
110
110
110
110
110
110
110
110
110
111
112
112
112
112
112
112
112
112
112
112
112
113
113
113
113
113
113
113
113
113
113
113
113
113
114
114
114
114
114
114
114
114
114
114
114
114
114
114
114
114
114
115
115
115
115
115
115
115
115
115
116
116
116
116
117
118
118
118
118
118
118
119
119
119
119
119
119
120
120
120
120
120
120
120
121
122
123
124
124
124
124
124
124
124
124
124
125
125
125
126
127
127
127
127
127
127
127
127
127
127
127
127
127
128
128
128
128
128
128
128
128
128
128
128
128
128
128
128
128
128
129
129
129
130
132
132
132
132
132
132
132
132
132
133
133
133
133
133
133
133
134
134
134
134
134
134
134
135
135
135
135
135
135
135
135
135
136
136
136
136
136
136
136
136
136
136
136
136
136
136
136
136
136
137
137
137
137
137
137
137
137
137
137
137
137
137
137
137
137
137
137
137
138
139
140
140
140
140
140
140
140
140
140
140
140
141
148
148
148
148
148
148
149
149
149
150
152
152
152
152
152
152
153
153
153
153
153
153
153
153
154
154
154
154
154
154
154
155
155
155
155
155
155
155
155
155
155
155
156
156
156
156
156
156
156
157
157
157
157
157
157
157
158
159
159
159
159
159
159
159
160
160
160
160
160
160
160
161
162
162
162
162
162
162
162
163
163
163
163
163
163
163
163
163
164
164
164
164
164
164
164
164
164
164
164
164
164
164
164
164
164
165
165
165
165
165
165
165
166
166
166
166
166
166
166
166
166
166
166
166
166
166
167
167
167
167
167
167
167
168
168
168
168
168
168
168
168
168
168
168
168
168
168
169
170
170
170
170
170
170
170
171
171
171
171
171
171
171
172
173
174
