1
1
1
1
1
1
1
3
3
3
3
3
3
3
4
4
4
4
4
4
4
5
5
5
5
5
5
5
6
6
6
6
6
6
6
8
8
8
8
8
8
8
8
8
8
8
20
20
20
20
20
22
22
22
22
22
23
23
23
23
23
24
24
24
24
24
26
26
26
26
26
26
26
26
26
26
27
27
27
27
27
27
28
28
28
28
28
28
29
29
29
29
29
29
29
29
30
42
42
42
42
42
42
42
42
42
43
43
43
43
43
43
43
43
43
43
43
44
44
44
44
44
44
44
44
44
44
44
44
44
45
56
56
56
56
56
56
56
56
56
56
57
57
57
57
57
57
57
57
57
57
57
57
57
58
60
60
60
60
60
60
60
60
60
60
60
60
60
61
61
61
61
61
61
61
62
62
62
62
62
62
62
63
63
63
63
63
63
63
63
63
64
67
67
67
67
67
67
67
67
67
68
68
68
68
68
69
69
69
69
69
69
69
70
70
70
70
70
70
70
70
70
70
70
70
71
71
71
71
71
71
71
71
71
71
71
71
71
71
71
72
72
72
72
72
72
72
72
72
72
72
72
72
72
72
72
72
73
73
73
73
73
73
73
73
73
73
73
73
73
73
74
74
74
74
74
74
74
75
76
76
76
77
78
78
78
78
79
81
81
81
82
84
84
84
84
84
84
84
84
84
84
84
84
84
85
85
85
85
85
85
85
85
85
85
85
85
85
85
85
86
86
86
86
86
86
86
86
86
86
86
86
86
86
86
86
87
87
87
87
87
87
87
87
87
87
87
87
87
88
88
88
88
88
88
88
88
88
88
88
89
89
89
89
89
89
89
89
89
89
90
91
92
94
94
94
94
94
94
94
94
94
94
95
95
95
95
95
95
95
95
95
95
95
96
96
96
96
96
96
96
97
97
97
98
104
104
104
104
104
104
104
104
104
104
104
104
104
104
104
104
104
104
105
105
105
105
105
105
105
105
105
108
108
108
108
108
108
108
108
108
108
109
109
109
109
109
109
109
109
109
109
109
109
109
109
109
110
110
110
111
111
111
112
112
112
112
112
112
112
112
112
112
112
112
112
112
113
114
123
123
123
123
123
123
123
123
123
123
123
123
123
123
123
124
124
124
124
124
124
124
124
124
124
124
125
125
125
125
125
125
125
125
125
125
125
125
125
126
126
126
126
126
126
126
127
127
127
127
127
127
127
127
128
128
128
128
128
128
128
129
129
129
130
130
130
130
130
130
130
130
130
130
130
130
130
130
131
131
131
131
131
132
132
132
132
132
132
132
132
132
132
132
132
132
133
133
133
133
133
133
134
134
134
134
134
135
135
135
135
135
135
135
135
135
135
135
136
136
137
138
138
138
138
138
138
138
138
139
139
139
139
139
139
139
139
139
140
141
141
141
141
141
141
141
141
141
141
141
141
141
141
141
141
141
141
141
141
141
141
141
141
141
141
141
141
141
141
141
142
142
142
143
144
144
144
144
144
144
144
144
144
144
144
144
144
145
145
145
145
145
145
145
145
145
145
145
145
145
145
145
145
145
145
145
146
146
147
148
148
148
148
148
148
148
148
148
148
148
148
148
148
148
148
148
149
149
149
149
149
149
149
149
149
149
153
153
153
153
154
154
154
155
155
155
155
155
155
155
155
155
155
155
155
155
155
155
155
155
155
155
156
156
156
156
156
157
157
157
158
159
160
160
160
160
160
160
160
161
163
163
163
163
163
163
164
164
164
164
166
166
166
166
168
170
170
170
170
170
170
170
170
171
171
171
171
171
171
172
172
172
173
175
175
175
175
175
175
175
175
176
176
176
176
176
176
176
176
176
176
177
177
177
178
178
178
178
178
178
178
178
178
179
181
183
183
