1
1
1
1
1
1
1
1
1
1
1
1
1
3
3
3
3
3
3
3
4
4
4
4
4
4
4
5
5
5
5
5
5
5
6
6
6
6
6
6
6
8
8
8
8
8
8
8
9
9
9
9
9
9
9
9
9
10
10
10
10
10
10
10
10
10
11
11
11
11
11
11
11
11
11
13
13
13
13
13
13
13
13
13
13
13
13
13
14
14
14
14
14
14
14
14
14
15
15
15
15
15
15
15
15
15
15
15
17
17
17
17
17
17
17
17
17
17
17
18
18
18
18
18
18
18
18
18
18
18
18
18
19
19
19
19
19
19
19
19
19
19
19
19
19
20
20
20
20
20
20
20
20
20
20
20
20
20
21
21
21
21
21
21
21
21
21
21
21
21
21
22
22
22
22
22
22
22
22
22
22
22
22
22
23
23
23
23
23
23
23
23
23
23
23
23
23
23
23
24
24
24
24
24
24
24
24
24
24
24
24
24
24
24
33
33
33
35
35
36
41
41
41
41
41
41
41
41
46
46
46
46
46
47
52
52
52
52
52
63
63
63
63
63
77
77
77
77
77
95
95
95
95
95
96
98
98
98
98
99
99
99
99
105
105
105
105
105
105
106
107
107
107
107
107
108
108
108
108
108
108
108
108
108
108
109
109
109
109
109
109
109
109
109
110
110
110
110
110
110
110
110
111
112
113
113
113
114
116
116
116
116
116
116
116
117
117
117
117
118
118
118
118
118
118
118
118
118
118
118
119
121
121
121
121
121
121
121
121
121
121
121
121
122
122
122
122
122
122
122
122
122
122
122
122
123
123
123
123
123
123
123
123
123
123
123
123
123
123
123
123
123
123
123
123
123
123
124
132
132
132
132
132
134
134
134
134
134
140
140
140
140
140
145
145
145
145
145
152
152
152
152
157
157
157
157
164
164
164
164
177
177
177
177
184
184
184
184
184
184
190
190
190
190
190
190
198
198
198
198
198
198
204
204
204
204
204
204
210
210
210
210
210
210
210
210
210
210
210
210
210
210
210
217
217
217
217
217
217
217
217
217
217
217
217
217
225
225
225
225
225
225
225
225
225
225
225
225
226
226
226
226
226
226
226
226
226
227
228
228
228
228
228
228
228
228
228
229
229
229
229
230
230
230
230
230
230
230
230
231
231
231
231
232
232
232
232
232
232
232
232
232
233
233
233
233
233
233
233
233
234
234
234
234
235
235
235
235
235
235
235
235
236
236
236
236
236
236
236
237
243
243
243
243
243
243
243
244
245
245
245
245
245
246
246
247
248
248
248
248
249
249
250
250
250
250
250
250
250
250
250
250
250
250
251
251
251
251
251
251
251
251
251
252
252
252
252
252
252
252
252
252
252
252
252
252
252
253
253
253
253
253
253
253
253
253
254
254
254
255
255
256
258
258
258
258
258
258
258
260
260
260
260
260
260
261
261
261
261
261
261
261
262
263
264
264
264
264
264
264
264
265
265
265
265
265
265
265
265
265
266
267
275
275
276
276
276
276
276
276
277
277
277
277
277
277
278
280
280
281
281
281
281
281
281
281
281
282
282
282
282
283
283
283
283
283
283
283
283
284
284
284
284
284
284
284
285
285
285
286
288
288
289
289
289
289
289
289
292
292
292
293
299
299
300
300
300
300
300
300
301
301
301
301
302
304
304
305
305
305
305
305
305
306
306
306
307
309
309
310
310
310
310
310
310
310
310
310
310
311
312
312
312
312
312
313
313
313
313
313
313
313
313
313
313
313
313
313
313
313
313
315
315
315
315
315
315
315
316
316
316
316
317
318
318
318
319
327
327
328
328
328
328
328
328
329
329
329
330
332
332
332
332
332
332
332
332
333
333
333
333
333
333
333
333
334
334
334
335
337
337
337
337
337
337
337
337
338
338
338
338
338
338
338
338
338
339
339
339
340
342
342
342
342
342
342
342
342
342
343
343
343
343
343
343
343
343
343
343
343
343
343
344
346
346
346
346
346
346
346
346
346
346
346
347
347
347
347
347
348
348
348
348
348
349
349
349
350
350
350
350
350
351
352
352
352
353
355
355
356
356
356
356
356
356
356
356
356
356
358
358
359
359
359
359
359
359
359
359
359
360
360
360
361
364
364
364
364
364
364
365
365
365
365
365
365
365
366
384
384
384
384
384
384
385
385
385
386
394
394
394
394
394
394
394
395
396
396
396
396
397
399
399
399
399
399
399
399
400
401
401
401
401
402
404
404
404
404
404
404
404
405
406
406
406
406
407
409
409
409
409
409
409
409
409
410
411
411
411
411
412
420
420
420
420
420
420
420
420
421
422
422
422
422
422
422
422
423
423
423
423
424
424
424
425
426
426
426
427
437
437
437
437
437
437
437
437
437
437
437
437
438
439
439
439
439
439
439
439
440
440
441
441
441
441
441
441
441
442
442
442
442
442
442
443
443
443
443
443
443
443
443
443
443
443
443
443
444
444
444
445
445
445
445
445
445
445
445
445
445
445
445
445
445
445
445
445
446
447
447
447
447
447
447
447
448
448
448
448
448
448
448
448
448
449
450
451
451
451
451
451
451
451
452
457
457
457
457
457
457
457
457
457
457
457
457
458
460
460
460
460
460
460
460
461
461
462
462
462
462
462
462
462
463
463
463
463
463
463
463
463
463
463
463
463
463
464
464
464
465
465
465
465
465
465
466
467
467
467
467
467
467
467
468
468
468
468
468
468
468
468
468
469
470
471
478
478
478
478
478
478
478
479
480
480
480
480
480
480
480
480
480
480
480
480
480
480
480
480
480
480
481
481
481
481
481
482
483
495
495
496
496
496
496
496
496
496
496
496
496
497
498
498
498
498
498
498
498
498
498
498
498
498
498
498
499
499
499
499
499
500
502
502
502
502
502
502
502
502
502
502
502
502
502
502
502
502
502
503
503
503
503
503
503
504
504
504
504
504
504
505
505
505
505
505
505
505
506
506
506
506
506
506
506
506
506
506
506
506
506
506
506
507
509
509
510
510
510
510
510
510
510
510
510
510
510
510
510
511
512
512
512
512
512
513
513
513
513
513
514
542
542
543
543
543
543
543
543
543
543
544
545
545
545
545
545
546
546
546
546
546
546
546
546
547
547
547
547
547
547
547
547
547
547
547
547
547
548
548
548
548
548
548
548
549
549
549
549
549
549
549
550
550
550
552
553
555
555
556
556
556
556
556
556
556
556
557
558
558
558
558
558
558
558
558
558
558
559
559
559
559
559
559
559
559
559
559
559
560
561
561
561
561
561
561
561
562
562
562
562
562
562
562
562
562
562
562
562
562
563
563
563
565
566
566
566
566
566
566
566
566
567
569
569
570
570
570
570
570
570
570
570
571
572
572
572
572
572
573
573
573
573
573
573
573
573
574
574
574
574
574
574
574
574
574
574
574
574
574
575
575
575
575
575
575
575
576
576
576
576
576
576
576
577
577
577
578
578
578
578
579
580
582
582
583
583
583
583
583
583
583
583
584
585
585
585
585
585
585
585
585
585
585
586
586
586
586
586
586
586
586
586
586
586
587
588
588
588
588
588
588
588
588
589
589
589
589
589
589
589
591
591
591
591
591
591
591
591
591
591
591
591
591
592
592
592
592
592
592
592
592
592
593
593
593
594
594
594
594
595
596
599
599
599
599
599
599
599
599
600
601
601
601
601
601
601
601
602
602
602
602
603
605
605
605
605
605
605
605
606
606
607
607
607
607
607
607
607
607
607
607
607
607
607
607
607
607
607
608
608
608
608
608
608
608
609
609
609
609
609
609
609
609
609
610
611
614
614
614
614
614
614
614
614
615
617
617
617
617
617
617
617
617
617
618
618
618
618
618
618
618
618
618
619
620
620
620
620
620
620
620
620
621
621
623
623
623
623
624
624
624
624
624
624
626
626
626
626
626
626
626
626
626
626
626
626
626
626
626
628
628
628
628
628
628
629
629
629
629
629
629
629
630
631
632
632
632
632
632
632
632
633
633
633
633
633
633
633
633
633
634
635
643
643
644
644
644
644
644
644
644
644
644
645
646
646
646
646
646
646
646
646
646
647
649
649
650
650
650
650
650
650
650
650
650
651
652
652
652
652
652
652
652
653
653
653
653
654
654
655
656
656
656
656
656
657
657
657
657
657
657
657
658
658
658
658
659
660
660
661
661
661
661
661
662
662
662
662
662
662
662
662
662
662
662
662
662
662
662
662
662
662
662
663
663
663
663
663
663
663
663
663
667
667
667
667
667
668
668
668
668
668
668
668
669
669
669
670
670
670
670
670
670
670
671
672
672
672
672
672
672
672
672
672
673
673
673
673
673
673
674
674
674
674
674
674
674
674
674
674
674
674
675
675
675
675
675
676
676
676
677
677
677
677
677
677
677
677
677
677
677
677
677
677
677
677
677
678
678
678
678
678
679
679
679
679
679
679
679
680
680
680
681
681
681
681
681
681
681
682
683
683
683
683
683
683
684
685
685
685
685
685
685
685
686
686
686
686
686
686
686
686
686
687
688
690
690
691
691
691
691
691
691
691
691
691
691
691
691
691
691
691
691
691
692
693
693
693
693
693
694
694
694
694
694
694
694
695
695
695
695
696
697
697
698
698
698
698
698
699
699
699
699
699
699
699
699
699
699
699
699
699
699
699
699
699
699
699
699
699
699
699
699
699
699
699
700
700
700
700
700
700
700
700
700
702
702
702
702
702
703
703
703
703
703
703
703
703
703
703
703
704
704
704
705
705
705
705
705
705
705
705
705
705
705
706
707
707
707
707
707
707
707
707
707
708
708
708
708
708
708
709
709
709
709
709
709
709
709
709
709
709
709
710
710
710
710
710
710
710
710
710
711
711
711
712
712
712
712
712
712
712
712
712
712
712
712
712
712
712
712
712
713
713
713
713
713
714
714
714
714
714
714
714
714
714
714
714
715
715
715
716
716
716
716
716
716
716
716
716
716
716
717
718
718
718
718
718
718
719
720
720
720
720
720
720
720
721
721
721
721
721
721
721
721
721
722
723
725
725
726
726
726
726
726
726
726
726
726
726
727
727
727
727
727
727
727
727
727
728
730
730
731
731
731
731
731
731
731
731
731
731
731
731
731
731
731
731
731
732
734
734
734
734
735
737
737
738
738
738
738
738
738
738
738
738
738
738
738
738
738
738
738
738
739
741
741
741
741
742
750
750
751
751
751
751
751
751
751
751
751
751
753
753
753
753
753
754
754
754
754
754
755
756
756
757
757
757
757
757
758
758
758
758
758
758
758
759
759
759
759
760
762
762
762
762
762
763
763
763
763
763
763
763
763
763
763
763
763
763
763
763
763
763
763
763
764
764
764
764
764
764
764
764
764
765
765
765
765
765
765
765
766
766
766
767
767
767
767
767
767
767
767
767
767
767
767
767
767
767
767
767
768
768
768
768
768
768
768
769
769
769
769
769
769
770
771
771
771
771
771
771
771
772
772
772
772
772
772
772
772
772
773
774
776
776
777
777
777
777
777
777
777
777
777
777
777
777
777
777
777
777
779
779
779
779
779
780
780
780
780
780
781
782
782
783
783
783
783
783
784
784
784
784
784
784
784
785
785
785
785
786
788
788
788
788
788
789
789
789
789
789
789
789
789
789
789
789
789
789
789
789
789
789
789
789
789
789
789
789
789
789
789
789
789
790
790
790
790
790
790
790
790
790
791
791
791
791
791
791
791
791
791
791
791
792
792
792
793
793
793
793
793
793
793
793
793
793
793
793
793
793
793
793
793
794
794
794
794
794
794
794
794
794
794
794
795
795
795
795
795
795
796
797
797
797
797
797
797
797
798
798
798
798
798
798
798
798
798
799
800
802
802
803
803
803
803
803
803
803
803
803
803
803
803
803
803
803
803
803
803
805
805
805
805
805
806
806
806
806
806
807
808
808
808
808
808
809
809
809
809
809
809
809
810
810
810
810
811
812
812
813
813
813
813
813
814
814
814
814
814
814
814
814
814
814
814
814
814
814
814
814
814
814
814
814
814
814
814
814
814
814
814
815
815
815
815
815
815
815
815
815
816
816
816
816
816
816
816
816
816
816
816
817
817
817
818
818
818
818
818
818
818
818
818
818
818
818
818
818
818
818
818
819
819
819
819
819
819
819
819
819
819
819
820
820
820
820
820
820
821
822
822
822
822
822
822
822
823
823
823
823
823
823
823
823
823
824
825
827
827
828
828
828
828
828
828
828
828
828
828
829
829
829
829
830
832
832
833
833
833
833
833
833
833
833
833
834
836
836
836
836
836
837
837
837
837
837
838
839
839
840
840
840
840
840
840
840
841
841
841
841
841
841
841
842
842
842
842
842
842
842
842
842
843
844
846
846
847
847
847
847
847
847
847
847
847
847
847
847
847
847
847
848
850
850
850
850
850
851
851
851
851
851
852
853
853
854
854
854
854
854
854
854
854
854
854
854
855
855
855
855
855
855
855
856
856
856
856
856
856
856
856
856
857
858
860
860
861
861
861
861
861
861
861
861
861
861
861
861
861
861
861
861
861
862
864
864
864
864
864
865
865
865
865
865
866
867
867
868
868
868
868
868
868
868
868
868
868
868
869
869
869
869
869
869
869
870
870
870
870
870
870
870
870
870
871
872
874
874
875
875
875
875
875
875
875
875
875
876
877
877
877
877
877
877
877
877
877
877
878
886
886
887
887
887
887
887
887
887
888
888
888
888
888
888
888
888
888
888
888
888
888
889
890
890
890
890
890
890
890
891
891
891
891
892
892
893
894
894
894
894
894
895
895
895
895
895
895
895
896
896
896
896
897
898
898
898
898
898
898
898
898
898
898
898
898
898
898
898
898
898
898
898
899
899
900
900
900
900
900
902
902
902
902
902
902
902
902
902
902
902
902
902
902
903
903
903
903
903
903
904
904
904
904
904
904
904
904
904
904
904
904
904
904
904
904
904
905
905
905
905
905
905
905
905
905
907
907
907
907
907
907
907
907
907
907
907
907
907
908
908
908
909
909
909
909
909
909
909
910
910
910
910
910
910
911
911
911
911
911
911
911
911
911
911
911
911
912
912
912
912
912
912
912
912
912
913
913
913
914
914
914
914
914
914
914
914
914
914
914
914
914
914
914
914
914
915
915
915
915
915
915
915
915
915
915
915
915
915
916
916
916
916
916
916
917
918
919
919
919
919
919
919
919
920
920
920
920
920
920
920
920
920
921
922
924
924
925
925
925
925
925
925
925
925
925
925
925
925
925
925
925
926
927
927
927
927
927
927
927
928
928
928
928
929
929
929
930
931
931
931
931
931
932
932
932
932
932
932
932
933
933
933
933
934
935
935
935
935
935
935
935
935
935
935
935
935
935
935
935
935
935
935
935
936
936
937
937
937
937
937
939
939
939
939
939
939
939
939
939
939
939
939
940
940
940
940
940
940
941
941
941
941
941
941
941
941
941
941
941
941
941
941
941
941
941
942
942
942
942
942
942
942
942
942
944
944
944
944
944
944
944
944
944
946
946
946
947
947
947
947
947
947
947
948
948
948
948
948
948
949
949
949
949
949
949
949
949
949
949
949
949
950
950
950
950
950
950
950
950
950
950
950
950
950
950
951
951
951
952
952
952
952
952
952
952
952
952
952
952
952
952
952
952
952
952
953
953
953
953
953
953
953
953
953
954
954
954
954
954
954
955
956
957
957
957
957
957
957
957
958
958
958
958
958
958
958
958
958
959
961
961
961
962
964
964
964
964
964
964
964
964
964
964
964
964
964
964
964
965
965
965
965
965
965
965
965
965
965
966
968
968
968
968
968
968
968
968
968
968
968
969
969
969
969
969
970
970
970
971
971
971
971
971
971
971
971
971
971
971
971
971
971
971
971
971
971
971
971
971
971
971
971
971
971
971
971
971
971
972
972
972
972
973
973
973
973
974
974
974
974
974
974
974
975
975
975
975
976
976
976
976
976
976
976
976
976
976
976
976
976
977
978
978
978
978
978
978
978
979
979
980
981
984
984
984
984
984
984
984
985
985
985
985
985
985
985
985
985
985
985
985
985
986
987
989
989
989
989
989
989
989
989
989
989
989
989
989
989
989
989
989
990
992
992
992
992
992
992
992
992
992
992
992
992
992
993
993
993
994
995
995
995
995
995
995
995
995
995
995
995
996
996
996
996
996
996
996
997
997
997
997
997
997
997
997
997
997
997
997
997
997
997
998
999
999
999
1000
1002
1002
1002
1002
1002
1002
1002
1002
1002
1002
1002
1002
1002
1002
1002
1003
1004
1004
1004
1004
1004
1004
1004
1004
1004
1004
1004
1005
1005
1005
1005
1005
1007
1007
1007
1007
1007
1007
1007
1007
1007
1008
1008
1008
1008
1008
1008
1008
1008
1008
1008
1008
1008
1008
1008
1008
1008
1009
1009
1009
1009
1009
1009
1009
1010
1010
1010
1010
1010
1010
1010
1010
1010
1010
1010
1010
1010
1010
1010
1010
1010
1011
1012
1012
1012
1012
1013
1014
1014
1014
1015
1023
1023
1024
1024
1024
1024
1024
1024
1024
1024
1024
1025
1026
1026
1026
1026
1026
1027
1027
1027
1027
1027
1027
1027
1028
1028
1028
1028
1029
1030
1030
1031
1031
1031
1031
1031
1032
1032
1032
1032
1032
1032
1032
1032
1032
1032
1032
1032
1032
1032
1032
1032
1032
1032
1032
1032
1032
1033
1033
1033
1033
1033
1033
1033
1033
1033
1035
1035
1035
1035
1035
1035
1035
1036
1036
1036
1037
1037
1037
1037
1037
1037
1037
1038
1038
1038
1038
1038
1038
1039
1039
1039
1039
1039
1039
1039
1039
1039
1039
1039
1039
1040
1040
1040
1041
1041
1041
1042
1042
1042
1042
1042
1042
1042
1042
1042
1042
1042
1042
1042
1042
1042
1042
1042
1043
1043
1043
1043
1043
1043
1043
1044
1044
1044
1044
1044
1044
1045
1046
1047
1047
1047
1047
1047
1047
1047
1048
1048
1048
1048
1048
1048
1048
1048
1048
1049
1050
1052
1052
1053
1053
1053
1053
1053
1053
1053
1054
1055
1055
1055
1055
1055
1056
1056
1056
1056
1056
1056
1056
1057
1057
1057
1057
1058
1059
1059
1060
1060
1060
1060
1060
1063
1063
1063
1063
1063
1063
1063
1063
1063
1065
1065
1065
1066
1066
1066
1066
1066
1066
1066
1066
1066
1066
1066
1067
1067
1067
1067
1067
1067
1067
1070
1070
1070
1070
1070
1070
1070
1070
1070
1070
1070
1071
1071
1071
1071
1071
1071
1071
1071
1071
1071
1071
1072
1072
1072
1072
1072
1072
1072
1072
1072
1072
1072
1072
1072
1073
1073
1073
1074
1074
1074
1074
1074
1074
1075
1075
1075
1075
1075
1075
1075
1075
1075
1075
1075
1075
1075
1076
1077
1077
1077
1078
1078
1078
1078
1078
1079
1079
1079
1079
1079
1079
1079
1079
1079
1079
1079
1079
1079
1079
1079
1079
1079
1080
1080
1080
1080
1080
1080
1080
1080
1080
1080
1080
1080
1080
1080
1080
1081
1081
1081
1081
1081
1081
1082
1082
1082
1083
1083
1083
1083
1083
1083
1083
1083
1083
1083
1083
1083
1083
1083
1083
1083
1083
1084
1085
1086
1087
1087
1087
1087
1087
1087
1087
1088
1088
1088
1088
1088
1088
1088
1088
1088
1089
1090
1092
1092
1093
1093
1093
1093
1093
1093
1093
1093
1093
1094
1095
1095
1095
1095
1095
1096
1096
1096
1096
1096
1096
1096
1097
1097
1097
1097
1098
1099
1099
1100
1100
1100
1100
1100
1101
1101
1101
1101
1101
1101
1101
1101
1101
1101
1101
1101
1101
1101
1101
1101
1101
1101
1101
1101
1101
1102
1102
1102
1102
1102
1102
1102
1102
1102
1104
1104
1104
1104
1104
1104
1104
1105
1105
1105
1106
1106
1106
1106
1106
1106
1106
1107
1107
1107
1107
1107
1107
1108
1108
1108
1108
1108
1108
1108
1108
1108
1108
1108
1108
1109
1109
1109
1110
1110
1110
1111
1111
1111
1111
1111
1111
1111
1111
1111
1111
1111
1111
1111
1111
1111
1111
1111
1112
1112
1112
1112
1112
1112
1112
1113
1113
1113
1113
1113
1113
1114
1115
1116
1116
1116
1116
1116
1116
1116
1117
1117
1117
1117
1117
1117
1117
1117
1117
1118
1119
1121
1121
1122
1122
1122
1122
1122
1122
1122
1122
1122
1123
1124
1124
1124
1124
1124
1125
1125
1125
1125
1125
1125
1125
1126
1126
1126
1126
1127
1128
1128
1129
1129
1129
1129
1129
1130
1130
1130
1130
1130
1130
1130
1130
1130
1130
1130
1130
1130
1130
1130
1130
1130
1130
1130
1130
1130
1131
1131
1131
1131
1131
1131
1131
1131
1131
1132
1132
1132
1132
1132
1132
1132
1133
1133
1133
1134
1134
1134
1134
1134
1134
1134
1135
1135
1135
1135
1135
1135
1136
1136
1136
1136
1136
1136
1136
1136
1136
1136
1136
1136
1137
1137
1137
1138
1138
1138
1139
1139
1139
1139
1139
1139
1139
1139
1139
1139
1139
1139
1139
1139
1139
1139
1139
1140
1140
1140
1140
1140
1140
1140
1141
1141
1141
1141
1141
1141
1142
1143
1144
1144
1144
1144
1144
1144
1144
1145
1145
1145
1145
1145
1145
1145
1145
1145
1146
1147
1149
1149
1150
1150
1150
1150
1150
1150
1150
1150
1150
1151
1152
1152
1152
1152
1152
1153
1153
1153
1153
1153
1153
1153
1154
1154
1154
1154
1155
1156
1156
1157
1157
1157
1157
1157
1158
1158
1158
1158
1158
1158
1158
1158
1158
1158
1158
1158
1158
1158
1158
1158
1158
1158
1158
1158
1158
1159
1159
1159
1159
1159
1159
1159
1159
1159
1160
1160
1160
1160
1160
1160
1160
1161
1161
1161
1162
1162
1162
1162
1162
1162
1162
1163
1163
1163
1163
1163
1163
1164
1164
1164
1164
1164
1164
1164
1164
1164
1164
1164
1164
1165
1165
1165
1166
1166
1166
1167
1167
1167
1167
1167
1167
1167
1167
1167
1167
1167
1167
1167
1167
1167
1167
1167
1168
1168
1168
1168
1168
1168
1168
1169
1169
1169
1169
1169
1169
1170
1171
1172
1172
1172
1172
1172
1172
1172
1173
1173
1173
1173
1173
1173
1173
1173
1173
1174
1175
1177
1177
1178
1178
1178
1178
1178
1178
1178
1178
1178
1179
1180
1180
1180
1180
1180
1181
1181
1181
1181
1181
1181
1181
1182
1182
1182
1182
1183
1184
1184
1185
1185
1185
1185
1185
1186
1186
1186
1186
1186
1186
1186
1186
1186
1186
1186
1186
1186
1186
1186
1186
1186
1186
1186
1186
1186
1187
1187
1187
1187
1187
1187
1187
1187
1187
1188
1188
1188
1188
1188
1188
1188
1189
1189
1189
1190
1190
1190
1190
1190
1190
1190
1191
1191
1191
1191
1191
1191
1192
1192
1192
1192
1192
1192
1192
1192
1192
1192
1192
1192
1193
1193
1193
1194
1194
1194
1195
1195
1195
1195
1195
1195
1195
1195
1195
1195
1195
1195
1195
1195
1195
1195
1195
1196
1196
1196
1196
1196
1196
1196
1197
1197
1197
1197
1197
1197
1198
1199
1200
1200
1200
1200
1200
1200
1200
1201
1201
1201
1201
1201
1201
1201
1201
1201
1202
1203
1205
1205
1206
1206
1206
1206
1206
1206
1206
1206
1206
1207
1208
1208
1208
1208
1208
1208
1208
1209
1209
1209
1209
1210
1210
1211
1212
1212
1212
1212
1212
1213
1213
1213
1213
1213
1213
1213
1214
1214
1214
1214
1215
1216
1216
1216
1216
1216
1216
1216
1216
1216
1216
1216
1216
1217
1217
1218
1218
1218
1218
1218
1219
1219
1219
1219
1219
1220
1220
1220
1220
1220
1220
1220
1220
1220
1220
1220
1220
1220
1220
1220
1220
1220
1220
1221
1221
1221
1221
1221
1221
1221
1222
1222
1222
1223
1223
1223
1223
1223
1223
1223
1223
1223
1223
1223
1223
1223
1223
1223
1223
1223
1223
1223
1223
1223
1224
1225
1225
1225
1225
1225
1225
1225
1225
1225
1226
1226
1226
1226
1226
1227
1227
1227
1227
1227
1227
1227
1227
1227
1227
1227
1228
1228
1228
1229
1229
1229
1229
1229
1229
1229
1230
1231
1231
1231
1232
1232
1232
1232
1232
1232
1232
1233
1233
1233
1233
1233
1234
1234
1234
1234
1234
1234
1235
1235
1235
1235
1235
1235
1235
1235
1235
1235
1235
1235
1236
1236
1236
1236
1236
1236
1236
1236
1236
1237
1237
1237
1238
1238
1238
1238
1238
1238
1239
1239
1239
1239
1239
1239
1239
1239
1239
1239
1239
1239
1240
1240
1240
1241
1242
1242
1242
1243
1243
1243
1243
1243
1243
1243
1243
1243
1243
1243
1243
1243
1243
1243
1243
1243
1244
1244
1244
1244
1244
1245
1245
1245
1245
1245
1245
1245
1245
1245
1245
1245
1246
1246
1246
1247
1247
1247
1247
1247
1247
1247
1248
1249
1249
1249
1249
1249
1249
1250
1251
1252
1252
1252
1252
1252
1252
1252
1253
1253
1253
1253
1253
1253
1253
1253
1253
1254
1255
1257
1257
1258
1258
1258
1258
1258
1258
1258
1258
1258
1259
1260
1260
1260
1260
1260
1260
1260
1261
1261
1261
1261
1262
1262
1263
1264
1264
1264
1264
1264
1265
1265
1265
1265
1265
1265
1265
1266
1266
1266
1266
1267
1268
1268
1269
1269
1269
1269
1269
1270
1270
1270
1270
1270
1270
1271
1271
1271
1271
1271
1271
1271
1271
1271
1271
1271
1271
1271
1271
1271
1272
1272
1272
1272
1272
1272
1272
1272
1272
1273
1273
1273
1273
1273
1273
1273
1274
1274
1274
1275
1275
1275
1275
1275
1275
1275
1276
1276
1276
1276
1276
1276
1277
1277
1277
1277
1277
1277
1277
1277
1277
1277
1277
1277
1278
1278
1278
1279
1279
1279
1280
1280
1280
1280
1280
1280
1280
1280
1280
1280
1280
1280
1280
1280
1280
1280
1280
1281
1281
1281
1281
1281
1281
1281
1282
1282
1282
1282
1282
1282
1283
1284
1285
1285
1285
1285
1285
1285
1285
1286
1286
1286
1286
1286
1286
1286
1286
1286
1287
1288
1290
1290
1291
1291
1291
1291
1291
1291
1291
1291
1291
1291
1291
1292
1293
1293
1293
1293
1293
1294
1302
1302
1303
1303
1303
1303
1303
1303
1303
1303
1303
1303
1304
1305
1305
1305
1305
1305
1305
1305
1305
1305
1306
1306
1306
1306
1306
1306
1306
1306
1306
1307
1307
1307
1307
1307
1307
1307
1307
1307
1308
1309
1317
1317
1318
1318
1318
1318
1318
1318
1318
1319
1320
1320
1320
1320
1320
1320
1320
1320
1320
1320
1320
1320
1321
1321
1322
1322
1322
1322
1322
1322
1323
1323
1323
1323
1323
1323
1323
1324
1324
1324
1324
1324
1324
1324
1324
1324
1325
1326
1327
1329
1329
1330
1330
1330
1330
1330
1330
1330
1331
1332
1332
1332
1332
1332
1332
1332
1332
1335
1335
1335
1335
1335
1335
1335
1335
1335
1335
1335
1335
1336
1336
1337
1337
1337
1337
1337
1343
1343
1343
1343
1343
1344
1344
1344
1344
1344
1344
1344
1344
1344
1345
1345
1345
1345
1346
1346
1346
1346
1346
1346
1346
1346
1346
1346
1346
1347
1347
1347
1347
1348
1348
1348
1349
1349
1350
1351
1352
1352
1352
1352
1352
1352
1352
1356
1356
1356
1356
1356
1356
1356
1356
1356
1357
1358
1359
1359
1360
1360
1360
1360
1360
1360
1360
1360
1360
1360
1360
1360
1360
1360
1360
1360
1360
1360
1361
1361
1361
1361
1361
1361
1362
1362
1362
1363
1363
1363
1363
1363
1363
1364
1365
1365
1365
1365
1365
1365
1365
1366
1366
1366
1366
1366
1366
1366
1366
1366
1367
1368
1368
1368
1368
1368
1368
1369
1370
1372
1372
1373
1373
1373
1373
1373
1373
1375
1388
1388
1388
1388
1388
1389
1390
1390
1390
1390
1390
1391
1391
1391
1391
1392
1392
1392
1393
1394
1394
1394
1395
1397
1397
1397
1397
1397
1397
1398
1398
1398
1398
1398
1398
1398
1399
1404
1404
1404
1404
1404
1404
1404
1404
1404
1405
1406
1406
1406
1406
1406
1407
1407
1407
1407
1407
1407
1407
1407
1407
1407
1408
1408
1409
1409
1409
1409
1410
1410
1410
1411
1411
1411
1412
1413
1414
