6
6
6
6
6
6
6
6
6
8
8
8
8
8
8
8
8
8
8
8
8
8
8
10
10
10
10
10
10
10
11
11
11
11
11
11
11
11
11
12
12
12
12
12
12
12
12
12
14
14
14
14
14
14
14
14
14
14
14
14
14
15
15
15
15
15
15
15
15
15
15
15
15
15
16
16
16
16
16
16
16
17
17
17
17
17
17
17
19
19
19
19
20
21
21
21
21
21
21
21
21
21
21
21
21
21
21
21
23
23
23
23
24
25
27
27
27
27
27
27
28
29
29
29
29
29
31
31
31
31
31
31
31
33
33
33
33
33
33
34
35
35
35
35
35
35
35
35
35
37
37
37
37
38
39
39
39
39
39
39
39
39
39
40
42
42
42
42
42
42
42
42
42
42
42
42
42
42
43
44
44
44
44
45
46
48
48
48
49
51
51
51
51
51
51
52
53
53
53
53
53
53
53
53
53
54
54
54
54
54
54
54
54
54
56
56
56
56
57
58
58
58
58
58
58
58
58
58
58
58
59
61
61
61
61
61
63
63
63
63
64
65
65
65
66
66
66
66
67
67
69
69
69
70
70
70
70
71
71
73
73
73
74
74
74
74
75
75
77
77
77
78
78
78
78
79
79
81
81
82
82
83
85
85
85
85
85
85
86
87
87
87
87
88
89
89
89
90
90
90
90
91
91
92
92
92
93
93
93
93
94
94
95
95
95
96
96
96
96
97
97
98
99
101
101
101
101
102
103
103
103
103
103
103
103
103
103
104
106
106
106
107
109
109
109
109
109
109
110
111
111
111
111
111
111
111
113
113
113
113
113
113
113
113
113
113
113
113
115
115
115
115
116
117
117
117
117
117
117
117
117
117
118
120
120
120
120
120
120
120
120
120
121
122
122
122
122
122
122
122
122
122
122
122
122
122
122
122
122
122
123
125
125
125
125
125
125
125
125
125
125
125
125
125
125
125
127
127
127
127
127
127
127
127
127
127
127
127
127
127
127
127
127
129
129
129
129
129
129
129
129
129
129
129
129
129
129
129
131
131
131
131
131
131
131
131
131
131
131
131
131
131
131
131
131
133
133
133
133
133
133
133
134
135
135
135
135
135
135
135
136
137
137
137
137
137
137
137
138
139
139
139
139
139
139
139
140
141
141
141
141
141
141
141
141
141
141
141
141
141
141
141
141
141
141
141
141
143
143
143
143
144
145
145
145
145
145
145
145
145
145
146
148
148
148
148
148
148
148
148
148
150
150
150
150
150
150
150
150
150
150
150
150
150
150
151
152
152
152
153
154
155
156
157
159
159
159
159
159
159
159
159
159
159
159
159
159
159
160
161
161
161
161
161
161
161
161
161
161
163
163
163
163
163
163
164
165
165
165
165
165
165
165
165
165
165
165
165
167
167
167
167
167
167
167
168
169
169
169
169
169
169
169
169
169
169
169
169
171
171
171
171
172
173
173
173
173
173
173
173
173
173
174
176
176
176
176
176
176
176
176
176
178
178
178
178
178
178
178
178
178
178
178
178
178
178
179
180
180
180
181
182
183
184
186
186
186
187
188
189
