6
6
6
6
6
6
6
6
6
8
8
8
8
8
8
8
8
8
8
8
8
8
8
9
9
9
9
9
9
9
9
9
9
9
9
9
9
11
11
11
11
11
11
11
11
11
11
11
13
13
13
14
15
15
15
15
16
16
16
16
17
17
17
17
19
19
19
19
19
19
19
19
19
19
19
19
20
21
21
21
21
21
21
22
22
22
22
22
22
23
23
23
23
23
23
24
26
26
26
26
26
27
28
28
28
29
31
31
31
31
31
32
33
33
33
34
36
36
36
36
36
37
38
38
38
39
41
41
42
42
42
42
42
43
44
44
44
44
44
44
44
44
46
46
46
46
46
46
46
46
46
46
46
46
46
46
46
46
46
46
46
48
48
48
48
48
48
48
48
48
48
48
48
48
48
48
48
48
48
48
48
48
48
48
48
48
48
48
48
48
48
48
48
48
50
50
50
50
50
50
50
50
50
50
50
52
52
52
52
52
52
52
53
54
55
